{
  "polygons" : "true",
  "field" : "golden",
  "symmetry" : "icosahedral",
  "orientations" : [ [ 1.0, 0.0, 0.0, 0.0, 0.0, 1.0, 0.0, 0.0, 0.0, 0.0, 1.0, 0.0, 0.0, 0.0, 0.0, 1.0 ], [ 0.0, 0.0, 1.0, 0.0, 1.0, 0.0, 0.0, 0.0, 0.0, 1.0, 0.0, 0.0, 0.0, 0.0, 0.0, 1.0 ], [ 0.0, 1.0, 0.0, 0.0, 0.0, 0.0, 1.0, 0.0, 1.0, 0.0, 0.0, 0.0, 0.0, 0.0, 0.0, 1.0 ], [ 0.809017, 0.309017, 0.5, 0.0, 0.309017, 0.5, -0.809017, 0.0, -0.5, 0.809017, 0.309017, 0.0, 0.0, 0.0, 0.0, 1.0 ], [ -0.5, 0.809017, 0.309017, 0.0, 0.809017, 0.309017, 0.5, 0.0, 0.309017, 0.5, -0.809017, 0.0, 0.0, 0.0, 0.0, 1.0 ], [ 0.309017, 0.5, -0.809017, 0.0, -0.5, 0.809017, 0.309017, 0.0, 0.809017, 0.309017, 0.5, 0.0, 0.0, 0.0, 0.0, 1.0 ], [ 0.5, 0.809017, 0.309017, 0.0, 0.809017, -0.309017, -0.5, 0.0, -0.309017, 0.5, -0.809017, 0.0, 0.0, 0.0, 0.0, 1.0 ], [ -0.309017, 0.5, -0.809017, 0.0, 0.5, 0.809017, 0.309017, 0.0, 0.809017, -0.309017, -0.5, 0.0, 0.0, 0.0, 0.0, 1.0 ], [ 0.809017, -0.309017, -0.5, 0.0, -0.309017, 0.5, -0.809017, 0.0, 0.5, 0.809017, 0.309017, 0.0, 0.0, 0.0, 0.0, 1.0 ], [ 0.5, 0.809017, -0.309017, 0.0, 0.809017, -0.309017, 0.5, 0.0, 0.309017, -0.5, -0.809017, 0.0, 0.0, 0.0, 0.0, 1.0 ], [ 0.309017, -0.5, -0.809017, 0.0, 0.5, 0.809017, -0.309017, 0.0, 0.809017, -0.309017, 0.5, 0.0, 0.0, 0.0, 0.0, 1.0 ], [ 0.809017, -0.309017, 0.5, 0.0, 0.309017, -0.5, -0.809017, 0.0, 0.5, 0.809017, -0.309017, 0.0, 0.0, 0.0, 0.0, 1.0 ], [ 0.809017, 0.309017, -0.5, 0.0, 0.309017, 0.5, 0.809017, 0.0, 0.5, -0.809017, 0.309017, 0.0, 0.0, 0.0, 0.0, 1.0 ], [ 0.5, -0.809017, 0.309017, 0.0, 0.809017, 0.309017, -0.5, 0.0, 0.309017, 0.5, 0.809017, 0.0, 0.0, 0.0, 0.0, 1.0 ], [ 0.309017, 0.5, 0.809017, 0.0, 0.5, -0.809017, 0.309017, 0.0, 0.809017, 0.309017, -0.5, 0.0, 0.0, 0.0, 0.0, 1.0 ], [ 1.0, 0.0, 0.0, 0.0, 0.0, -1.0, 0.0, 0.0, 0.0, 0.0, -1.0, 0.0, 0.0, 0.0, 0.0, 1.0 ], [ 0.0, 0.0, 1.0, 0.0, -1.0, 0.0, 0.0, 0.0, 0.0, -1.0, 0.0, 0.0, 0.0, 0.0, 0.0, 1.0 ], [ 0.0, 1.0, 0.0, 0.0, 0.0, 0.0, -1.0, 0.0, -1.0, 0.0, 0.0, 0.0, 0.0, 0.0, 0.0, 1.0 ], [ 0.809017, 0.309017, 0.5, 0.0, -0.309017, -0.5, 0.809017, 0.0, 0.5, -0.809017, -0.309017, 0.0, 0.0, 0.0, 0.0, 1.0 ], [ -0.5, 0.809017, 0.309017, 0.0, -0.809017, -0.309017, -0.5, 0.0, -0.309017, -0.5, 0.809017, 0.0, 0.0, 0.0, 0.0, 1.0 ], [ 0.309017, 0.5, -0.809017, 0.0, 0.5, -0.809017, -0.309017, 0.0, -0.809017, -0.309017, -0.5, 0.0, 0.0, 0.0, 0.0, 1.0 ], [ 0.5, 0.809017, 0.309017, 0.0, -0.809017, 0.309017, 0.5, 0.0, 0.309017, -0.5, 0.809017, 0.0, 0.0, 0.0, 0.0, 1.0 ], [ -0.309017, 0.5, -0.809017, 0.0, -0.5, -0.809017, -0.309017, 0.0, -0.809017, 0.309017, 0.5, 0.0, 0.0, 0.0, 0.0, 1.0 ], [ 0.809017, -0.309017, -0.5, 0.0, 0.309017, -0.5, 0.809017, 0.0, -0.5, -0.809017, -0.309017, 0.0, 0.0, 0.0, 0.0, 1.0 ], [ 0.5, 0.809017, -0.309017, 0.0, -0.809017, 0.309017, -0.5, 0.0, -0.309017, 0.5, 0.809017, 0.0, 0.0, 0.0, 0.0, 1.0 ], [ 0.309017, -0.5, -0.809017, 0.0, -0.5, -0.809017, 0.309017, 0.0, -0.809017, 0.309017, -0.5, 0.0, 0.0, 0.0, 0.0, 1.0 ], [ 0.809017, -0.309017, 0.5, 0.0, -0.309017, 0.5, 0.809017, 0.0, -0.5, -0.809017, 0.309017, 0.0, 0.0, 0.0, 0.0, 1.0 ], [ 0.809017, 0.309017, -0.5, 0.0, -0.309017, -0.5, -0.809017, 0.0, -0.5, 0.809017, -0.309017, 0.0, 0.0, 0.0, 0.0, 1.0 ], [ 0.5, -0.809017, 0.309017, 0.0, -0.809017, -0.309017, 0.5, 0.0, -0.309017, -0.5, -0.809017, 0.0, 0.0, 0.0, 0.0, 1.0 ], [ 0.309017, 0.5, 0.809017, 0.0, -0.5, 0.809017, -0.309017, 0.0, -0.809017, -0.309017, 0.5, 0.0, 0.0, 0.0, 0.0, 1.0 ], [ -1.0, 0.0, 0.0, 0.0, 0.0, -1.0, 0.0, 0.0, 0.0, 0.0, 1.0, 0.0, 0.0, 0.0, 0.0, 1.0 ], [ 0.0, 0.0, -1.0, 0.0, -1.0, 0.0, 0.0, 0.0, 0.0, 1.0, 0.0, 0.0, 0.0, 0.0, 0.0, 1.0 ], [ 0.0, -1.0, 0.0, 0.0, 0.0, 0.0, -1.0, 0.0, 1.0, 0.0, 0.0, 0.0, 0.0, 0.0, 0.0, 1.0 ], [ -0.809017, -0.309017, -0.5, 0.0, -0.309017, -0.5, 0.809017, 0.0, -0.5, 0.809017, 0.309017, 0.0, 0.0, 0.0, 0.0, 1.0 ], [ 0.5, -0.809017, -0.309017, 0.0, -0.809017, -0.309017, -0.5, 0.0, 0.309017, 0.5, -0.809017, 0.0, 0.0, 0.0, 0.0, 1.0 ], [ -0.309017, -0.5, 0.809017, 0.0, 0.5, -0.809017, -0.309017, 0.0, 0.809017, 0.309017, 0.5, 0.0, 0.0, 0.0, 0.0, 1.0 ], [ -0.5, -0.809017, -0.309017, 0.0, -0.809017, 0.309017, 0.5, 0.0, -0.309017, 0.5, -0.809017, 0.0, 0.0, 0.0, 0.0, 1.0 ], [ 0.309017, -0.5, 0.809017, 0.0, -0.5, -0.809017, -0.309017, 0.0, 0.809017, -0.309017, -0.5, 0.0, 0.0, 0.0, 0.0, 1.0 ], [ -0.809017, 0.309017, 0.5, 0.0, 0.309017, -0.5, 0.809017, 0.0, 0.5, 0.809017, 0.309017, 0.0, 0.0, 0.0, 0.0, 1.0 ], [ -0.5, -0.809017, 0.309017, 0.0, -0.809017, 0.309017, -0.5, 0.0, 0.309017, -0.5, -0.809017, 0.0, 0.0, 0.0, 0.0, 1.0 ], [ -0.309017, 0.5, 0.809017, 0.0, -0.5, -0.809017, 0.309017, 0.0, 0.809017, -0.309017, 0.5, 0.0, 0.0, 0.0, 0.0, 1.0 ], [ -0.809017, 0.309017, -0.5, 0.0, -0.309017, 0.5, 0.809017, 0.0, 0.5, 0.809017, -0.309017, 0.0, 0.0, 0.0, 0.0, 1.0 ], [ -0.809017, -0.309017, 0.5, 0.0, -0.309017, -0.5, -0.809017, 0.0, 0.5, -0.809017, 0.309017, 0.0, 0.0, 0.0, 0.0, 1.0 ], [ -0.5, 0.809017, -0.309017, 0.0, -0.809017, -0.309017, 0.5, 0.0, 0.309017, 0.5, 0.809017, 0.0, 0.0, 0.0, 0.0, 1.0 ], [ -0.309017, -0.5, -0.809017, 0.0, -0.5, 0.809017, -0.309017, 0.0, 0.809017, 0.309017, -0.5, 0.0, 0.0, 0.0, 0.0, 1.0 ], [ -1.0, 0.0, 0.0, 0.0, 0.0, 1.0, 0.0, 0.0, 0.0, 0.0, -1.0, 0.0, 0.0, 0.0, 0.0, 1.0 ], [ 0.0, 0.0, -1.0, 0.0, 1.0, 0.0, 0.0, 0.0, 0.0, -1.0, 0.0, 0.0, 0.0, 0.0, 0.0, 1.0 ], [ 0.0, -1.0, 0.0, 0.0, 0.0, 0.0, 1.0, 0.0, -1.0, 0.0, 0.0, 0.0, 0.0, 0.0, 0.0, 1.0 ], [ -0.809017, -0.309017, -0.5, 0.0, 0.309017, 0.5, -0.809017, 0.0, 0.5, -0.809017, -0.309017, 0.0, 0.0, 0.0, 0.0, 1.0 ], [ 0.5, -0.809017, -0.309017, 0.0, 0.809017, 0.309017, 0.5, 0.0, -0.309017, -0.5, 0.809017, 0.0, 0.0, 0.0, 0.0, 1.0 ], [ -0.309017, -0.5, 0.809017, 0.0, -0.5, 0.809017, 0.309017, 0.0, -0.809017, -0.309017, -0.5, 0.0, 0.0, 0.0, 0.0, 1.0 ], [ -0.5, -0.809017, -0.309017, 0.0, 0.809017, -0.309017, -0.5, 0.0, 0.309017, -0.5, 0.809017, 0.0, 0.0, 0.0, 0.0, 1.0 ], [ 0.309017, -0.5, 0.809017, 0.0, 0.5, 0.809017, 0.309017, 0.0, -0.809017, 0.309017, 0.5, 0.0, 0.0, 0.0, 0.0, 1.0 ], [ -0.809017, 0.309017, 0.5, 0.0, -0.309017, 0.5, -0.809017, 0.0, -0.5, -0.809017, -0.309017, 0.0, 0.0, 0.0, 0.0, 1.0 ], [ -0.5, -0.809017, 0.309017, 0.0, 0.809017, -0.309017, 0.5, 0.0, -0.309017, 0.5, 0.809017, 0.0, 0.0, 0.0, 0.0, 1.0 ], [ -0.309017, 0.5, 0.809017, 0.0, 0.5, 0.809017, -0.309017, 0.0, -0.809017, 0.309017, -0.5, 0.0, 0.0, 0.0, 0.0, 1.0 ], [ -0.809017, 0.309017, -0.5, 0.0, 0.309017, -0.5, -0.809017, 0.0, -0.5, -0.809017, 0.309017, 0.0, 0.0, 0.0, 0.0, 1.0 ], [ -0.809017, -0.309017, 0.5, 0.0, 0.309017, 0.5, 0.809017, 0.0, -0.5, 0.809017, -0.309017, 0.0, 0.0, 0.0, 0.0, 1.0 ], [ -0.5, 0.809017, -0.309017, 0.0, 0.809017, 0.309017, -0.5, 0.0, -0.309017, -0.5, -0.809017, 0.0, 0.0, 0.0, 0.0, 1.0 ], [ -0.309017, -0.5, -0.809017, 0.0, 0.5, -0.809017, 0.309017, 0.0, -0.809017, -0.309017, 0.5, 0.0, 0.0, 0.0, 0.0, 1.0 ] ],
  "lights" : {
    "directionalLights" : [ {
      "direction" : [ 1.0, -1.0, -1.0 ],
      "color" : "#EBEBE4"
    }, {
      "direction" : [ -1.0, 0.0, 0.0 ],
      "color" : "#E4E4EB"
    }, {
      "direction" : [ 0.0, 0.0, -1.0 ],
      "color" : "#1E1E1E"
    } ],
    "backgroundColor" : "#AFC8DC",
    "ambientColor" : "#292929"
  },
  "camera" : {
    "position" : {
      "x" : -9.617452,
      "y" : -32.948383,
      "z" : 103.17205
    },
    "width" : 48.92907,
    "lookAtPointRV" : {
      "x" : 0.0,
      "y" : 0.0,
      "z" : 0.0,
      "zero" : true
    },
    "lookDirectionRV" : {
      "x" : 0.08845157,
      "y" : 0.30302584,
      "z" : -0.9488719,
      "zero" : false
    },
    "fieldOfView" : 0.44262886,
    "viewDistance" : 108.73127,
    "perspective" : true,
    "upDirectionRV" : {
      "x" : 0.10997997,
      "y" : 0.9438109,
      "z" : 0.31166053,
      "zero" : false
    },
    "nearClipDistance" : 0.27182817,
    "lookAtPoint" : {
      "x" : 0.0,
      "y" : 0.0,
      "z" : 0.0
    },
    "lookDirection" : {
      "x" : 0.08845157,
      "y" : 0.30302584,
      "z" : -0.9488719
    },
    "upDirection" : {
      "x" : 0.10997997,
      "y" : 0.9438109,
      "z" : 0.31166053
    },
    "stereo" : false,
    "farClipDistance" : 217.46254
  },
  "embedding" : [ 1.0, 0.0, 0.0, 0.0, 0.0, 1.0, 0.0, 0.0, 0.0, 0.0, 1.0, 0.0, 0.0, 0.0, 0.0, 1.0 ],
  "shapes" : [ {
    "id" : "f12f2fa7-6ceb-4e38-ab32-e7cf606e2088",
    "name" : "ball",
    "vertices" : [ {
      "x" : 0.309017,
      "y" : -0.809017,
      "z" : 0.618034
    }, {
      "x" : 0.809017,
      "y" : -0.618034,
      "z" : 0.309017
    }, {
      "x" : 0.618034,
      "y" : -0.309017,
      "z" : 0.809017
    }, {
      "x" : 1.0,
      "y" : 0.309017,
      "z" : 0.19098301
    }, {
      "x" : 0.809017,
      "y" : 0.618034,
      "z" : 0.309017
    }, {
      "x" : 0.618034,
      "y" : 0.309017,
      "z" : 0.809017
    }, {
      "x" : 0.809017,
      "y" : 0.0,
      "z" : 0.690983
    }, {
      "x" : 0.19098301,
      "y" : -1.0,
      "z" : 0.309017
    }, {
      "x" : -0.19098301,
      "y" : -1.0,
      "z" : 0.309017
    }, {
      "x" : -0.19098301,
      "y" : -1.0,
      "z" : -0.309017
    }, {
      "x" : 0.19098301,
      "y" : -1.0,
      "z" : -0.309017
    }, {
      "x" : 1.0,
      "y" : -0.309017,
      "z" : -0.19098301
    }, {
      "x" : 0.809017,
      "y" : -0.618034,
      "z" : -0.309017
    }, {
      "x" : 0.618034,
      "y" : -0.309017,
      "z" : -0.809017
    }, {
      "x" : 0.809017,
      "y" : 0.0,
      "z" : -0.690983
    }, {
      "x" : 0.0,
      "y" : 0.690983,
      "z" : -0.809017
    }, {
      "x" : 0.309017,
      "y" : 0.809017,
      "z" : -0.618034
    }, {
      "x" : 0.618034,
      "y" : 0.309017,
      "z" : -0.809017
    }, {
      "x" : 0.309017,
      "y" : 0.19098301,
      "z" : -1.0
    }, {
      "x" : 1.0,
      "y" : 0.309017,
      "z" : -0.19098301
    }, {
      "x" : -0.309017,
      "y" : -0.809017,
      "z" : 0.618034
    }, {
      "x" : 0.0,
      "y" : -0.690983,
      "z" : 0.809017
    }, {
      "x" : 0.809017,
      "y" : 0.618034,
      "z" : -0.309017
    }, {
      "x" : 0.690983,
      "y" : 0.809017,
      "z" : 0.0
    }, {
      "x" : -0.690983,
      "y" : 0.809017,
      "z" : 0.0
    }, {
      "x" : -0.809017,
      "y" : 0.618034,
      "z" : 0.309017
    }, {
      "x" : -0.309017,
      "y" : 0.809017,
      "z" : 0.618034
    }, {
      "x" : -0.19098301,
      "y" : 1.0,
      "z" : 0.309017
    }, {
      "x" : 0.309017,
      "y" : -0.19098301,
      "z" : -1.0
    }, {
      "x" : 0.19098301,
      "y" : 1.0,
      "z" : 0.309017
    }, {
      "x" : 0.309017,
      "y" : 0.809017,
      "z" : 0.618034
    }, {
      "x" : -0.809017,
      "y" : -0.618034,
      "z" : 0.309017
    }, {
      "x" : -0.690983,
      "y" : -0.809017,
      "z" : 0.0
    }, {
      "x" : 0.0,
      "y" : 0.690983,
      "z" : 0.809017
    }, {
      "x" : 0.309017,
      "y" : -0.809017,
      "z" : -0.618034
    }, {
      "x" : 0.0,
      "y" : -0.690983,
      "z" : -0.809017
    }, {
      "x" : -1.0,
      "y" : 0.309017,
      "z" : 0.19098301
    }, {
      "x" : -0.809017,
      "y" : 0.0,
      "z" : 0.690983
    }, {
      "x" : -0.618034,
      "y" : 0.309017,
      "z" : 0.809017
    }, {
      "x" : 1.0,
      "y" : -0.309017,
      "z" : 0.19098301
    }, {
      "x" : -0.309017,
      "y" : -0.809017,
      "z" : -0.618034
    }, {
      "x" : -1.0,
      "y" : 0.309017,
      "z" : -0.19098301
    }, {
      "x" : -1.0,
      "y" : -0.309017,
      "z" : -0.19098301
    }, {
      "x" : -1.0,
      "y" : -0.309017,
      "z" : 0.19098301
    }, {
      "x" : 0.19098301,
      "y" : 1.0,
      "z" : -0.309017
    }, {
      "x" : -0.809017,
      "y" : 0.618034,
      "z" : -0.309017
    }, {
      "x" : -0.19098301,
      "y" : 1.0,
      "z" : -0.309017
    }, {
      "x" : -0.309017,
      "y" : 0.809017,
      "z" : -0.618034
    }, {
      "x" : -0.618034,
      "y" : -0.309017,
      "z" : 0.809017
    }, {
      "x" : 0.309017,
      "y" : 0.19098301,
      "z" : 1.0
    }, {
      "x" : -0.309017,
      "y" : 0.19098301,
      "z" : -1.0
    }, {
      "x" : -0.309017,
      "y" : 0.19098301,
      "z" : 1.0
    }, {
      "x" : -0.309017,
      "y" : -0.19098301,
      "z" : 1.0
    }, {
      "x" : 0.309017,
      "y" : -0.19098301,
      "z" : 1.0
    }, {
      "x" : 0.690983,
      "y" : -0.809017,
      "z" : 0.0
    }, {
      "x" : -0.809017,
      "y" : 0.0,
      "z" : -0.690983
    }, {
      "x" : -0.618034,
      "y" : -0.309017,
      "z" : -0.809017
    }, {
      "x" : -0.309017,
      "y" : -0.19098301,
      "z" : -1.0
    }, {
      "x" : -0.618034,
      "y" : 0.309017,
      "z" : -0.809017
    }, {
      "x" : -0.809017,
      "y" : -0.618034,
      "z" : -0.309017
    } ],
    "faces" : [ {
      "vertices" : [ 9, 40, 35, 34, 10 ]
    }, {
      "vertices" : [ 0, 1, 2 ]
    }, {
      "vertices" : [ 33, 51, 49 ]
    }, {
      "vertices" : [ 25, 36, 37, 38 ]
    }, {
      "vertices" : [ 41, 55, 42 ]
    }, {
      "vertices" : [ 9, 32, 59, 40 ]
    }, {
      "vertices" : [ 20, 21, 52, 48 ]
    }, {
      "vertices" : [ 26, 33, 30, 29, 27 ]
    }, {
      "vertices" : [ 3, 4, 5, 6 ]
    }, {
      "vertices" : [ 27, 29, 44, 46 ]
    }, {
      "vertices" : [ 50, 57, 56, 55, 58 ]
    }, {
      "vertices" : [ 26, 38, 51, 33 ]
    }, {
      "vertices" : [ 45, 47, 58 ]
    }, {
      "vertices" : [ 18, 28, 57, 50 ]
    }, {
      "vertices" : [ 40, 59, 56 ]
    }, {
      "vertices" : [ 31, 48, 37, 43 ]
    }, {
      "vertices" : [ 7, 8, 9, 10 ]
    }, {
      "vertices" : [ 36, 41, 42, 43 ]
    }, {
      "vertices" : [ 24, 46, 47, 45 ]
    }, {
      "vertices" : [ 4, 30, 5 ]
    }, {
      "vertices" : [ 15, 47, 46, 44, 16 ]
    }, {
      "vertices" : [ 15, 50, 58, 47 ]
    }, {
      "vertices" : [ 24, 45, 41, 36, 25 ]
    }, {
      "vertices" : [ 11, 14, 19 ]
    }, {
      "vertices" : [ 3, 6, 39 ]
    }, {
      "vertices" : [ 1, 39, 6, 2 ]
    }, {
      "vertices" : [ 8, 32, 9 ]
    }, {
      "vertices" : [ 11, 12, 13, 14 ]
    }, {
      "vertices" : [ 16, 22, 17 ]
    }, {
      "vertices" : [ 0, 21, 20, 8, 7 ]
    }, {
      "vertices" : [ 12, 34, 13 ]
    }, {
      "vertices" : [ 35, 40, 56, 57 ]
    }, {
      "vertices" : [ 0, 7, 54, 1 ]
    }, {
      "vertices" : [ 15, 16, 17, 18 ]
    }, {
      "vertices" : [ 3, 19, 22, 23, 4 ]
    }, {
      "vertices" : [ 7, 10, 54 ]
    }, {
      "vertices" : [ 41, 45, 58, 55 ]
    }, {
      "vertices" : [ 3, 39, 11, 19 ]
    }, {
      "vertices" : [ 14, 17, 22, 19 ]
    }, {
      "vertices" : [ 0, 2, 53, 21 ]
    }, {
      "vertices" : [ 49, 51, 52, 53 ]
    }, {
      "vertices" : [ 31, 43, 42, 59, 32 ]
    }, {
      "vertices" : [ 15, 18, 50 ]
    }, {
      "vertices" : [ 42, 55, 56, 59 ]
    }, {
      "vertices" : [ 4, 23, 29, 30 ]
    }, {
      "vertices" : [ 25, 38, 26 ]
    }, {
      "vertices" : [ 13, 28, 18, 17, 14 ]
    }, {
      "vertices" : [ 8, 20, 31, 32 ]
    }, {
      "vertices" : [ 23, 44, 29 ]
    }, {
      "vertices" : [ 24, 27, 46 ]
    }, {
      "vertices" : [ 37, 48, 52, 51, 38 ]
    }, {
      "vertices" : [ 20, 48, 31 ]
    }, {
      "vertices" : [ 24, 25, 26, 27 ]
    }, {
      "vertices" : [ 16, 44, 23, 22 ]
    }, {
      "vertices" : [ 13, 34, 35, 28 ]
    }, {
      "vertices" : [ 10, 34, 12, 54 ]
    }, {
      "vertices" : [ 2, 6, 5, 49, 53 ]
    }, {
      "vertices" : [ 36, 43, 37 ]
    }, {
      "vertices" : [ 5, 30, 33, 49 ]
    }, {
      "vertices" : [ 1, 54, 12, 11, 39 ]
    }, {
      "vertices" : [ 28, 35, 57 ]
    }, {
      "vertices" : [ 21, 53, 52 ]
    } ]
  }, {
    "id" : "c470db33-c3ed-439a-8bb6-658dda0b2d28",
    "orbit" : "green",
    "orbitC" : "[[2,-1,1],[5,-3,1]]",
    "length" : "[0,1,2]",
    "name" : " :1/2*phi",
    "vertices" : [ {
      "x" : 7.2586102,
      "y" : 2.5815594,
      "z" : -1.177051
    }, {
      "x" : 8.281153,
      "y" : 2.618034,
      "z" : -1.309017
    }, {
      "x" : 7.2586102,
      "y" : 2.5815594,
      "z" : -0.79508495
    }, {
      "x" : 7.0676274,
      "y" : 2.8905764,
      "z" : -1.295085
    }, {
      "x" : 7.0676274,
      "y" : 2.8905764,
      "z" : -0.91311896
    }, {
      "x" : 0.809017,
      "y" : 0.618034,
      "z" : 0.309017
    }, {
      "x" : 1.0,
      "y" : 0.309017,
      "z" : 0.19098301
    }, {
      "x" : 1.9045085,
      "y" : 0.5364745,
      "z" : -0.013932022
    }, {
      "x" : 7.972136,
      "y" : 3.118034,
      "z" : -1.5
    }, {
      "x" : 8.163119,
      "y" : 2.809017,
      "z" : -1.618034
    }, {
      "x" : 8.163119,
      "y" : 2.809017,
      "z" : -1.0
    }, {
      "x" : 7.972136,
      "y" : 3.118034,
      "z" : -1.118034
    }, {
      "x" : 1.7135255,
      "y" : 0.8454915,
      "z" : -0.13196601
    }, {
      "x" : 0.690983,
      "y" : 0.809017,
      "z" : 0.0
    }, {
      "x" : 1.9045085,
      "y" : 0.5364745,
      "z" : -0.39589804
    }, {
      "x" : 1.7135255,
      "y" : 0.8454915,
      "z" : -0.51393205
    }, {
      "x" : 0.809017,
      "y" : 0.618034,
      "z" : -0.309017
    }, {
      "x" : 1.0,
      "y" : 0.309017,
      "z" : -0.19098301
    }, {
      "x" : 8.972136,
      "y" : 3.427051,
      "z" : -1.309017
    } ],
    "faces" : [ {
      "vertices" : [ 0, 14, 15, 3 ]
    }, {
      "vertices" : [ 3, 15, 12, 4 ]
    }, {
      "vertices" : [ 0, 1, 2 ]
    }, {
      "vertices" : [ 12, 15, 13 ]
    }, {
      "vertices" : [ 0, 9, 1 ]
    }, {
      "vertices" : [ 0, 3, 9 ]
    }, {
      "vertices" : [ 13, 15, 16 ]
    }, {
      "vertices" : [ 6, 17, 14, 7 ]
    }, {
      "vertices" : [ 1, 10, 2 ]
    }, {
      "vertices" : [ 5, 6, 7 ]
    }, {
      "vertices" : [ 3, 8, 9 ]
    }, {
      "vertices" : [ 0, 2, 7, 14 ]
    }, {
      "vertices" : [ 5, 7, 12 ]
    }, {
      "vertices" : [ 2, 4, 12, 7 ]
    }, {
      "vertices" : [ 3, 4, 11, 8 ]
    }, {
      "vertices" : [ 2, 10, 11, 4 ]
    }, {
      "vertices" : [ 5, 12, 13 ]
    }, {
      "vertices" : [ 14, 17, 16, 15 ]
    } ]
  }, {
    "id" : "b571a5bc-92fc-4b7f-9e96-c5ad09f3158a",
    "orbit" : "blue",
    "orbitC" : "[[0,0,1],[0,0,1]]",
    "length" : "[0,1,2]",
    "name" : " :1/2*phi",
    "vertices" : [ {
      "x" : 5.854102,
      "y" : 0.309017,
      "z" : 0.19098301
    }, {
      "x" : 5.854102,
      "y" : 0.309017,
      "z" : -0.19098301
    }, {
      "x" : 1.0,
      "y" : 0.309017,
      "z" : -0.19098301
    }, {
      "x" : 1.0,
      "y" : 0.309017,
      "z" : 0.19098301
    }, {
      "x" : 5.854102,
      "y" : -0.309017,
      "z" : 0.19098301
    }, {
      "x" : 1.0,
      "y" : -0.309017,
      "z" : 0.19098301
    }, {
      "x" : 1.0,
      "y" : -0.309017,
      "z" : -0.19098301
    }, {
      "x" : 5.854102,
      "y" : -0.309017,
      "z" : -0.19098301
    }, {
      "x" : 6.854102,
      "y" : 0.0,
      "z" : 0.0
    } ],
    "faces" : [ {
      "vertices" : [ 1, 7, 6, 2 ]
    }, {
      "vertices" : [ 0, 1, 2, 3 ]
    }, {
      "vertices" : [ 4, 5, 6, 7 ]
    }, {
      "vertices" : [ 0, 3, 5, 4 ]
    } ]
  } ],
  "instances" : [ {
    "shape" : "f12f2fa7-6ceb-4e38-ab32-e7cf606e2088",
    "color" : "#FFFFFF",
    "position" : {
      "x" : 0.0,
      "y" : 2.118034,
      "z" : 5.545085
    }
  }, {
    "shape" : "c470db33-c3ed-439a-8bb6-658dda0b2d28",
    "color" : "#000000",
    "position" : {
      "x" : -3.427051,
      "y" : -3.427051,
      "z" : 3.427051
    },
    "orientation" : 23
  }, {
    "shape" : "f12f2fa7-6ceb-4e38-ab32-e7cf606e2088",
    "color" : "#808080",
    "position" : {
      "x" : 0.0,
      "y" : 2.118034,
      "z" : -5.545085
    }
  }, {
    "shape" : "f12f2fa7-6ceb-4e38-ab32-e7cf606e2088",
    "color" : "#808080",
    "position" : {
      "x" : 5.545085,
      "y" : 0.0,
      "z" : 2.118034
    }
  }, {
    "shape" : "f12f2fa7-6ceb-4e38-ab32-e7cf606e2088",
    "color" : "#00FFFF",
    "position" : {
      "x" : -8.972136,
      "y" : -5.545085,
      "z" : 0.0
    }
  }, {
    "shape" : "f12f2fa7-6ceb-4e38-ab32-e7cf606e2088",
    "color" : "#FF0000",
    "position" : {
      "x" : -3.427051,
      "y" : -3.427051,
      "z" : -3.427051
    }
  }, {
    "shape" : "f12f2fa7-6ceb-4e38-ab32-e7cf606e2088",
    "color" : "#00FFFF",
    "position" : {
      "x" : 5.545085,
      "y" : 0.0,
      "z" : -8.972136
    }
  }, {
    "shape" : "f12f2fa7-6ceb-4e38-ab32-e7cf606e2088",
    "color" : "#00FFFF",
    "position" : {
      "x" : 0.0,
      "y" : 8.972136,
      "z" : -5.545085
    }
  }, {
    "shape" : "b571a5bc-92fc-4b7f-9e96-c5ad09f3158a",
    "color" : "#00FFFF",
    "position" : {
      "x" : -2.118034,
      "y" : 5.545085,
      "z" : 0.0
    },
    "orientation" : 52
  }, {
    "shape" : "b571a5bc-92fc-4b7f-9e96-c5ad09f3158a",
    "color" : "#00FFFF",
    "position" : {
      "x" : 3.427051,
      "y" : -3.427051,
      "z" : -3.427051
    },
    "orientation" : 8
  }, {
    "shape" : "f12f2fa7-6ceb-4e38-ab32-e7cf606e2088",
    "color" : "#FFFF00",
    "position" : {
      "x" : 2.118034,
      "y" : 5.545085,
      "z" : 0.0
    }
  }, {
    "shape" : "f12f2fa7-6ceb-4e38-ab32-e7cf606e2088",
    "color" : "#000000",
    "position" : {
      "x" : 3.427051,
      "y" : -3.427051,
      "z" : -3.427051
    }
  }, {
    "shape" : "f12f2fa7-6ceb-4e38-ab32-e7cf606e2088",
    "color" : "#00FFFF",
    "position" : {
      "x" : 5.545085,
      "y" : 0.0,
      "z" : 8.972136
    }
  }, {
    "shape" : "f12f2fa7-6ceb-4e38-ab32-e7cf606e2088",
    "color" : "#808080",
    "position" : {
      "x" : -3.427051,
      "y" : 3.427051,
      "z" : 3.427051
    }
  }, {
    "shape" : "c470db33-c3ed-439a-8bb6-658dda0b2d28",
    "color" : "#808080",
    "position" : {
      "x" : 0.0,
      "y" : 2.118034,
      "z" : -5.545085
    },
    "orientation" : 40
  }, {
    "shape" : "c470db33-c3ed-439a-8bb6-658dda0b2d28",
    "color" : "#FFFF00",
    "position" : {
      "x" : 3.427051,
      "y" : -3.427051,
      "z" : 3.427051
    },
    "orientation" : 57
  }, {
    "shape" : "b571a5bc-92fc-4b7f-9e96-c5ad09f3158a",
    "color" : "#00FFFF",
    "position" : {
      "x" : -3.427051,
      "y" : 3.427051,
      "z" : 3.427051
    },
    "orientation" : 56
  }, {
    "shape" : "b571a5bc-92fc-4b7f-9e96-c5ad09f3158a",
    "color" : "#00FFFF",
    "position" : {
      "x" : 0.0,
      "y" : -2.118034,
      "z" : -5.545085
    },
    "orientation" : 23
  }, {
    "shape" : "b571a5bc-92fc-4b7f-9e96-c5ad09f3158a",
    "color" : "#00FFFF",
    "position" : {
      "x" : -2.118034,
      "y" : -5.545085,
      "z" : 0.0
    },
    "orientation" : 45
  }, {
    "shape" : "c470db33-c3ed-439a-8bb6-658dda0b2d28",
    "color" : "#808080",
    "position" : {
      "x" : -2.118034,
      "y" : -5.545085,
      "z" : 0.0
    },
    "orientation" : 1
  }, {
    "shape" : "b571a5bc-92fc-4b7f-9e96-c5ad09f3158a",
    "color" : "#00FFFF",
    "position" : {
      "x" : -2.118034,
      "y" : 5.545085,
      "z" : 0.0
    },
    "orientation" : 45
  }, {
    "shape" : "b571a5bc-92fc-4b7f-9e96-c5ad09f3158a",
    "color" : "#00FFFF",
    "position" : {
      "x" : -3.427051,
      "y" : -3.427051,
      "z" : -3.427051
    },
    "orientation" : 55
  }, {
    "shape" : "b571a5bc-92fc-4b7f-9e96-c5ad09f3158a",
    "color" : "#00FFFF",
    "position" : {
      "x" : 3.427051,
      "y" : -3.427051,
      "z" : -3.427051
    },
    "orientation" : 52
  }, {
    "shape" : "c470db33-c3ed-439a-8bb6-658dda0b2d28",
    "color" : "#000000",
    "position" : {
      "x" : -3.427051,
      "y" : 3.427051,
      "z" : -3.427051
    },
    "orientation" : 21
  }, {
    "shape" : "f12f2fa7-6ceb-4e38-ab32-e7cf606e2088",
    "color" : "#000000",
    "position" : {
      "x" : 3.427051,
      "y" : 3.427051,
      "z" : 3.427051
    }
  }, {
    "shape" : "c470db33-c3ed-439a-8bb6-658dda0b2d28",
    "color" : "#FFFFFF",
    "position" : {
      "x" : -5.545085,
      "y" : 0.0,
      "z" : -2.118034
    },
    "orientation" : 0
  }, {
    "shape" : "f12f2fa7-6ceb-4e38-ab32-e7cf606e2088",
    "color" : "#00FFFF",
    "position" : {
      "x" : -5.545085,
      "y" : 0.0,
      "z" : 8.972136
    }
  }, {
    "shape" : "f12f2fa7-6ceb-4e38-ab32-e7cf606e2088",
    "color" : "#FFFF00",
    "position" : {
      "x" : -5.545085,
      "y" : 0.0,
      "z" : 2.118034
    }
  }, {
    "shape" : "c470db33-c3ed-439a-8bb6-658dda0b2d28",
    "color" : "#FFFF00",
    "position" : {
      "x" : 3.427051,
      "y" : -3.427051,
      "z" : 3.427051
    },
    "orientation" : 59
  }, {
    "shape" : "b571a5bc-92fc-4b7f-9e96-c5ad09f3158a",
    "color" : "#00FFFF",
    "position" : {
      "x" : 3.427051,
      "y" : 3.427051,
      "z" : 3.427051
    },
    "orientation" : 23
  }, {
    "shape" : "c470db33-c3ed-439a-8bb6-658dda0b2d28",
    "color" : "#FF0000",
    "position" : {
      "x" : -2.118034,
      "y" : 5.545085,
      "z" : 0.0
    },
    "orientation" : 24
  }, {
    "shape" : "c470db33-c3ed-439a-8bb6-658dda0b2d28",
    "color" : "#FF0000",
    "position" : {
      "x" : 0.0,
      "y" : -2.118034,
      "z" : 5.545085
    },
    "orientation" : 47
  }, {
    "shape" : "c470db33-c3ed-439a-8bb6-658dda0b2d28",
    "color" : "#FF0000",
    "position" : {
      "x" : 5.545085,
      "y" : 0.0,
      "z" : -2.118034
    },
    "orientation" : 30
  }, {
    "shape" : "c470db33-c3ed-439a-8bb6-658dda0b2d28",
    "color" : "#FFFFFF",
    "position" : {
      "x" : 2.118034,
      "y" : -5.545085,
      "z" : 0.0
    },
    "orientation" : 4
  }, {
    "shape" : "f12f2fa7-6ceb-4e38-ab32-e7cf606e2088",
    "color" : "#000000",
    "position" : {
      "x" : -3.427051,
      "y" : -3.427051,
      "z" : 3.427051
    }
  }, {
    "shape" : "b571a5bc-92fc-4b7f-9e96-c5ad09f3158a",
    "color" : "#00FFFF",
    "position" : {
      "x" : 0.0,
      "y" : 2.118034,
      "z" : 5.545085
    },
    "orientation" : 41
  }, {
    "shape" : "c470db33-c3ed-439a-8bb6-658dda0b2d28",
    "color" : "#000000",
    "position" : {
      "x" : 3.427051,
      "y" : 3.427051,
      "z" : 3.427051
    },
    "orientation" : 53
  }, {
    "shape" : "b571a5bc-92fc-4b7f-9e96-c5ad09f3158a",
    "color" : "#00FFFF",
    "position" : {
      "x" : 0.0,
      "y" : -2.118034,
      "z" : -5.545085
    },
    "orientation" : 56
  }, {
    "shape" : "f12f2fa7-6ceb-4e38-ab32-e7cf606e2088",
    "color" : "#FF0000",
    "position" : {
      "x" : 0.0,
      "y" : -2.118034,
      "z" : 5.545085
    }
  }, {
    "shape" : "c470db33-c3ed-439a-8bb6-658dda0b2d28",
    "color" : "#808080",
    "position" : {
      "x" : 0.0,
      "y" : 2.118034,
      "z" : -5.545085
    },
    "orientation" : 5
  }, {
    "shape" : "c470db33-c3ed-439a-8bb6-658dda0b2d28",
    "color" : "#FFFFFF",
    "position" : {
      "x" : -5.545085,
      "y" : 0.0,
      "z" : -2.118034
    },
    "orientation" : 18
  }, {
    "shape" : "c470db33-c3ed-439a-8bb6-658dda0b2d28",
    "color" : "#FF0000",
    "position" : {
      "x" : -3.427051,
      "y" : -3.427051,
      "z" : -3.427051
    },
    "orientation" : 13
  }, {
    "shape" : "f12f2fa7-6ceb-4e38-ab32-e7cf606e2088",
    "color" : "#00FFFF",
    "position" : {
      "x" : 0.0,
      "y" : -8.972136,
      "z" : 5.545085
    }
  }, {
    "shape" : "b571a5bc-92fc-4b7f-9e96-c5ad09f3158a",
    "color" : "#00FFFF",
    "position" : {
      "x" : -3.427051,
      "y" : 3.427051,
      "z" : 3.427051
    },
    "orientation" : 40
  }, {
    "shape" : "c470db33-c3ed-439a-8bb6-658dda0b2d28",
    "color" : "#FFFFFF",
    "position" : {
      "x" : 0.0,
      "y" : 2.118034,
      "z" : 5.545085
    },
    "orientation" : 17
  }, {
    "shape" : "b571a5bc-92fc-4b7f-9e96-c5ad09f3158a",
    "color" : "#00FFFF",
    "position" : {
      "x" : -3.427051,
      "y" : -3.427051,
      "z" : -3.427051
    },
    "orientation" : 41
  }, {
    "shape" : "f12f2fa7-6ceb-4e38-ab32-e7cf606e2088",
    "color" : "#FFFFFF",
    "position" : {
      "x" : -5.545085,
      "y" : 0.0,
      "z" : -2.118034
    }
  }, {
    "shape" : "c470db33-c3ed-439a-8bb6-658dda0b2d28",
    "color" : "#FFFF00",
    "position" : {
      "x" : 2.118034,
      "y" : 5.545085,
      "z" : 0.0
    },
    "orientation" : 39
  }, {
    "shape" : "f12f2fa7-6ceb-4e38-ab32-e7cf606e2088",
    "color" : "#FF0000",
    "position" : {
      "x" : 5.545085,
      "y" : 0.0,
      "z" : -2.118034
    }
  }, {
    "shape" : "f12f2fa7-6ceb-4e38-ab32-e7cf606e2088",
    "color" : "#FFFF00",
    "position" : {
      "x" : 0.0,
      "y" : -2.118034,
      "z" : -5.545085
    }
  }, {
    "shape" : "c470db33-c3ed-439a-8bb6-658dda0b2d28",
    "color" : "#000000",
    "position" : {
      "x" : 3.427051,
      "y" : -3.427051,
      "z" : -3.427051
    },
    "orientation" : 7
  }, {
    "shape" : "c470db33-c3ed-439a-8bb6-658dda0b2d28",
    "color" : "#808080",
    "position" : {
      "x" : -3.427051,
      "y" : 3.427051,
      "z" : 3.427051
    },
    "orientation" : 27
  }, {
    "shape" : "f12f2fa7-6ceb-4e38-ab32-e7cf606e2088",
    "color" : "#808080",
    "position" : {
      "x" : -2.118034,
      "y" : -5.545085,
      "z" : 0.0
    }
  }, {
    "shape" : "f12f2fa7-6ceb-4e38-ab32-e7cf606e2088",
    "color" : "#000000",
    "position" : {
      "x" : -3.427051,
      "y" : 3.427051,
      "z" : -3.427051
    }
  }, {
    "shape" : "c470db33-c3ed-439a-8bb6-658dda0b2d28",
    "color" : "#FFFF00",
    "position" : {
      "x" : 2.118034,
      "y" : 5.545085,
      "z" : 0.0
    },
    "orientation" : 31
  }, {
    "shape" : "b571a5bc-92fc-4b7f-9e96-c5ad09f3158a",
    "color" : "#00FFFF",
    "position" : {
      "x" : -2.118034,
      "y" : -5.545085,
      "z" : 0.0
    },
    "orientation" : 37
  }, {
    "shape" : "f12f2fa7-6ceb-4e38-ab32-e7cf606e2088",
    "color" : "#00FFFF",
    "position" : {
      "x" : -5.545085,
      "y" : 0.0,
      "z" : -8.972136
    }
  }, {
    "shape" : "c470db33-c3ed-439a-8bb6-658dda0b2d28",
    "color" : "#FFFF00",
    "position" : {
      "x" : 0.0,
      "y" : -2.118034,
      "z" : -5.545085
    },
    "orientation" : 10
  }, {
    "shape" : "b571a5bc-92fc-4b7f-9e96-c5ad09f3158a",
    "color" : "#00FFFF",
    "position" : {
      "x" : 2.118034,
      "y" : -5.545085,
      "z" : 0.0
    },
    "orientation" : 0
  }, {
    "shape" : "f12f2fa7-6ceb-4e38-ab32-e7cf606e2088",
    "color" : "#FFFF00",
    "position" : {
      "x" : 3.427051,
      "y" : -3.427051,
      "z" : 3.427051
    }
  }, {
    "shape" : "f12f2fa7-6ceb-4e38-ab32-e7cf606e2088",
    "color" : "#00FFFF",
    "position" : {
      "x" : 8.972136,
      "y" : 5.545085,
      "z" : 0.0
    }
  }, {
    "shape" : "c470db33-c3ed-439a-8bb6-658dda0b2d28",
    "color" : "#808080",
    "position" : {
      "x" : 5.545085,
      "y" : 0.0,
      "z" : 2.118034
    },
    "orientation" : 33
  }, {
    "shape" : "f12f2fa7-6ceb-4e38-ab32-e7cf606e2088",
    "color" : "#00FFFF",
    "position" : {
      "x" : -8.972136,
      "y" : 5.545085,
      "z" : 0.0
    }
  }, {
    "shape" : "b571a5bc-92fc-4b7f-9e96-c5ad09f3158a",
    "color" : "#00FFFF",
    "position" : {
      "x" : 3.427051,
      "y" : 3.427051,
      "z" : 3.427051
    },
    "orientation" : 37
  }, {
    "shape" : "f12f2fa7-6ceb-4e38-ab32-e7cf606e2088",
    "color" : "#FF0000",
    "position" : {
      "x" : -2.118034,
      "y" : 5.545085,
      "z" : 0.0
    }
  }, {
    "shape" : "f12f2fa7-6ceb-4e38-ab32-e7cf606e2088",
    "color" : "#00FFFF",
    "position" : {
      "x" : 8.972136,
      "y" : -5.545085,
      "z" : 0.0
    }
  }, {
    "shape" : "c470db33-c3ed-439a-8bb6-658dda0b2d28",
    "color" : "#FFFFFF",
    "position" : {
      "x" : 3.427051,
      "y" : 3.427051,
      "z" : -3.427051
    },
    "orientation" : 43
  }, {
    "shape" : "c470db33-c3ed-439a-8bb6-658dda0b2d28",
    "color" : "#FFFF00",
    "position" : {
      "x" : -5.545085,
      "y" : 0.0,
      "z" : 2.118034
    },
    "orientation" : 26
  }, {
    "shape" : "c470db33-c3ed-439a-8bb6-658dda0b2d28",
    "color" : "#FF0000",
    "position" : {
      "x" : 5.545085,
      "y" : 0.0,
      "z" : -2.118034
    },
    "orientation" : 41
  }, {
    "shape" : "c470db33-c3ed-439a-8bb6-658dda0b2d28",
    "color" : "#000000",
    "position" : {
      "x" : 3.427051,
      "y" : 3.427051,
      "z" : 3.427051
    },
    "orientation" : 36
  }, {
    "shape" : "b571a5bc-92fc-4b7f-9e96-c5ad09f3158a",
    "color" : "#00FFFF",
    "position" : {
      "x" : 0.0,
      "y" : 2.118034,
      "z" : 5.545085
    },
    "orientation" : 8
  }, {
    "shape" : "b571a5bc-92fc-4b7f-9e96-c5ad09f3158a",
    "color" : "#00FFFF",
    "position" : {
      "x" : 2.118034,
      "y" : 5.545085,
      "z" : 0.0
    },
    "orientation" : 0
  }, {
    "shape" : "b571a5bc-92fc-4b7f-9e96-c5ad09f3158a",
    "color" : "#00FFFF",
    "position" : {
      "x" : 2.118034,
      "y" : 5.545085,
      "z" : 0.0
    },
    "orientation" : 55
  }, {
    "shape" : "c470db33-c3ed-439a-8bb6-658dda0b2d28",
    "color" : "#FF0000",
    "position" : {
      "x" : -2.118034,
      "y" : 5.545085,
      "z" : 0.0
    },
    "orientation" : 34
  }, {
    "shape" : "c470db33-c3ed-439a-8bb6-658dda0b2d28",
    "color" : "#FFFFFF",
    "position" : {
      "x" : 0.0,
      "y" : 2.118034,
      "z" : 5.545085
    },
    "orientation" : 50
  }, {
    "shape" : "c470db33-c3ed-439a-8bb6-658dda0b2d28",
    "color" : "#808080",
    "position" : {
      "x" : -3.427051,
      "y" : 3.427051,
      "z" : 3.427051
    },
    "orientation" : 29
  }, {
    "shape" : "f12f2fa7-6ceb-4e38-ab32-e7cf606e2088",
    "color" : "#FFFFFF",
    "position" : {
      "x" : 2.118034,
      "y" : -5.545085,
      "z" : 0.0
    }
  }, {
    "shape" : "b571a5bc-92fc-4b7f-9e96-c5ad09f3158a",
    "color" : "#00FFFF",
    "position" : {
      "x" : 2.118034,
      "y" : -5.545085,
      "z" : 0.0
    },
    "orientation" : 40
  }, {
    "shape" : "c470db33-c3ed-439a-8bb6-658dda0b2d28",
    "color" : "#000000",
    "position" : {
      "x" : -3.427051,
      "y" : -3.427051,
      "z" : 3.427051
    },
    "orientation" : 52
  }, {
    "shape" : "f12f2fa7-6ceb-4e38-ab32-e7cf606e2088",
    "color" : "#FFFFFF",
    "position" : {
      "x" : 3.427051,
      "y" : 3.427051,
      "z" : -3.427051
    }
  } ],
  "scenes" : [ ],
  "snapshots" : [ ]
}