{
  "polygons" : "true",
  "field" : "golden",
  "symmetry" : "icosahedral",
  "orientations" : [ [ 1.0, 0.0, 0.0, 0.0, 0.0, 1.0, 0.0, 0.0, 0.0, 0.0, 1.0, 0.0, 0.0, 0.0, 0.0, 1.0 ], [ 0.0, 0.0, 1.0, 0.0, 1.0, 0.0, 0.0, 0.0, 0.0, 1.0, 0.0, 0.0, 0.0, 0.0, 0.0, 1.0 ], [ 0.0, 1.0, 0.0, 0.0, 0.0, 0.0, 1.0, 0.0, 1.0, 0.0, 0.0, 0.0, 0.0, 0.0, 0.0, 1.0 ], [ 0.809017, 0.309017, 0.5, 0.0, 0.309017, 0.5, -0.809017, 0.0, -0.5, 0.809017, 0.309017, 0.0, 0.0, 0.0, 0.0, 1.0 ], [ -0.5, 0.809017, 0.309017, 0.0, 0.809017, 0.309017, 0.5, 0.0, 0.309017, 0.5, -0.809017, 0.0, 0.0, 0.0, 0.0, 1.0 ], [ 0.309017, 0.5, -0.809017, 0.0, -0.5, 0.809017, 0.309017, 0.0, 0.809017, 0.309017, 0.5, 0.0, 0.0, 0.0, 0.0, 1.0 ], [ 0.5, 0.809017, 0.309017, 0.0, 0.809017, -0.309017, -0.5, 0.0, -0.309017, 0.5, -0.809017, 0.0, 0.0, 0.0, 0.0, 1.0 ], [ -0.309017, 0.5, -0.809017, 0.0, 0.5, 0.809017, 0.309017, 0.0, 0.809017, -0.309017, -0.5, 0.0, 0.0, 0.0, 0.0, 1.0 ], [ 0.809017, -0.309017, -0.5, 0.0, -0.309017, 0.5, -0.809017, 0.0, 0.5, 0.809017, 0.309017, 0.0, 0.0, 0.0, 0.0, 1.0 ], [ 0.5, 0.809017, -0.309017, 0.0, 0.809017, -0.309017, 0.5, 0.0, 0.309017, -0.5, -0.809017, 0.0, 0.0, 0.0, 0.0, 1.0 ], [ 0.309017, -0.5, -0.809017, 0.0, 0.5, 0.809017, -0.309017, 0.0, 0.809017, -0.309017, 0.5, 0.0, 0.0, 0.0, 0.0, 1.0 ], [ 0.809017, -0.309017, 0.5, 0.0, 0.309017, -0.5, -0.809017, 0.0, 0.5, 0.809017, -0.309017, 0.0, 0.0, 0.0, 0.0, 1.0 ], [ 0.809017, 0.309017, -0.5, 0.0, 0.309017, 0.5, 0.809017, 0.0, 0.5, -0.809017, 0.309017, 0.0, 0.0, 0.0, 0.0, 1.0 ], [ 0.5, -0.809017, 0.309017, 0.0, 0.809017, 0.309017, -0.5, 0.0, 0.309017, 0.5, 0.809017, 0.0, 0.0, 0.0, 0.0, 1.0 ], [ 0.309017, 0.5, 0.809017, 0.0, 0.5, -0.809017, 0.309017, 0.0, 0.809017, 0.309017, -0.5, 0.0, 0.0, 0.0, 0.0, 1.0 ], [ 1.0, 0.0, 0.0, 0.0, 0.0, -1.0, 0.0, 0.0, 0.0, 0.0, -1.0, 0.0, 0.0, 0.0, 0.0, 1.0 ], [ 0.0, 0.0, 1.0, 0.0, -1.0, 0.0, 0.0, 0.0, 0.0, -1.0, 0.0, 0.0, 0.0, 0.0, 0.0, 1.0 ], [ 0.0, 1.0, 0.0, 0.0, 0.0, 0.0, -1.0, 0.0, -1.0, 0.0, 0.0, 0.0, 0.0, 0.0, 0.0, 1.0 ], [ 0.809017, 0.309017, 0.5, 0.0, -0.309017, -0.5, 0.809017, 0.0, 0.5, -0.809017, -0.309017, 0.0, 0.0, 0.0, 0.0, 1.0 ], [ -0.5, 0.809017, 0.309017, 0.0, -0.809017, -0.309017, -0.5, 0.0, -0.309017, -0.5, 0.809017, 0.0, 0.0, 0.0, 0.0, 1.0 ], [ 0.309017, 0.5, -0.809017, 0.0, 0.5, -0.809017, -0.309017, 0.0, -0.809017, -0.309017, -0.5, 0.0, 0.0, 0.0, 0.0, 1.0 ], [ 0.5, 0.809017, 0.309017, 0.0, -0.809017, 0.309017, 0.5, 0.0, 0.309017, -0.5, 0.809017, 0.0, 0.0, 0.0, 0.0, 1.0 ], [ -0.309017, 0.5, -0.809017, 0.0, -0.5, -0.809017, -0.309017, 0.0, -0.809017, 0.309017, 0.5, 0.0, 0.0, 0.0, 0.0, 1.0 ], [ 0.809017, -0.309017, -0.5, 0.0, 0.309017, -0.5, 0.809017, 0.0, -0.5, -0.809017, -0.309017, 0.0, 0.0, 0.0, 0.0, 1.0 ], [ 0.5, 0.809017, -0.309017, 0.0, -0.809017, 0.309017, -0.5, 0.0, -0.309017, 0.5, 0.809017, 0.0, 0.0, 0.0, 0.0, 1.0 ], [ 0.309017, -0.5, -0.809017, 0.0, -0.5, -0.809017, 0.309017, 0.0, -0.809017, 0.309017, -0.5, 0.0, 0.0, 0.0, 0.0, 1.0 ], [ 0.809017, -0.309017, 0.5, 0.0, -0.309017, 0.5, 0.809017, 0.0, -0.5, -0.809017, 0.309017, 0.0, 0.0, 0.0, 0.0, 1.0 ], [ 0.809017, 0.309017, -0.5, 0.0, -0.309017, -0.5, -0.809017, 0.0, -0.5, 0.809017, -0.309017, 0.0, 0.0, 0.0, 0.0, 1.0 ], [ 0.5, -0.809017, 0.309017, 0.0, -0.809017, -0.309017, 0.5, 0.0, -0.309017, -0.5, -0.809017, 0.0, 0.0, 0.0, 0.0, 1.0 ], [ 0.309017, 0.5, 0.809017, 0.0, -0.5, 0.809017, -0.309017, 0.0, -0.809017, -0.309017, 0.5, 0.0, 0.0, 0.0, 0.0, 1.0 ], [ -1.0, 0.0, 0.0, 0.0, 0.0, -1.0, 0.0, 0.0, 0.0, 0.0, 1.0, 0.0, 0.0, 0.0, 0.0, 1.0 ], [ 0.0, 0.0, -1.0, 0.0, -1.0, 0.0, 0.0, 0.0, 0.0, 1.0, 0.0, 0.0, 0.0, 0.0, 0.0, 1.0 ], [ 0.0, -1.0, 0.0, 0.0, 0.0, 0.0, -1.0, 0.0, 1.0, 0.0, 0.0, 0.0, 0.0, 0.0, 0.0, 1.0 ], [ -0.809017, -0.309017, -0.5, 0.0, -0.309017, -0.5, 0.809017, 0.0, -0.5, 0.809017, 0.309017, 0.0, 0.0, 0.0, 0.0, 1.0 ], [ 0.5, -0.809017, -0.309017, 0.0, -0.809017, -0.309017, -0.5, 0.0, 0.309017, 0.5, -0.809017, 0.0, 0.0, 0.0, 0.0, 1.0 ], [ -0.309017, -0.5, 0.809017, 0.0, 0.5, -0.809017, -0.309017, 0.0, 0.809017, 0.309017, 0.5, 0.0, 0.0, 0.0, 0.0, 1.0 ], [ -0.5, -0.809017, -0.309017, 0.0, -0.809017, 0.309017, 0.5, 0.0, -0.309017, 0.5, -0.809017, 0.0, 0.0, 0.0, 0.0, 1.0 ], [ 0.309017, -0.5, 0.809017, 0.0, -0.5, -0.809017, -0.309017, 0.0, 0.809017, -0.309017, -0.5, 0.0, 0.0, 0.0, 0.0, 1.0 ], [ -0.809017, 0.309017, 0.5, 0.0, 0.309017, -0.5, 0.809017, 0.0, 0.5, 0.809017, 0.309017, 0.0, 0.0, 0.0, 0.0, 1.0 ], [ -0.5, -0.809017, 0.309017, 0.0, -0.809017, 0.309017, -0.5, 0.0, 0.309017, -0.5, -0.809017, 0.0, 0.0, 0.0, 0.0, 1.0 ], [ -0.309017, 0.5, 0.809017, 0.0, -0.5, -0.809017, 0.309017, 0.0, 0.809017, -0.309017, 0.5, 0.0, 0.0, 0.0, 0.0, 1.0 ], [ -0.809017, 0.309017, -0.5, 0.0, -0.309017, 0.5, 0.809017, 0.0, 0.5, 0.809017, -0.309017, 0.0, 0.0, 0.0, 0.0, 1.0 ], [ -0.809017, -0.309017, 0.5, 0.0, -0.309017, -0.5, -0.809017, 0.0, 0.5, -0.809017, 0.309017, 0.0, 0.0, 0.0, 0.0, 1.0 ], [ -0.5, 0.809017, -0.309017, 0.0, -0.809017, -0.309017, 0.5, 0.0, 0.309017, 0.5, 0.809017, 0.0, 0.0, 0.0, 0.0, 1.0 ], [ -0.309017, -0.5, -0.809017, 0.0, -0.5, 0.809017, -0.309017, 0.0, 0.809017, 0.309017, -0.5, 0.0, 0.0, 0.0, 0.0, 1.0 ], [ -1.0, 0.0, 0.0, 0.0, 0.0, 1.0, 0.0, 0.0, 0.0, 0.0, -1.0, 0.0, 0.0, 0.0, 0.0, 1.0 ], [ 0.0, 0.0, -1.0, 0.0, 1.0, 0.0, 0.0, 0.0, 0.0, -1.0, 0.0, 0.0, 0.0, 0.0, 0.0, 1.0 ], [ 0.0, -1.0, 0.0, 0.0, 0.0, 0.0, 1.0, 0.0, -1.0, 0.0, 0.0, 0.0, 0.0, 0.0, 0.0, 1.0 ], [ -0.809017, -0.309017, -0.5, 0.0, 0.309017, 0.5, -0.809017, 0.0, 0.5, -0.809017, -0.309017, 0.0, 0.0, 0.0, 0.0, 1.0 ], [ 0.5, -0.809017, -0.309017, 0.0, 0.809017, 0.309017, 0.5, 0.0, -0.309017, -0.5, 0.809017, 0.0, 0.0, 0.0, 0.0, 1.0 ], [ -0.309017, -0.5, 0.809017, 0.0, -0.5, 0.809017, 0.309017, 0.0, -0.809017, -0.309017, -0.5, 0.0, 0.0, 0.0, 0.0, 1.0 ], [ -0.5, -0.809017, -0.309017, 0.0, 0.809017, -0.309017, -0.5, 0.0, 0.309017, -0.5, 0.809017, 0.0, 0.0, 0.0, 0.0, 1.0 ], [ 0.309017, -0.5, 0.809017, 0.0, 0.5, 0.809017, 0.309017, 0.0, -0.809017, 0.309017, 0.5, 0.0, 0.0, 0.0, 0.0, 1.0 ], [ -0.809017, 0.309017, 0.5, 0.0, -0.309017, 0.5, -0.809017, 0.0, -0.5, -0.809017, -0.309017, 0.0, 0.0, 0.0, 0.0, 1.0 ], [ -0.5, -0.809017, 0.309017, 0.0, 0.809017, -0.309017, 0.5, 0.0, -0.309017, 0.5, 0.809017, 0.0, 0.0, 0.0, 0.0, 1.0 ], [ -0.309017, 0.5, 0.809017, 0.0, 0.5, 0.809017, -0.309017, 0.0, -0.809017, 0.309017, -0.5, 0.0, 0.0, 0.0, 0.0, 1.0 ], [ -0.809017, 0.309017, -0.5, 0.0, 0.309017, -0.5, -0.809017, 0.0, -0.5, -0.809017, 0.309017, 0.0, 0.0, 0.0, 0.0, 1.0 ], [ -0.809017, -0.309017, 0.5, 0.0, 0.309017, 0.5, 0.809017, 0.0, -0.5, 0.809017, -0.309017, 0.0, 0.0, 0.0, 0.0, 1.0 ], [ -0.5, 0.809017, -0.309017, 0.0, 0.809017, 0.309017, -0.5, 0.0, -0.309017, -0.5, -0.809017, 0.0, 0.0, 0.0, 0.0, 1.0 ], [ -0.309017, -0.5, -0.809017, 0.0, 0.5, -0.809017, 0.309017, 0.0, -0.809017, -0.309017, 0.5, 0.0, 0.0, 0.0, 0.0, 1.0 ] ],
  "lights" : {
    "directionalLights" : [ {
      "direction" : [ 1.0, -1.0, -1.0 ],
      "color" : "#EBEBE4"
    }, {
      "direction" : [ -1.0, 0.0, 0.0 ],
      "color" : "#E4E4EB"
    }, {
      "direction" : [ 0.0, 0.0, -1.0 ],
      "color" : "#1E1E1E"
    } ],
    "ambientColor" : "#292929",
    "backgroundColor" : "#AFC8DC"
  },
  "camera" : {
    "nearClipDistance" : 0.35254216,
    "position" : {
      "x" : 102.990265,
      "y" : 93.28507,
      "z" : 24.009964
    },
    "width" : 63.4576,
    "lookDirectionRV" : {
      "x" : -0.73034006,
      "y" : -0.66151714,
      "z" : -0.17026307,
      "zero" : false
    },
    "viewDistance" : 141.01686,
    "upDirectionRV" : {
      "x" : 0.49339783,
      "y" : -0.3385078,
      "z" : -0.80122787,
      "zero" : false
    },
    "lookAtPointRV" : {
      "x" : 0.0,
      "y" : 0.0,
      "z" : 0.0,
      "zero" : true
    },
    "perspective" : true,
    "fieldOfView" : 0.44262895,
    "lookAtPoint" : {
      "x" : 0.0,
      "y" : 0.0,
      "z" : 0.0
    },
    "lookDirection" : {
      "x" : -0.73034006,
      "y" : -0.66151714,
      "z" : -0.17026307
    },
    "stereo" : false,
    "farClipDistance" : 282.03372,
    "upDirection" : {
      "x" : 0.49339783,
      "y" : -0.3385078,
      "z" : -0.80122787
    }
  },
  "embedding" : [ 1.0, 0.0, 0.0, 0.0, 0.0, 1.0, 0.0, 0.0, 0.0, 0.0, 1.0, 0.0, 0.0, 0.0, 0.0, 1.0 ],
  "shapes" : [ {
    "id" : "6acc9183-c708-4939-af21-4663df698b12",
    "name" : "ball",
    "vertices" : [ {
      "x" : 0.309017,
      "y" : -0.809017,
      "z" : 0.618034
    }, {
      "x" : 0.809017,
      "y" : -0.618034,
      "z" : 0.309017
    }, {
      "x" : 0.618034,
      "y" : -0.309017,
      "z" : 0.809017
    }, {
      "x" : 1.0,
      "y" : 0.309017,
      "z" : 0.19098301
    }, {
      "x" : 0.809017,
      "y" : 0.618034,
      "z" : 0.309017
    }, {
      "x" : 0.618034,
      "y" : 0.309017,
      "z" : 0.809017
    }, {
      "x" : 0.809017,
      "y" : 0.0,
      "z" : 0.690983
    }, {
      "x" : 0.19098301,
      "y" : -1.0,
      "z" : 0.309017
    }, {
      "x" : -0.19098301,
      "y" : -1.0,
      "z" : 0.309017
    }, {
      "x" : -0.19098301,
      "y" : -1.0,
      "z" : -0.309017
    }, {
      "x" : 0.19098301,
      "y" : -1.0,
      "z" : -0.309017
    }, {
      "x" : 1.0,
      "y" : -0.309017,
      "z" : -0.19098301
    }, {
      "x" : 0.809017,
      "y" : -0.618034,
      "z" : -0.309017
    }, {
      "x" : 0.618034,
      "y" : -0.309017,
      "z" : -0.809017
    }, {
      "x" : 0.809017,
      "y" : 0.0,
      "z" : -0.690983
    }, {
      "x" : 0.0,
      "y" : 0.690983,
      "z" : -0.809017
    }, {
      "x" : 0.309017,
      "y" : 0.809017,
      "z" : -0.618034
    }, {
      "x" : 0.618034,
      "y" : 0.309017,
      "z" : -0.809017
    }, {
      "x" : 0.309017,
      "y" : 0.19098301,
      "z" : -1.0
    }, {
      "x" : 1.0,
      "y" : 0.309017,
      "z" : -0.19098301
    }, {
      "x" : -0.309017,
      "y" : -0.809017,
      "z" : 0.618034
    }, {
      "x" : 0.0,
      "y" : -0.690983,
      "z" : 0.809017
    }, {
      "x" : 0.809017,
      "y" : 0.618034,
      "z" : -0.309017
    }, {
      "x" : 0.690983,
      "y" : 0.809017,
      "z" : 0.0
    }, {
      "x" : -0.690983,
      "y" : 0.809017,
      "z" : 0.0
    }, {
      "x" : -0.809017,
      "y" : 0.618034,
      "z" : 0.309017
    }, {
      "x" : -0.309017,
      "y" : 0.809017,
      "z" : 0.618034
    }, {
      "x" : -0.19098301,
      "y" : 1.0,
      "z" : 0.309017
    }, {
      "x" : 0.309017,
      "y" : -0.19098301,
      "z" : -1.0
    }, {
      "x" : 0.19098301,
      "y" : 1.0,
      "z" : 0.309017
    }, {
      "x" : 0.309017,
      "y" : 0.809017,
      "z" : 0.618034
    }, {
      "x" : -0.809017,
      "y" : -0.618034,
      "z" : 0.309017
    }, {
      "x" : -0.690983,
      "y" : -0.809017,
      "z" : 0.0
    }, {
      "x" : 0.0,
      "y" : 0.690983,
      "z" : 0.809017
    }, {
      "x" : 0.309017,
      "y" : -0.809017,
      "z" : -0.618034
    }, {
      "x" : 0.0,
      "y" : -0.690983,
      "z" : -0.809017
    }, {
      "x" : -1.0,
      "y" : 0.309017,
      "z" : 0.19098301
    }, {
      "x" : -0.809017,
      "y" : 0.0,
      "z" : 0.690983
    }, {
      "x" : -0.618034,
      "y" : 0.309017,
      "z" : 0.809017
    }, {
      "x" : 1.0,
      "y" : -0.309017,
      "z" : 0.19098301
    }, {
      "x" : -0.309017,
      "y" : -0.809017,
      "z" : -0.618034
    }, {
      "x" : -1.0,
      "y" : 0.309017,
      "z" : -0.19098301
    }, {
      "x" : -1.0,
      "y" : -0.309017,
      "z" : -0.19098301
    }, {
      "x" : -1.0,
      "y" : -0.309017,
      "z" : 0.19098301
    }, {
      "x" : 0.19098301,
      "y" : 1.0,
      "z" : -0.309017
    }, {
      "x" : -0.809017,
      "y" : 0.618034,
      "z" : -0.309017
    }, {
      "x" : -0.19098301,
      "y" : 1.0,
      "z" : -0.309017
    }, {
      "x" : -0.309017,
      "y" : 0.809017,
      "z" : -0.618034
    }, {
      "x" : -0.618034,
      "y" : -0.309017,
      "z" : 0.809017
    }, {
      "x" : 0.309017,
      "y" : 0.19098301,
      "z" : 1.0
    }, {
      "x" : -0.309017,
      "y" : 0.19098301,
      "z" : -1.0
    }, {
      "x" : -0.309017,
      "y" : 0.19098301,
      "z" : 1.0
    }, {
      "x" : -0.309017,
      "y" : -0.19098301,
      "z" : 1.0
    }, {
      "x" : 0.309017,
      "y" : -0.19098301,
      "z" : 1.0
    }, {
      "x" : 0.690983,
      "y" : -0.809017,
      "z" : 0.0
    }, {
      "x" : -0.809017,
      "y" : 0.0,
      "z" : -0.690983
    }, {
      "x" : -0.618034,
      "y" : -0.309017,
      "z" : -0.809017
    }, {
      "x" : -0.309017,
      "y" : -0.19098301,
      "z" : -1.0
    }, {
      "x" : -0.618034,
      "y" : 0.309017,
      "z" : -0.809017
    }, {
      "x" : -0.809017,
      "y" : -0.618034,
      "z" : -0.309017
    } ],
    "faces" : [ {
      "vertices" : [ 9, 40, 35, 34, 10 ]
    }, {
      "vertices" : [ 0, 1, 2 ]
    }, {
      "vertices" : [ 33, 51, 49 ]
    }, {
      "vertices" : [ 25, 36, 37, 38 ]
    }, {
      "vertices" : [ 41, 55, 42 ]
    }, {
      "vertices" : [ 9, 32, 59, 40 ]
    }, {
      "vertices" : [ 20, 21, 52, 48 ]
    }, {
      "vertices" : [ 26, 33, 30, 29, 27 ]
    }, {
      "vertices" : [ 3, 4, 5, 6 ]
    }, {
      "vertices" : [ 27, 29, 44, 46 ]
    }, {
      "vertices" : [ 50, 57, 56, 55, 58 ]
    }, {
      "vertices" : [ 26, 38, 51, 33 ]
    }, {
      "vertices" : [ 45, 47, 58 ]
    }, {
      "vertices" : [ 18, 28, 57, 50 ]
    }, {
      "vertices" : [ 40, 59, 56 ]
    }, {
      "vertices" : [ 31, 48, 37, 43 ]
    }, {
      "vertices" : [ 7, 8, 9, 10 ]
    }, {
      "vertices" : [ 36, 41, 42, 43 ]
    }, {
      "vertices" : [ 24, 46, 47, 45 ]
    }, {
      "vertices" : [ 4, 30, 5 ]
    }, {
      "vertices" : [ 15, 47, 46, 44, 16 ]
    }, {
      "vertices" : [ 15, 50, 58, 47 ]
    }, {
      "vertices" : [ 24, 45, 41, 36, 25 ]
    }, {
      "vertices" : [ 11, 14, 19 ]
    }, {
      "vertices" : [ 3, 6, 39 ]
    }, {
      "vertices" : [ 1, 39, 6, 2 ]
    }, {
      "vertices" : [ 8, 32, 9 ]
    }, {
      "vertices" : [ 11, 12, 13, 14 ]
    }, {
      "vertices" : [ 16, 22, 17 ]
    }, {
      "vertices" : [ 0, 21, 20, 8, 7 ]
    }, {
      "vertices" : [ 12, 34, 13 ]
    }, {
      "vertices" : [ 35, 40, 56, 57 ]
    }, {
      "vertices" : [ 0, 7, 54, 1 ]
    }, {
      "vertices" : [ 15, 16, 17, 18 ]
    }, {
      "vertices" : [ 3, 19, 22, 23, 4 ]
    }, {
      "vertices" : [ 7, 10, 54 ]
    }, {
      "vertices" : [ 41, 45, 58, 55 ]
    }, {
      "vertices" : [ 3, 39, 11, 19 ]
    }, {
      "vertices" : [ 14, 17, 22, 19 ]
    }, {
      "vertices" : [ 0, 2, 53, 21 ]
    }, {
      "vertices" : [ 49, 51, 52, 53 ]
    }, {
      "vertices" : [ 31, 43, 42, 59, 32 ]
    }, {
      "vertices" : [ 15, 18, 50 ]
    }, {
      "vertices" : [ 42, 55, 56, 59 ]
    }, {
      "vertices" : [ 4, 23, 29, 30 ]
    }, {
      "vertices" : [ 25, 38, 26 ]
    }, {
      "vertices" : [ 13, 28, 18, 17, 14 ]
    }, {
      "vertices" : [ 8, 20, 31, 32 ]
    }, {
      "vertices" : [ 23, 44, 29 ]
    }, {
      "vertices" : [ 24, 27, 46 ]
    }, {
      "vertices" : [ 37, 48, 52, 51, 38 ]
    }, {
      "vertices" : [ 20, 48, 31 ]
    }, {
      "vertices" : [ 24, 25, 26, 27 ]
    }, {
      "vertices" : [ 16, 44, 23, 22 ]
    }, {
      "vertices" : [ 13, 34, 35, 28 ]
    }, {
      "vertices" : [ 10, 34, 12, 54 ]
    }, {
      "vertices" : [ 2, 6, 5, 49, 53 ]
    }, {
      "vertices" : [ 36, 43, 37 ]
    }, {
      "vertices" : [ 5, 30, 33, 49 ]
    }, {
      "vertices" : [ 1, 54, 12, 11, 39 ]
    }, {
      "vertices" : [ 28, 35, 57 ]
    }, {
      "vertices" : [ 21, 53, 52 ]
    } ]
  }, {
    "id" : "aab14d3b-74e8-4626-9e80-9e3a82b2114c",
    "orbit" : "green",
    "orbitC" : "[[2,-1,1],[5,-3,1]]",
    "length" : "[1,0,1]",
    "name" : "g1",
    "vertices" : [ {
      "x" : 9.376644,
      "y" : 3.3905764,
      "z" : -1.486068
    }, {
      "x" : 10.399187,
      "y" : 3.427051,
      "z" : -1.618034
    }, {
      "x" : 9.376644,
      "y" : 3.3905764,
      "z" : -1.104102
    }, {
      "x" : 9.185661,
      "y" : 3.6995935,
      "z" : -1.604102
    }, {
      "x" : 9.185661,
      "y" : 3.6995935,
      "z" : -1.2221359
    }, {
      "x" : 0.809017,
      "y" : 0.618034,
      "z" : 0.309017
    }, {
      "x" : 1.0,
      "y" : 0.309017,
      "z" : 0.19098301
    }, {
      "x" : 1.9045085,
      "y" : 0.5364745,
      "z" : -0.013932022
    }, {
      "x" : 10.09017,
      "y" : 3.927051,
      "z" : -1.809017
    }, {
      "x" : 10.281153,
      "y" : 3.618034,
      "z" : -1.927051
    }, {
      "x" : 10.281153,
      "y" : 3.618034,
      "z" : -1.309017
    }, {
      "x" : 10.09017,
      "y" : 3.927051,
      "z" : -1.427051
    }, {
      "x" : 1.7135255,
      "y" : 0.8454915,
      "z" : -0.13196601
    }, {
      "x" : 0.690983,
      "y" : 0.809017,
      "z" : 0.0
    }, {
      "x" : 1.9045085,
      "y" : 0.5364745,
      "z" : -0.39589804
    }, {
      "x" : 1.7135255,
      "y" : 0.8454915,
      "z" : -0.51393205
    }, {
      "x" : 0.809017,
      "y" : 0.618034,
      "z" : -0.309017
    }, {
      "x" : 1.0,
      "y" : 0.309017,
      "z" : -0.19098301
    }, {
      "x" : 11.09017,
      "y" : 4.236068,
      "z" : -1.618034
    } ],
    "faces" : [ {
      "vertices" : [ 0, 14, 15, 3 ]
    }, {
      "vertices" : [ 3, 15, 12, 4 ]
    }, {
      "vertices" : [ 0, 1, 2 ]
    }, {
      "vertices" : [ 12, 15, 13 ]
    }, {
      "vertices" : [ 0, 9, 1 ]
    }, {
      "vertices" : [ 0, 3, 9 ]
    }, {
      "vertices" : [ 13, 15, 16 ]
    }, {
      "vertices" : [ 6, 17, 14, 7 ]
    }, {
      "vertices" : [ 1, 10, 2 ]
    }, {
      "vertices" : [ 5, 6, 7 ]
    }, {
      "vertices" : [ 3, 8, 9 ]
    }, {
      "vertices" : [ 0, 2, 7, 14 ]
    }, {
      "vertices" : [ 5, 7, 12 ]
    }, {
      "vertices" : [ 2, 4, 12, 7 ]
    }, {
      "vertices" : [ 3, 4, 11, 8 ]
    }, {
      "vertices" : [ 2, 10, 11, 4 ]
    }, {
      "vertices" : [ 5, 12, 13 ]
    }, {
      "vertices" : [ 14, 17, 16, 15 ]
    } ]
  }, {
    "id" : "64fd36f7-01bd-42f7-8053-0ef6233fd7e4",
    "orbit" : "yellow",
    "orbitC" : "[[0,0,1],[2,-1,1]]",
    "length" : "[-1,1,1]",
    "name" : "y0",
    "vertices" : [ {
      "x" : 0.809017,
      "y" : 0.0,
      "z" : -0.690983
    }, {
      "x" : 1.0,
      "y" : 0.309017,
      "z" : -0.19098301
    }, {
      "x" : 1.309017,
      "y" : 0.309017,
      "z" : -0.309017
    }, {
      "x" : 1.118034,
      "y" : 0.0,
      "z" : -0.809017
    }, {
      "x" : 3.236068,
      "y" : 0.309017,
      "z" : -1.427051
    }, {
      "x" : 1.0,
      "y" : -0.309017,
      "z" : -0.19098301
    }, {
      "x" : 1.309017,
      "y" : -0.309017,
      "z" : -0.309017
    }, {
      "x" : 2.927051,
      "y" : 0.309017,
      "z" : -1.309017
    }, {
      "x" : 3.118034,
      "y" : 0.0,
      "z" : -0.809017
    }, {
      "x" : 4.236068,
      "y" : 0.0,
      "z" : -1.618034
    }, {
      "x" : 2.927051,
      "y" : -0.309017,
      "z" : -1.309017
    }, {
      "x" : 3.427051,
      "y" : 0.0,
      "z" : -0.927051
    }, {
      "x" : 3.236068,
      "y" : -0.309017,
      "z" : -1.427051
    } ],
    "faces" : [ {
      "vertices" : [ 2, 6, 8 ]
    }, {
      "vertices" : [ 4, 12, 10, 7 ]
    }, {
      "vertices" : [ 2, 8, 7 ]
    }, {
      "vertices" : [ 3, 10, 6 ]
    }, {
      "vertices" : [ 3, 7, 10 ]
    }, {
      "vertices" : [ 0, 1, 2, 3 ]
    }, {
      "vertices" : [ 6, 10, 8 ]
    }, {
      "vertices" : [ 8, 10, 12, 11 ]
    }, {
      "vertices" : [ 2, 7, 3 ]
    }, {
      "vertices" : [ 0, 3, 6, 5 ]
    }, {
      "vertices" : [ 1, 5, 6, 2 ]
    }, {
      "vertices" : [ 4, 7, 8, 11 ]
    } ]
  }, {
    "id" : "50a1a63b-0452-4cca-9edb-bd9b3850e665",
    "orbit" : "blue",
    "orbitC" : "[[0,0,1],[0,0,1]]",
    "length" : "[1277,-524,524]",
    "name" : " :1277/524 -phi",
    "vertices" : [ {
      "x" : 5.9385853,
      "y" : 0.309017,
      "z" : 0.19098301
    }, {
      "x" : 5.9385853,
      "y" : 0.309017,
      "z" : -0.19098301
    }, {
      "x" : 1.0,
      "y" : 0.309017,
      "z" : -0.19098301
    }, {
      "x" : 1.0,
      "y" : 0.309017,
      "z" : 0.19098301
    }, {
      "x" : 5.9385853,
      "y" : -0.309017,
      "z" : 0.19098301
    }, {
      "x" : 1.0,
      "y" : -0.309017,
      "z" : 0.19098301
    }, {
      "x" : 1.0,
      "y" : -0.309017,
      "z" : -0.19098301
    }, {
      "x" : 5.9385853,
      "y" : -0.309017,
      "z" : -0.19098301
    }, {
      "x" : 6.9385853,
      "y" : 0.0,
      "z" : 0.0
    } ],
    "faces" : [ {
      "vertices" : [ 1, 7, 6, 2 ]
    }, {
      "vertices" : [ 0, 1, 2, 3 ]
    }, {
      "vertices" : [ 4, 5, 6, 7 ]
    }, {
      "vertices" : [ 0, 3, 5, 4 ]
    } ]
  }, {
    "id" : "df88b7cb-3fbd-43fc-8bec-f5de675977e7",
    "orbit" : "blue",
    "orbitC" : "[[0,0,1],[0,0,1]]",
    "length" : "[-1,1,1]",
    "name" : "b0",
    "vertices" : [ {
      "x" : 4.236068,
      "y" : 0.309017,
      "z" : 0.19098301
    }, {
      "x" : 4.236068,
      "y" : 0.309017,
      "z" : -0.19098301
    }, {
      "x" : 1.0,
      "y" : 0.309017,
      "z" : -0.19098301
    }, {
      "x" : 1.0,
      "y" : 0.309017,
      "z" : 0.19098301
    }, {
      "x" : 4.236068,
      "y" : -0.309017,
      "z" : 0.19098301
    }, {
      "x" : 1.0,
      "y" : -0.309017,
      "z" : 0.19098301
    }, {
      "x" : 1.0,
      "y" : -0.309017,
      "z" : -0.19098301
    }, {
      "x" : 4.236068,
      "y" : -0.309017,
      "z" : -0.19098301
    }, {
      "x" : 5.236068,
      "y" : 0.0,
      "z" : 0.0
    } ],
    "faces" : [ {
      "vertices" : [ 1, 7, 6, 2 ]
    }, {
      "vertices" : [ 0, 1, 2, 3 ]
    }, {
      "vertices" : [ 4, 5, 6, 7 ]
    }, {
      "vertices" : [ 0, 3, 5, 4 ]
    } ]
  }, {
    "id" : "31a63f52-d132-4433-ba53-902016049338",
    "orbit" : "green",
    "orbitC" : "[[2,-1,1],[5,-3,1]]",
    "length" : "[0,229,524]",
    "name" : " :229/524*phi",
    "vertices" : [ {
      "x" : 6.1285324,
      "y" : 2.149908,
      "z" : -1.0121748
    }, {
      "x" : 7.151075,
      "y" : 2.1863825,
      "z" : -1.1441408
    }, {
      "x" : 6.1285324,
      "y" : 2.149908,
      "z" : -0.6302088
    }, {
      "x" : 5.937549,
      "y" : 2.458925,
      "z" : -1.1302087
    }, {
      "x" : 5.937549,
      "y" : 2.458925,
      "z" : -0.7482428
    }, {
      "x" : 0.809017,
      "y" : 0.618034,
      "z" : 0.309017
    }, {
      "x" : 1.0,
      "y" : 0.309017,
      "z" : 0.19098301
    }, {
      "x" : 1.9045085,
      "y" : 0.5364745,
      "z" : -0.013932022
    }, {
      "x" : 6.8420577,
      "y" : 2.6863825,
      "z" : -1.3351238
    }, {
      "x" : 7.033041,
      "y" : 2.3773656,
      "z" : -1.4531578
    }, {
      "x" : 7.033041,
      "y" : 2.3773656,
      "z" : -0.83512384
    }, {
      "x" : 6.8420577,
      "y" : 2.6863825,
      "z" : -0.9531578
    }, {
      "x" : 1.7135255,
      "y" : 0.8454915,
      "z" : -0.13196601
    }, {
      "x" : 0.690983,
      "y" : 0.809017,
      "z" : 0.0
    }, {
      "x" : 1.9045085,
      "y" : 0.5364745,
      "z" : -0.39589804
    }, {
      "x" : 1.7135255,
      "y" : 0.8454915,
      "z" : -0.51393205
    }, {
      "x" : 0.809017,
      "y" : 0.618034,
      "z" : -0.309017
    }, {
      "x" : 1.0,
      "y" : 0.309017,
      "z" : -0.19098301
    }, {
      "x" : 7.8420577,
      "y" : 2.9953995,
      "z" : -1.1441408
    } ],
    "faces" : [ {
      "vertices" : [ 0, 14, 15, 3 ]
    }, {
      "vertices" : [ 3, 15, 12, 4 ]
    }, {
      "vertices" : [ 0, 1, 2 ]
    }, {
      "vertices" : [ 12, 15, 13 ]
    }, {
      "vertices" : [ 0, 9, 1 ]
    }, {
      "vertices" : [ 0, 3, 9 ]
    }, {
      "vertices" : [ 13, 15, 16 ]
    }, {
      "vertices" : [ 6, 17, 14, 7 ]
    }, {
      "vertices" : [ 1, 10, 2 ]
    }, {
      "vertices" : [ 5, 6, 7 ]
    }, {
      "vertices" : [ 3, 8, 9 ]
    }, {
      "vertices" : [ 0, 2, 7, 14 ]
    }, {
      "vertices" : [ 5, 7, 12 ]
    }, {
      "vertices" : [ 2, 4, 12, 7 ]
    }, {
      "vertices" : [ 3, 4, 11, 8 ]
    }, {
      "vertices" : [ 2, 10, 11, 4 ]
    }, {
      "vertices" : [ 5, 12, 13 ]
    }, {
      "vertices" : [ 14, 17, 16, 15 ]
    } ]
  }, {
    "id" : "a4764e73-2784-4c57-b391-f6d3fb9a7881",
    "orbit" : "blue",
    "orbitC" : "[[0,0,1],[0,0,1]]",
    "length" : "[1,0,1]",
    "name" : "b1",
    "vertices" : [ {
      "x" : 7.472136,
      "y" : 0.309017,
      "z" : 0.19098301
    }, {
      "x" : 7.472136,
      "y" : 0.309017,
      "z" : -0.19098301
    }, {
      "x" : 1.0,
      "y" : 0.309017,
      "z" : -0.19098301
    }, {
      "x" : 1.0,
      "y" : 0.309017,
      "z" : 0.19098301
    }, {
      "x" : 7.472136,
      "y" : -0.309017,
      "z" : 0.19098301
    }, {
      "x" : 1.0,
      "y" : -0.309017,
      "z" : 0.19098301
    }, {
      "x" : 1.0,
      "y" : -0.309017,
      "z" : -0.19098301
    }, {
      "x" : 7.472136,
      "y" : -0.309017,
      "z" : -0.19098301
    }, {
      "x" : 8.472136,
      "y" : 0.0,
      "z" : 0.0
    } ],
    "faces" : [ {
      "vertices" : [ 1, 7, 6, 2 ]
    }, {
      "vertices" : [ 0, 1, 2, 3 ]
    }, {
      "vertices" : [ 4, 5, 6, 7 ]
    }, {
      "vertices" : [ 0, 3, 5, 4 ]
    } ]
  } ],
  "instances" : [ {
    "shape" : "6acc9183-c708-4939-af21-4663df698b12",
    "color" : "#FFFA00",
    "position" : {
      "x" : 2.9953995,
      "y" : 2.9953995,
      "z" : 2.9953995
    }
  }, {
    "shape" : "aab14d3b-74e8-4626-9e80-9e3a82b2114c",
    "color" : "#00993F",
    "position" : {
      "x" : -4.236068,
      "y" : -3.4692926,
      "z" : -15.936829
    },
    "orientation" : 14
  }, {
    "shape" : "6acc9183-c708-4939-af21-4663df698b12",
    "color" : "#F2F2F2",
    "position" : {
      "x" : -15.936829,
      "y" : -2.618034,
      "z" : 7.705361
    }
  }, {
    "shape" : "64fd36f7-01bd-42f7-8053-0ef6233fd7e4",
    "color" : "#FFB31A",
    "position" : {
      "x" : 0.0,
      "y" : -10.323395,
      "z" : -13.318794
    },
    "orientation" : 3
  }, {
    "shape" : "64fd36f7-01bd-42f7-8053-0ef6233fd7e4",
    "color" : "#FFB31A",
    "position" : {
      "x" : 2.618034,
      "y" : 7.705361,
      "z" : -15.936829
    },
    "orientation" : 4
  }, {
    "shape" : "6acc9183-c708-4939-af21-4663df698b12",
    "color" : "#F2F2F2",
    "position" : {
      "x" : -2.618034,
      "y" : 7.705361,
      "z" : 15.936829
    }
  }, {
    "shape" : "6acc9183-c708-4939-af21-4663df698b12",
    "color" : "#80FF80",
    "position" : {
      "x" : 0.0,
      "y" : 10.323395,
      "z" : -13.318794
    }
  }, {
    "shape" : "50a1a63b-0452-4cca-9edb-bd9b3850e665",
    "color" : "#008EC2",
    "position" : {
      "x" : -2.618034,
      "y" : 7.705361,
      "z" : 15.936829
    },
    "orientation" : 56
  }, {
    "shape" : "df88b7cb-3fbd-43fc-8bec-f5de675977e7",
    "color" : "#008EC2",
    "position" : {
      "x" : 0.0,
      "y" : -3.4692926,
      "z" : -17.554863
    },
    "orientation" : 21
  }, {
    "shape" : "31a63f52-d132-4433-ba53-902016049338",
    "color" : "#FFFF00",
    "position" : {
      "x" : -2.9953995,
      "y" : 2.9953995,
      "z" : -2.9953995
    },
    "orientation" : 21
  }, {
    "shape" : "6acc9183-c708-4939-af21-4663df698b12",
    "color" : "#F2F2F2",
    "position" : {
      "x" : 15.936829,
      "y" : -2.618034,
      "z" : -7.705361
    }
  }, {
    "shape" : "6acc9183-c708-4939-af21-4663df698b12",
    "color" : "#808080",
    "position" : {
      "x" : 2.9953995,
      "y" : 2.9953995,
      "z" : -2.9953995
    }
  }, {
    "shape" : "6acc9183-c708-4939-af21-4663df698b12",
    "color" : "#F2F2F2",
    "position" : {
      "x" : 12.467535,
      "y" : 8.231467,
      "z" : -9.849502
    }
  }, {
    "shape" : "31a63f52-d132-4433-ba53-902016049338",
    "color" : "#FFFF00",
    "position" : {
      "x" : 2.9953995,
      "y" : 2.9953995,
      "z" : 2.9953995
    },
    "orientation" : 53
  }, {
    "shape" : "50a1a63b-0452-4cca-9edb-bd9b3850e665",
    "color" : "#008EC2",
    "position" : {
      "x" : 0.0,
      "y" : 3.4692926,
      "z" : -17.554863
    },
    "orientation" : 16
  }, {
    "shape" : "6acc9183-c708-4939-af21-4663df698b12",
    "color" : "#F2F2F2",
    "position" : {
      "x" : 2.618034,
      "y" : -7.705361,
      "z" : -15.936829
    }
  }, {
    "shape" : "6acc9183-c708-4939-af21-4663df698b12",
    "color" : "#80FF80",
    "position" : {
      "x" : -12.467535,
      "y" : -9.849502,
      "z" : 5.6134334
    }
  }, {
    "shape" : "31a63f52-d132-4433-ba53-902016049338",
    "color" : "#808080",
    "position" : {
      "x" : 0.0,
      "y" : 1.8512588,
      "z" : 4.846658
    },
    "orientation" : 25
  }, {
    "shape" : "aab14d3b-74e8-4626-9e80-9e3a82b2114c",
    "color" : "#00993F",
    "position" : {
      "x" : -2.9953995,
      "y" : 2.9953995,
      "z" : 2.9953995
    },
    "orientation" : 48
  }, {
    "shape" : "6acc9183-c708-4939-af21-4663df698b12",
    "color" : "#808080",
    "position" : {
      "x" : 1.8512588,
      "y" : -4.846658,
      "z" : 0.0
    }
  }, {
    "shape" : "aab14d3b-74e8-4626-9e80-9e3a82b2114c",
    "color" : "#00993F",
    "position" : {
      "x" : 0.0,
      "y" : -10.323395,
      "z" : 13.318794
    },
    "orientation" : 52
  }, {
    "shape" : "a4764e73-2784-4c57-b391-f6d3fb9a7881",
    "color" : "#007695",
    "position" : {
      "x" : 0.0,
      "y" : 10.323395,
      "z" : -13.318794
    },
    "orientation" : 36
  }, {
    "shape" : "64fd36f7-01bd-42f7-8053-0ef6233fd7e4",
    "color" : "#FFB31A",
    "position" : {
      "x" : 0.0,
      "y" : 3.4692926,
      "z" : 17.554863
    },
    "orientation" : 0
  }, {
    "shape" : "64fd36f7-01bd-42f7-8053-0ef6233fd7e4",
    "color" : "#FFB31A",
    "position" : {
      "x" : -15.936829,
      "y" : -4.236068,
      "z" : 3.4692926
    },
    "orientation" : 7
  }, {
    "shape" : "64fd36f7-01bd-42f7-8053-0ef6233fd7e4",
    "color" : "#FFB31A",
    "position" : {
      "x" : -5.6134334,
      "y" : -12.467535,
      "z" : 9.849502
    },
    "orientation" : 4
  }, {
    "shape" : "31a63f52-d132-4433-ba53-902016049338",
    "color" : "#000000",
    "position" : {
      "x" : 0.0,
      "y" : -1.8512588,
      "z" : -4.846658
    },
    "orientation" : 35
  }, {
    "shape" : "6acc9183-c708-4939-af21-4663df698b12",
    "color" : "#FF0000",
    "position" : {
      "x" : -2.9953995,
      "y" : -2.9953995,
      "z" : -2.9953995
    }
  }, {
    "shape" : "6acc9183-c708-4939-af21-4663df698b12",
    "color" : "#FFFFFF",
    "position" : {
      "x" : 0.0,
      "y" : 1.8512588,
      "z" : -4.846658
    }
  }, {
    "shape" : "aab14d3b-74e8-4626-9e80-9e3a82b2114c",
    "color" : "#00993F",
    "position" : {
      "x" : 0.0,
      "y" : 1.8512588,
      "z" : 4.846658
    },
    "orientation" : 7
  }, {
    "shape" : "df88b7cb-3fbd-43fc-8bec-f5de675977e7",
    "color" : "#008EC2",
    "position" : {
      "x" : 2.618034,
      "y" : 7.705361,
      "z" : -15.936829
    },
    "orientation" : 36
  }, {
    "shape" : "6acc9183-c708-4939-af21-4663df698b12",
    "color" : "#F2F2F2",
    "position" : {
      "x" : 8.231467,
      "y" : 9.849502,
      "z" : -12.467535
    }
  }, {
    "shape" : "6acc9183-c708-4939-af21-4663df698b12",
    "color" : "#FFFF00",
    "position" : {
      "x" : -2.9953995,
      "y" : 2.9953995,
      "z" : -2.9953995
    }
  }, {
    "shape" : "6acc9183-c708-4939-af21-4663df698b12",
    "color" : "#FF0000",
    "position" : {
      "x" : -1.8512588,
      "y" : 4.846658,
      "z" : 0.0
    }
  }, {
    "shape" : "6acc9183-c708-4939-af21-4663df698b12",
    "color" : "#80FF80",
    "position" : {
      "x" : 15.936829,
      "y" : 4.236068,
      "z" : -3.4692926
    }
  }, {
    "shape" : "aab14d3b-74e8-4626-9e80-9e3a82b2114c",
    "color" : "#00993F",
    "position" : {
      "x" : -5.6134334,
      "y" : 12.467535,
      "z" : 9.849502
    },
    "orientation" : 25
  }, {
    "shape" : "df88b7cb-3fbd-43fc-8bec-f5de675977e7",
    "color" : "#008EC2",
    "position" : {
      "x" : -15.936829,
      "y" : 2.618034,
      "z" : 7.705361
    },
    "orientation" : 16
  }, {
    "shape" : "6acc9183-c708-4939-af21-4663df698b12",
    "color" : "#F2F2F2",
    "position" : {
      "x" : -12.467535,
      "y" : -8.231467,
      "z" : 9.849502
    }
  }, {
    "shape" : "6acc9183-c708-4939-af21-4663df698b12",
    "color" : "#F2F2F2",
    "position" : {
      "x" : -8.231467,
      "y" : -9.849502,
      "z" : 12.467535
    }
  }, {
    "shape" : "aab14d3b-74e8-4626-9e80-9e3a82b2114c",
    "color" : "#00993F",
    "position" : {
      "x" : 0.0,
      "y" : -1.8512588,
      "z" : 4.846658
    },
    "orientation" : 2
  }, {
    "shape" : "a4764e73-2784-4c57-b391-f6d3fb9a7881",
    "color" : "#007695",
    "position" : {
      "x" : 4.236068,
      "y" : 3.4692926,
      "z" : 15.936829
    },
    "orientation" : 54
  }, {
    "shape" : "64fd36f7-01bd-42f7-8053-0ef6233fd7e4",
    "color" : "#FFB31A",
    "position" : {
      "x" : -12.467535,
      "y" : 9.849502,
      "z" : 5.6134334
    },
    "orientation" : 2
  }, {
    "shape" : "6acc9183-c708-4939-af21-4663df698b12",
    "color" : "#FFFA00",
    "position" : {
      "x" : 2.9953995,
      "y" : -2.9953995,
      "z" : -2.9953995
    }
  }, {
    "shape" : "31a63f52-d132-4433-ba53-902016049338",
    "color" : "#FF0000",
    "position" : {
      "x" : -2.9953995,
      "y" : -2.9953995,
      "z" : -2.9953995
    },
    "orientation" : 12
  }, {
    "shape" : "6acc9183-c708-4939-af21-4663df698b12",
    "color" : "#F2F2F2",
    "position" : {
      "x" : 8.231467,
      "y" : -9.849502,
      "z" : -12.467535
    }
  }, {
    "shape" : "6acc9183-c708-4939-af21-4663df698b12",
    "color" : "#80FF80",
    "position" : {
      "x" : 4.236068,
      "y" : 3.4692926,
      "z" : 15.936829
    }
  }, {
    "shape" : "df88b7cb-3fbd-43fc-8bec-f5de675977e7",
    "color" : "#008EC2",
    "position" : {
      "x" : -12.467535,
      "y" : -8.231467,
      "z" : 9.849502
    },
    "orientation" : 8
  }, {
    "shape" : "6acc9183-c708-4939-af21-4663df698b12",
    "color" : "#F2F2F2",
    "position" : {
      "x" : 15.936829,
      "y" : 2.618034,
      "z" : -7.705361
    }
  }, {
    "shape" : "31a63f52-d132-4433-ba53-902016049338",
    "color" : "#FFFA00",
    "position" : {
      "x" : -2.9953995,
      "y" : -2.9953995,
      "z" : 2.9953995
    },
    "orientation" : 6
  }, {
    "shape" : "a4764e73-2784-4c57-b391-f6d3fb9a7881",
    "color" : "#007695",
    "position" : {
      "x" : -4.236068,
      "y" : -3.4692926,
      "z" : -15.936829
    },
    "orientation" : 21
  }, {
    "shape" : "aab14d3b-74e8-4626-9e80-9e3a82b2114c",
    "color" : "#00993F",
    "position" : {
      "x" : -15.936829,
      "y" : 4.236068,
      "z" : 3.4692926
    },
    "orientation" : 27
  }, {
    "shape" : "64fd36f7-01bd-42f7-8053-0ef6233fd7e4",
    "color" : "#FFB31A",
    "position" : {
      "x" : 12.467535,
      "y" : 8.231467,
      "z" : -9.849502
    },
    "orientation" : 7
  }, {
    "shape" : "64fd36f7-01bd-42f7-8053-0ef6233fd7e4",
    "color" : "#FFB31A",
    "position" : {
      "x" : 12.467535,
      "y" : -9.849502,
      "z" : -5.6134334
    },
    "orientation" : 17
  }, {
    "shape" : "31a63f52-d132-4433-ba53-902016049338",
    "color" : "#000000",
    "position" : {
      "x" : 1.8512588,
      "y" : 4.846658,
      "z" : 0.0
    },
    "orientation" : 19
  }, {
    "shape" : "6acc9183-c708-4939-af21-4663df698b12",
    "color" : "#F2F2F2",
    "position" : {
      "x" : 0.0,
      "y" : -3.4692926,
      "z" : 17.554863
    }
  }, {
    "shape" : "a4764e73-2784-4c57-b391-f6d3fb9a7881",
    "color" : "#007695",
    "position" : {
      "x" : 0.0,
      "y" : -10.323395,
      "z" : 13.318794
    },
    "orientation" : 9
  }, {
    "shape" : "df88b7cb-3fbd-43fc-8bec-f5de675977e7",
    "color" : "#008EC2",
    "position" : {
      "x" : -8.231467,
      "y" : 9.849502,
      "z" : 12.467535
    },
    "orientation" : 53
  }, {
    "shape" : "64fd36f7-01bd-42f7-8053-0ef6233fd7e4",
    "color" : "#FFB31A",
    "position" : {
      "x" : -12.467535,
      "y" : -8.231467,
      "z" : 9.849502
    },
    "orientation" : 22
  }, {
    "shape" : "31a63f52-d132-4433-ba53-902016049338",
    "color" : "#808080",
    "position" : {
      "x" : -4.846658,
      "y" : 0.0,
      "z" : -1.8512588
    },
    "orientation" : 0
  }, {
    "shape" : "6acc9183-c708-4939-af21-4663df698b12",
    "color" : "#F2F2F2",
    "position" : {
      "x" : -12.467535,
      "y" : 8.231467,
      "z" : 9.849502
    }
  }, {
    "shape" : "50a1a63b-0452-4cca-9edb-bd9b3850e665",
    "color" : "#008EC2",
    "position" : {
      "x" : 8.231467,
      "y" : 9.849502,
      "z" : -12.467535
    },
    "orientation" : 53
  }, {
    "shape" : "6acc9183-c708-4939-af21-4663df698b12",
    "color" : "#80FF80",
    "position" : {
      "x" : 5.6134334,
      "y" : 12.467535,
      "z" : -9.849502
    }
  }, {
    "shape" : "6acc9183-c708-4939-af21-4663df698b12",
    "color" : "#000000",
    "position" : {
      "x" : 2.9953995,
      "y" : -2.9953995,
      "z" : 2.9953995
    }
  }, {
    "shape" : "aab14d3b-74e8-4626-9e80-9e3a82b2114c",
    "color" : "#00993F",
    "position" : {
      "x" : 5.6134334,
      "y" : -12.467535,
      "z" : -9.849502
    },
    "orientation" : 4
  }, {
    "shape" : "64fd36f7-01bd-42f7-8053-0ef6233fd7e4",
    "color" : "#FFB31A",
    "position" : {
      "x" : 0.0,
      "y" : -3.4692926,
      "z" : -17.554863
    },
    "orientation" : 38
  }, {
    "shape" : "aab14d3b-74e8-4626-9e80-9e3a82b2114c",
    "color" : "#00993F",
    "position" : {
      "x" : 15.936829,
      "y" : -4.236068,
      "z" : -3.4692926
    },
    "orientation" : 45
  }, {
    "shape" : "64fd36f7-01bd-42f7-8053-0ef6233fd7e4",
    "color" : "#FFB31A",
    "position" : {
      "x" : 15.936829,
      "y" : 4.236068,
      "z" : -3.4692926
    },
    "orientation" : 22
  }, {
    "shape" : "aab14d3b-74e8-4626-9e80-9e3a82b2114c",
    "color" : "#00993F",
    "position" : {
      "x" : 12.467535,
      "y" : 9.849502,
      "z" : -5.6134334
    },
    "orientation" : 39
  }, {
    "shape" : "aab14d3b-74e8-4626-9e80-9e3a82b2114c",
    "color" : "#00993F",
    "position" : {
      "x" : -4.846658,
      "y" : 0.0,
      "z" : 1.8512588
    },
    "orientation" : 42
  }, {
    "shape" : "31a63f52-d132-4433-ba53-902016049338",
    "color" : "#FFFF00",
    "position" : {
      "x" : 2.9953995,
      "y" : -2.9953995,
      "z" : -2.9953995
    },
