{
  "polygons" : "true",
  "field" : "golden",
  "symmetry" : "icosahedral",
  "orientations" : [ [ 1.0, 0.0, 0.0, 0.0, 0.0, 1.0, 0.0, 0.0, 0.0, 0.0, 1.0, 0.0, 0.0, 0.0, 0.0, 1.0 ], [ 0.0, 0.0, 1.0, 0.0, 1.0, 0.0, 0.0, 0.0, 0.0, 1.0, 0.0, 0.0, 0.0, 0.0, 0.0, 1.0 ], [ 0.0, 1.0, 0.0, 0.0, 0.0, 0.0, 1.0, 0.0, 1.0, 0.0, 0.0, 0.0, 0.0, 0.0, 0.0, 1.0 ], [ 0.809017, 0.309017, 0.5, 0.0, 0.309017, 0.5, -0.809017, 0.0, -0.5, 0.809017, 0.309017, 0.0, 0.0, 0.0, 0.0, 1.0 ], [ -0.5, 0.809017, 0.309017, 0.0, 0.809017, 0.309017, 0.5, 0.0, 0.309017, 0.5, -0.809017, 0.0, 0.0, 0.0, 0.0, 1.0 ], [ 0.309017, 0.5, -0.809017, 0.0, -0.5, 0.809017, 0.309017, 0.0, 0.809017, 0.309017, 0.5, 0.0, 0.0, 0.0, 0.0, 1.0 ], [ 0.5, 0.809017, 0.309017, 0.0, 0.809017, -0.309017, -0.5, 0.0, -0.309017, 0.5, -0.809017, 0.0, 0.0, 0.0, 0.0, 1.0 ], [ -0.309017, 0.5, -0.809017, 0.0, 0.5, 0.809017, 0.309017, 0.0, 0.809017, -0.309017, -0.5, 0.0, 0.0, 0.0, 0.0, 1.0 ], [ 0.809017, -0.309017, -0.5, 0.0, -0.309017, 0.5, -0.809017, 0.0, 0.5, 0.809017, 0.309017, 0.0, 0.0, 0.0, 0.0, 1.0 ], [ 0.5, 0.809017, -0.309017, 0.0, 0.809017, -0.309017, 0.5, 0.0, 0.309017, -0.5, -0.809017, 0.0, 0.0, 0.0, 0.0, 1.0 ], [ 0.309017, -0.5, -0.809017, 0.0, 0.5, 0.809017, -0.309017, 0.0, 0.809017, -0.309017, 0.5, 0.0, 0.0, 0.0, 0.0, 1.0 ], [ 0.809017, -0.309017, 0.5, 0.0, 0.309017, -0.5, -0.809017, 0.0, 0.5, 0.809017, -0.309017, 0.0, 0.0, 0.0, 0.0, 1.0 ], [ 0.809017, 0.309017, -0.5, 0.0, 0.309017, 0.5, 0.809017, 0.0, 0.5, -0.809017, 0.309017, 0.0, 0.0, 0.0, 0.0, 1.0 ], [ 0.5, -0.809017, 0.309017, 0.0, 0.809017, 0.309017, -0.5, 0.0, 0.309017, 0.5, 0.809017, 0.0, 0.0, 0.0, 0.0, 1.0 ], [ 0.309017, 0.5, 0.809017, 0.0, 0.5, -0.809017, 0.309017, 0.0, 0.809017, 0.309017, -0.5, 0.0, 0.0, 0.0, 0.0, 1.0 ], [ 1.0, 0.0, 0.0, 0.0, 0.0, -1.0, 0.0, 0.0, 0.0, 0.0, -1.0, 0.0, 0.0, 0.0, 0.0, 1.0 ], [ 0.0, 0.0, 1.0, 0.0, -1.0, 0.0, 0.0, 0.0, 0.0, -1.0, 0.0, 0.0, 0.0, 0.0, 0.0, 1.0 ], [ 0.0, 1.0, 0.0, 0.0, 0.0, 0.0, -1.0, 0.0, -1.0, 0.0, 0.0, 0.0, 0.0, 0.0, 0.0, 1.0 ], [ 0.809017, 0.309017, 0.5, 0.0, -0.309017, -0.5, 0.809017, 0.0, 0.5, -0.809017, -0.309017, 0.0, 0.0, 0.0, 0.0, 1.0 ], [ -0.5, 0.809017, 0.309017, 0.0, -0.809017, -0.309017, -0.5, 0.0, -0.309017, -0.5, 0.809017, 0.0, 0.0, 0.0, 0.0, 1.0 ], [ 0.309017, 0.5, -0.809017, 0.0, 0.5, -0.809017, -0.309017, 0.0, -0.809017, -0.309017, -0.5, 0.0, 0.0, 0.0, 0.0, 1.0 ], [ 0.5, 0.809017, 0.309017, 0.0, -0.809017, 0.309017, 0.5, 0.0, 0.309017, -0.5, 0.809017, 0.0, 0.0, 0.0, 0.0, 1.0 ], [ -0.309017, 0.5, -0.809017, 0.0, -0.5, -0.809017, -0.309017, 0.0, -0.809017, 0.309017, 0.5, 0.0, 0.0, 0.0, 0.0, 1.0 ], [ 0.809017, -0.309017, -0.5, 0.0, 0.309017, -0.5, 0.809017, 0.0, -0.5, -0.809017, -0.309017, 0.0, 0.0, 0.0, 0.0, 1.0 ], [ 0.5, 0.809017, -0.309017, 0.0, -0.809017, 0.309017, -0.5, 0.0, -0.309017, 0.5, 0.809017, 0.0, 0.0, 0.0, 0.0, 1.0 ], [ 0.309017, -0.5, -0.809017, 0.0, -0.5, -0.809017, 0.309017, 0.0, -0.809017, 0.309017, -0.5, 0.0, 0.0, 0.0, 0.0, 1.0 ], [ 0.809017, -0.309017, 0.5, 0.0, -0.309017, 0.5, 0.809017, 0.0, -0.5, -0.809017, 0.309017, 0.0, 0.0, 0.0, 0.0, 1.0 ], [ 0.809017, 0.309017, -0.5, 0.0, -0.309017, -0.5, -0.809017, 0.0, -0.5, 0.809017, -0.309017, 0.0, 0.0, 0.0, 0.0, 1.0 ], [ 0.5, -0.809017, 0.309017, 0.0, -0.809017, -0.309017, 0.5, 0.0, -0.309017, -0.5, -0.809017, 0.0, 0.0, 0.0, 0.0, 1.0 ], [ 0.309017, 0.5, 0.809017, 0.0, -0.5, 0.809017, -0.309017, 0.0, -0.809017, -0.309017, 0.5, 0.0, 0.0, 0.0, 0.0, 1.0 ], [ -1.0, 0.0, 0.0, 0.0, 0.0, -1.0, 0.0, 0.0, 0.0, 0.0, 1.0, 0.0, 0.0, 0.0, 0.0, 1.0 ], [ 0.0, 0.0, -1.0, 0.0, -1.0, 0.0, 0.0, 0.0, 0.0, 1.0, 0.0, 0.0, 0.0, 0.0, 0.0, 1.0 ], [ 0.0, -1.0, 0.0, 0.0, 0.0, 0.0, -1.0, 0.0, 1.0, 0.0, 0.0, 0.0, 0.0, 0.0, 0.0, 1.0 ], [ -0.809017, -0.309017, -0.5, 0.0, -0.309017, -0.5, 0.809017, 0.0, -0.5, 0.809017, 0.309017, 0.0, 0.0, 0.0, 0.0, 1.0 ], [ 0.5, -0.809017, -0.309017, 0.0, -0.809017, -0.309017, -0.5, 0.0, 0.309017, 0.5, -0.809017, 0.0, 0.0, 0.0, 0.0, 1.0 ], [ -0.309017, -0.5, 0.809017, 0.0, 0.5, -0.809017, -0.309017, 0.0, 0.809017, 0.309017, 0.5, 0.0, 0.0, 0.0, 0.0, 1.0 ], [ -0.5, -0.809017, -0.309017, 0.0, -0.809017, 0.309017, 0.5, 0.0, -0.309017, 0.5, -0.809017, 0.0, 0.0, 0.0, 0.0, 1.0 ], [ 0.309017, -0.5, 0.809017, 0.0, -0.5, -0.809017, -0.309017, 0.0, 0.809017, -0.309017, -0.5, 0.0, 0.0, 0.0, 0.0, 1.0 ], [ -0.809017, 0.309017, 0.5, 0.0, 0.309017, -0.5, 0.809017, 0.0, 0.5, 0.809017, 0.309017, 0.0, 0.0, 0.0, 0.0, 1.0 ], [ -0.5, -0.809017, 0.309017, 0.0, -0.809017, 0.309017, -0.5, 0.0, 0.309017, -0.5, -0.809017, 0.0, 0.0, 0.0, 0.0, 1.0 ], [ -0.309017, 0.5, 0.809017, 0.0, -0.5, -0.809017, 0.309017, 0.0, 0.809017, -0.309017, 0.5, 0.0, 0.0, 0.0, 0.0, 1.0 ], [ -0.809017, 0.309017, -0.5, 0.0, -0.309017, 0.5, 0.809017, 0.0, 0.5, 0.809017, -0.309017, 0.0, 0.0, 0.0, 0.0, 1.0 ], [ -0.809017, -0.309017, 0.5, 0.0, -0.309017, -0.5, -0.809017, 0.0, 0.5, -0.809017, 0.309017, 0.0, 0.0, 0.0, 0.0, 1.0 ], [ -0.5, 0.809017, -0.309017, 0.0, -0.809017, -0.309017, 0.5, 0.0, 0.309017, 0.5, 0.809017, 0.0, 0.0, 0.0, 0.0, 1.0 ], [ -0.309017, -0.5, -0.809017, 0.0, -0.5, 0.809017, -0.309017, 0.0, 0.809017, 0.309017, -0.5, 0.0, 0.0, 0.0, 0.0, 1.0 ], [ -1.0, 0.0, 0.0, 0.0, 0.0, 1.0, 0.0, 0.0, 0.0, 0.0, -1.0, 0.0, 0.0, 0.0, 0.0, 1.0 ], [ 0.0, 0.0, -1.0, 0.0, 1.0, 0.0, 0.0, 0.0, 0.0, -1.0, 0.0, 0.0, 0.0, 0.0, 0.0, 1.0 ], [ 0.0, -1.0, 0.0, 0.0, 0.0, 0.0, 1.0, 0.0, -1.0, 0.0, 0.0, 0.0, 0.0, 0.0, 0.0, 1.0 ], [ -0.809017, -0.309017, -0.5, 0.0, 0.309017, 0.5, -0.809017, 0.0, 0.5, -0.809017, -0.309017, 0.0, 0.0, 0.0, 0.0, 1.0 ], [ 0.5, -0.809017, -0.309017, 0.0, 0.809017, 0.309017, 0.5, 0.0, -0.309017, -0.5, 0.809017, 0.0, 0.0, 0.0, 0.0, 1.0 ], [ -0.309017, -0.5, 0.809017, 0.0, -0.5, 0.809017, 0.309017, 0.0, -0.809017, -0.309017, -0.5, 0.0, 0.0, 0.0, 0.0, 1.0 ], [ -0.5, -0.809017, -0.309017, 0.0, 0.809017, -0.309017, -0.5, 0.0, 0.309017, -0.5, 0.809017, 0.0, 0.0, 0.0, 0.0, 1.0 ], [ 0.309017, -0.5, 0.809017, 0.0, 0.5, 0.809017, 0.309017, 0.0, -0.809017, 0.309017, 0.5, 0.0, 0.0, 0.0, 0.0, 1.0 ], [ -0.809017, 0.309017, 0.5, 0.0, -0.309017, 0.5, -0.809017, 0.0, -0.5, -0.809017, -0.309017, 0.0, 0.0, 0.0, 0.0, 1.0 ], [ -0.5, -0.809017, 0.309017, 0.0, 0.809017, -0.309017, 0.5, 0.0, -0.309017, 0.5, 0.809017, 0.0, 0.0, 0.0, 0.0, 1.0 ], [ -0.309017, 0.5, 0.809017, 0.0, 0.5, 0.809017, -0.309017, 0.0, -0.809017, 0.309017, -0.5, 0.0, 0.0, 0.0, 0.0, 1.0 ], [ -0.809017, 0.309017, -0.5, 0.0, 0.309017, -0.5, -0.809017, 0.0, -0.5, -0.809017, 0.309017, 0.0, 0.0, 0.0, 0.0, 1.0 ], [ -0.809017, -0.309017, 0.5, 0.0, 0.309017, 0.5, 0.809017, 0.0, -0.5, 0.809017, -0.309017, 0.0, 0.0, 0.0, 0.0, 1.0 ], [ -0.5, 0.809017, -0.309017, 0.0, 0.809017, 0.309017, -0.5, 0.0, -0.309017, -0.5, -0.809017, 0.0, 0.0, 0.0, 0.0, 1.0 ], [ -0.309017, -0.5, -0.809017, 0.0, 0.5, -0.809017, 0.309017, 0.0, -0.809017, -0.309017, 0.5, 0.0, 0.0, 0.0, 0.0, 1.0 ] ],
  "lights" : {
    "directionalLights" : [ {
      "direction" : [ 1.0, -1.0, -1.0 ],
      "color" : "#EBEBE4"
    }, {
      "direction" : [ -1.0, 0.0, 0.0 ],
      "color" : "#E4E4EB"
    }, {
      "direction" : [ 0.0, 0.0, -1.0 ],
      "color" : "#1E1E1E"
    } ],
    "backgroundColor" : "#AFC8DC",
    "ambientColor" : "#292929"
  },
  "camera" : {
    "width" : 133.00298,
    "position" : {
      "x" : 209.90099,
      "y" : 198.24974,
      "z" : 63.20503
    },
    "lookDirection" : {
      "x" : -0.7101752,
      "y" : -0.6707546,
      "z" : -0.21384676
    },
    "lookAtPoint" : {
      "x" : 0.0,
      "y" : 0.0,
      "z" : 0.0
    },
    "upDirection" : {
      "x" : -0.6973891,
      "y" : 0.71182525,
      "z" : 0.08334078
    },
    "farClipDistance" : 591.1235,
    "perspective" : true,
    "nearClipDistance" : 0.738906,
    "lookAtPointRV" : {
      "x" : 0.0,
      "y" : 0.0,
      "z" : 0.0,
      "zero" : true
    },
    "upDirectionRV" : {
      "x" : -0.6973891,
      "y" : 0.71182525,
      "z" : 0.08334078,
      "zero" : false
    },
    "lookDirectionRV" : {
      "x" : -0.7101752,
      "y" : -0.6707546,
      "z" : -0.21384676,
      "zero" : false
    },
    "viewDistance" : 295.56226,
    "fieldOfView" : 0.44262877,
    "stereo" : false
  },
  "embedding" : [ 1.0, 0.0, 0.0, 0.0, 0.0, 1.0, 0.0, 0.0, 0.0, 0.0, 1.0, 0.0, 0.0, 0.0, 0.0, 1.0 ],
  "shapes" : [ {
    "id" : "b359f65a-e8df-499b-8a18-0ccb1f79c032",
    "orbit" : "blue",
    "orbitC" : "[[0,0,1],[0,0,1]]",
    "length" : "[\"1\",\"0\",\"1\"]",
    "name" : "b1",
    "vertices" : [ {
      "x" : 7.472136,
      "y" : 0.309017,
      "z" : 0.19098301
    }, {
      "x" : 7.472136,
      "y" : 0.309017,
      "z" : -0.19098301
    }, {
      "x" : 1.0,
      "y" : 0.309017,
      "z" : -0.19098301
    }, {
      "x" : 1.0,
      "y" : 0.309017,
      "z" : 0.19098301
    }, {
      "x" : 7.472136,
      "y" : -0.309017,
      "z" : 0.19098301
    }, {
      "x" : 1.0,
      "y" : -0.309017,
      "z" : 0.19098301
    }, {
      "x" : 1.0,
      "y" : -0.309017,
      "z" : -0.19098301
    }, {
      "x" : 7.472136,
      "y" : -0.309017,
      "z" : -0.19098301
    }, {
      "x" : 8.472136,
      "y" : 0.0,
      "z" : 0.0
    } ],
    "faces" : [ {
      "vertices" : [ 1, 7, 6, 2 ]
    }, {
      "vertices" : [ 0, 1, 2, 3 ]
    }, {
      "vertices" : [ 4, 5, 6, 7 ]
    }, {
      "vertices" : [ 0, 3, 5, 4 ]
    } ]
  }, {
    "id" : "dd1e142c-ec78-421b-8cde-d4067701effb",
    "orbit" : "blue",
    "orbitC" : "[[0,0,1],[0,0,1]]",
    "length" : "[\"1\",\"1\",\"1\"]",
    "name" : "b3",
    "vertices" : [ {
      "x" : 21.18034,
      "y" : 0.309017,
      "z" : 0.19098301
    }, {
      "x" : 21.18034,
      "y" : 0.309017,
      "z" : -0.19098301
    }, {
      "x" : 1.0,
      "y" : 0.309017,
      "z" : -0.19098301
    }, {
      "x" : 1.0,
      "y" : 0.309017,
      "z" : 0.19098301
    }, {
      "x" : 21.18034,
      "y" : -0.309017,
      "z" : 0.19098301
    }, {
      "x" : 1.0,
      "y" : -0.309017,
      "z" : 0.19098301
    }, {
      "x" : 1.0,
      "y" : -0.309017,
      "z" : -0.19098301
    }, {
      "x" : 21.18034,
      "y" : -0.309017,
      "z" : -0.19098301
    }, {
      "x" : 22.18034,
      "y" : 0.0,
      "z" : 0.0
    } ],
    "faces" : [ {
      "vertices" : [ 1, 7, 6, 2 ]
    }, {
      "vertices" : [ 0, 1, 2, 3 ]
    }, {
      "vertices" : [ 4, 5, 6, 7 ]
    }, {
      "vertices" : [ 0, 3, 5, 4 ]
    } ]
  }, {
    "id" : "dbe35a82-fabc-4a2c-aff5-dc316a8eb1c2",
    "name" : "ball",
    "vertices" : [ {
      "x" : 0.309017,
      "y" : -0.809017,
      "z" : 0.618034
    }, {
      "x" : 0.809017,
      "y" : -0.618034,
      "z" : 0.309017
    }, {
      "x" : 0.618034,
      "y" : -0.309017,
      "z" : 0.809017
    }, {
      "x" : 1.0,
      "y" : 0.309017,
      "z" : 0.19098301
    }, {
      "x" : 0.809017,
      "y" : 0.618034,
      "z" : 0.309017
    }, {
      "x" : 0.618034,
      "y" : 0.309017,
      "z" : 0.809017
    }, {
      "x" : 0.809017,
      "y" : 0.0,
      "z" : 0.690983
    }, {
      "x" : 0.19098301,
      "y" : -1.0,
      "z" : 0.309017
    }, {
      "x" : -0.19098301,
      "y" : -1.0,
      "z" : 0.309017
    }, {
      "x" : -0.19098301,
      "y" : -1.0,
      "z" : -0.309017
    }, {
      "x" : 0.19098301,
      "y" : -1.0,
      "z" : -0.309017
    }, {
      "x" : 1.0,
      "y" : -0.309017,
      "z" : -0.19098301
    }, {
      "x" : 0.809017,
      "y" : -0.618034,
      "z" : -0.309017
    }, {
      "x" : 0.618034,
      "y" : -0.309017,
      "z" : -0.809017
    }, {
      "x" : 0.809017,
      "y" : 0.0,
      "z" : -0.690983
    }, {
      "x" : 0.0,
      "y" : 0.690983,
      "z" : -0.809017
    }, {
      "x" : 0.309017,
      "y" : 0.809017,
      "z" : -0.618034
    }, {
      "x" : 0.618034,
      "y" : 0.309017,
      "z" : -0.809017
    }, {
      "x" : 0.309017,
      "y" : 0.19098301,
      "z" : -1.0
    }, {
      "x" : 1.0,
      "y" : 0.309017,
      "z" : -0.19098301
    }, {
      "x" : -0.309017,
      "y" : -0.809017,
      "z" : 0.618034
    }, {
      "x" : 0.0,
      "y" : -0.690983,
      "z" : 0.809017
    }, {
      "x" : 0.809017,
      "y" : 0.618034,
      "z" : -0.309017
    }, {
      "x" : 0.690983,
      "y" : 0.809017,
      "z" : 0.0
    }, {
      "x" : -0.690983,
      "y" : 0.809017,
      "z" : 0.0
    }, {
      "x" : -0.809017,
      "y" : 0.618034,
      "z" : 0.309017
    }, {
      "x" : -0.309017,
      "y" : 0.809017,
      "z" : 0.618034
    }, {
      "x" : -0.19098301,
      "y" : 1.0,
      "z" : 0.309017
    }, {
      "x" : 0.309017,
      "y" : -0.19098301,
      "z" : -1.0
    }, {
      "x" : 0.19098301,
      "y" : 1.0,
      "z" : 0.309017
    }, {
      "x" : 0.309017,
      "y" : 0.809017,
      "z" : 0.618034
    }, {
      "x" : -0.809017,
      "y" : -0.618034,
      "z" : 0.309017
    }, {
      "x" : -0.690983,
      "y" : -0.809017,
      "z" : 0.0
    }, {
      "x" : 0.0,
      "y" : 0.690983,
      "z" : 0.809017
    }, {
      "x" : 0.309017,
      "y" : -0.809017,
      "z" : -0.618034
    }, {
      "x" : 0.0,
      "y" : -0.690983,
      "z" : -0.809017
    }, {
      "x" : -1.0,
      "y" : 0.309017,
      "z" : 0.19098301
    }, {
      "x" : -0.809017,
      "y" : 0.0,
      "z" : 0.690983
    }, {
      "x" : -0.618034,
      "y" : 0.309017,
      "z" : 0.809017
    }, {
      "x" : 1.0,
      "y" : -0.309017,
      "z" : 0.19098301
    }, {
      "x" : -0.309017,
      "y" : -0.809017,
      "z" : -0.618034
    }, {
      "x" : -1.0,
      "y" : 0.309017,
      "z" : -0.19098301
    }, {
      "x" : -1.0,
      "y" : -0.309017,
      "z" : -0.19098301
    }, {
      "x" : -1.0,
      "y" : -0.309017,
      "z" : 0.19098301
    }, {
      "x" : 0.19098301,
      "y" : 1.0,
      "z" : -0.309017
    }, {
      "x" : -0.809017,
      "y" : 0.618034,
      "z" : -0.309017
    }, {
      "x" : -0.19098301,
      "y" : 1.0,
      "z" : -0.309017
    }, {
      "x" : -0.309017,
      "y" : 0.809017,
      "z" : -0.618034
    }, {
      "x" : -0.618034,
      "y" : -0.309017,
      "z" : 0.809017
    }, {
      "x" : 0.309017,
      "y" : 0.19098301,
      "z" : 1.0
    }, {
      "x" : -0.309017,
      "y" : 0.19098301,
      "z" : -1.0
    }, {
      "x" : -0.309017,
      "y" : 0.19098301,
      "z" : 1.0
    }, {
      "x" : -0.309017,
      "y" : -0.19098301,
      "z" : 1.0
    }, {
      "x" : 0.309017,
      "y" : -0.19098301,
      "z" : 1.0
    }, {
      "x" : 0.690983,
      "y" : -0.809017,
      "z" : 0.0
    }, {
      "x" : -0.809017,
      "y" : 0.0,
      "z" : -0.690983
    }, {
      "x" : -0.618034,
      "y" : -0.309017,
      "z" : -0.809017
    }, {
      "x" : -0.309017,
      "y" : -0.19098301,
      "z" : -1.0
    }, {
      "x" : -0.618034,
      "y" : 0.309017,
      "z" : -0.809017
    }, {
      "x" : -0.809017,
      "y" : -0.618034,
      "z" : -0.309017
    } ],
    "faces" : [ {
      "vertices" : [ 9, 40, 35, 34, 10 ]
    }, {
      "vertices" : [ 0, 1, 2 ]
    }, {
      "vertices" : [ 33, 51, 49 ]
    }, {
      "vertices" : [ 25, 36, 37, 38 ]
    }, {
      "vertices" : [ 41, 55, 42 ]
    }, {
      "vertices" : [ 9, 32, 59, 40 ]
    }, {
      "vertices" : [ 20, 21, 52, 48 ]
    }, {
      "vertices" : [ 26, 33, 30, 29, 27 ]
    }, {
      "vertices" : [ 3, 4, 5, 6 ]
    }, {
      "vertices" : [ 27, 29, 44, 46 ]
    }, {
      "vertices" : [ 50, 57, 56, 55, 58 ]
    }, {
      "vertices" : [ 26, 38, 51, 33 ]
    }, {
      "vertices" : [ 45, 47, 58 ]
    }, {
      "vertices" : [ 18, 28, 57, 50 ]
    }, {
      "vertices" : [ 40, 59, 56 ]
    }, {
      "vertices" : [ 31, 48, 37, 43 ]
    }, {
      "vertices" : [ 7, 8, 9, 10 ]
    }, {
      "vertices" : [ 36, 41, 42, 43 ]
    }, {
      "vertices" : [ 24, 46, 47, 45 ]
    }, {
      "vertices" : [ 4, 30, 5 ]
    }, {
      "vertices" : [ 15, 47, 46, 44, 16 ]
    }, {
      "vertices" : [ 15, 50, 58, 47 ]
    }, {
      "vertices" : [ 24, 45, 41, 36, 25 ]
    }, {
      "vertices" : [ 11, 14, 19 ]
    }, {
      "vertices" : [ 3, 6, 39 ]
    }, {
      "vertices" : [ 1, 39, 6, 2 ]
    }, {
      "vertices" : [ 8, 32, 9 ]
    }, {
      "vertices" : [ 11, 12, 13, 14 ]
    }, {
      "vertices" : [ 16, 22, 17 ]
    }, {
      "vertices" : [ 0, 21, 20, 8, 7 ]
    }, {
      "vertices" : [ 12, 34, 13 ]
    }, {
      "vertices" : [ 35, 40, 56, 57 ]
    }, {
      "vertices" : [ 0, 7, 54, 1 ]
    }, {
      "vertices" : [ 15, 16, 17, 18 ]
    }, {
      "vertices" : [ 3, 19, 22, 23, 4 ]
    }, {
      "vertices" : [ 7, 10, 54 ]
    }, {
      "vertices" : [ 41, 45, 58, 55 ]
    }, {
      "vertices" : [ 3, 39, 11, 19 ]
    }, {
      "vertices" : [ 14, 17, 22, 19 ]
    }, {
      "vertices" : [ 0, 2, 53, 21 ]
    }, {
      "vertices" : [ 49, 51, 52, 53 ]
    }, {
      "vertices" : [ 31, 43, 42, 59, 32 ]
    }, {
      "vertices" : [ 15, 18, 50 ]
    }, {
      "vertices" : [ 42, 55, 56, 59 ]
    }, {
      "vertices" : [ 4, 23, 29, 30 ]
    }, {
      "vertices" : [ 25, 38, 26 ]
    }, {
      "vertices" : [ 13, 28, 18, 17, 14 ]
    }, {
      "vertices" : [ 8, 20, 31, 32 ]
    }, {
      "vertices" : [ 23, 44, 29 ]
    }, {
      "vertices" : [ 24, 27, 46 ]
    }, {
      "vertices" : [ 37, 48, 52, 51, 38 ]
    }, {
      "vertices" : [ 20, 48, 31 ]
    }, {
      "vertices" : [ 24, 25, 26, 27 ]
    }, {
      "vertices" : [ 16, 44, 23, 22 ]
    }, {
      "vertices" : [ 13, 34, 35, 28 ]
    }, {
      "vertices" : [ 10, 34, 12, 54 ]
    }, {
      "vertices" : [ 2, 6, 5, 49, 53 ]
    }, {
      "vertices" : [ 36, 43, 37 ]
    }, {
      "vertices" : [ 5, 30, 33, 49 ]
    }, {
      "vertices" : [ 1, 54, 12, 11, 39 ]
    }, {
      "vertices" : [ 28, 35, 57 ]
    }, {
      "vertices" : [ 21, 53, 52 ]
    } ]
  }, {
    "id" : "c2dc6c96-224e-4fd9-8942-22a4a3ae0ebf",
    "orbit" : "blue",
    "orbitC" : "[[0,0,1],[0,0,1]]",
    "length" : "[\"0\",\"1\",\"1\"]",
    "name" : "b2",
    "vertices" : [ {
      "x" : 12.708204,
      "y" : 0.309017,
      "z" : 0.19098301
    }, {
      "x" : 12.708204,
      "y" : 0.309017,
      "z" : -0.19098301
    }, {
      "x" : 1.0,
      "y" : 0.309017,
      "z" : -0.19098301
    }, {
      "x" : 1.0,
      "y" : 0.309017,
      "z" : 0.19098301
    }, {
      "x" : 12.708204,
      "y" : -0.309017,
      "z" : 0.19098301
    }, {
      "x" : 1.0,
      "y" : -0.309017,
      "z" : 0.19098301
    }, {
      "x" : 1.0,
      "y" : -0.309017,
      "z" : -0.19098301
    }, {
      "x" : 12.708204,
      "y" : -0.309017,
      "z" : -0.19098301
    }, {
      "x" : 13.708204,
      "y" : 0.0,
      "z" : 0.0
    } ],
    "faces" : [ {
      "vertices" : [ 1, 7, 6, 2 ]
    }, {
      "vertices" : [ 0, 1, 2, 3 ]
    }, {
      "vertices" : [ 4, 5, 6, 7 ]
    }, {
      "vertices" : [ 0, 3, 5, 4 ]
    } ]
  }, {
    "id" : "1550520c-212d-4c7b-a6bf-a9d5b9883ac4",
    "orbit" : "blue",
    "orbitC" : "[[0,0,1],[0,0,1]]",
    "length" : "[\"-1\",\"1\",\"1\"]",
    "name" : "b0",
    "vertices" : [ {
      "x" : 4.236068,
      "y" : 0.309017,
      "z" : 0.19098301
    }, {
      "x" : 4.236068,
      "y" : 0.309017,
      "z" : -0.19098301
    }, {
      "x" : 1.0,
      "y" : 0.309017,
      "z" : -0.19098301
    }, {
      "x" : 1.0,
      "y" : 0.309017,
      "z" : 0.19098301
    }, {
      "x" : 4.236068,
      "y" : -0.309017,
      "z" : 0.19098301
    }, {
      "x" : 1.0,
      "y" : -0.309017,
      "z" : 0.19098301
    }, {
      "x" : 1.0,
      "y" : -0.309017,
      "z" : -0.19098301
    }, {
      "x" : 4.236068,
      "y" : -0.309017,
      "z" : -0.19098301
    }, {
      "x" : 5.236068,
      "y" : 0.0,
      "z" : 0.0
    } ],
    "faces" : [ {
      "vertices" : [ 1, 7, 6, 2 ]
    }, {
      "vertices" : [ 0, 1, 2, 3 ]
    }, {
      "vertices" : [ 4, 5, 6, 7 ]
    }, {
      "vertices" : [ 0, 3, 5, 4 ]
    } ]
  } ],
  "instances" : [ {
    "shape" : "b359f65a-e8df-499b-8a18-0ccb1f79c032",
    "color" : "#008EC2",
    "position" : {
      "x" : -17.944271,
      "y" : -6.854102,
      "z" : 11.09017
    },
    "orientation" : 47
  }, {
    "shape" : "b359f65a-e8df-499b-8a18-0ccb1f79c032",
    "color" : "#008EC2",
    "position" : {
      "x" : 6.854102,
      "y" : -2.618034,
      "z" : 17.944271
    },
    "orientation" : 16
  }, {
    "shape" : "dd1e142c-ec78-421b-8cde-d4067701effb",
    "color" : "#008EC2",
    "position" : {
      "x" : 4.236068,
      "y" : -29.034441,
      "z" : -11.09017
    },
    "orientation" : 23
  }, {
    "shape" : "b359f65a-e8df-499b-8a18-0ccb1f79c032",
    "color" : "#008EC2",
    "position" : {
      "x" : 0.0,
      "y" : -8.472136,
      "z" : -22.18034
    },
    "orientation" : 41
  }, {
    "shape" : "b359f65a-e8df-499b-8a18-0ccb1f79c032",
    "color" : "#008EC2",
    "position" : {
      "x" : 0.0,
      "y" : 0.0,
      "z" : 22.18034
    },
    "orientation" : 1
  }, {
    "shape" : "dbe35a82-fabc-4a2c-aff5-dc316a8eb1c2",
    "color" : "#008EC2",
    "position" : {
      "x" : -2.618034,
      "y" : -17.944271,
      "z" : 6.854102
    }
  }, {
    "shape" : "b359f65a-e8df-499b-8a18-0ccb1f79c032",
    "color" : "#008EC2",
    "position" : {
      "x" : -4.236068,
      "y" : 6.854102,
      "z" : 2.618034
    },
    "orientation" : 41
  }, {
    "shape" : "c2dc6c96-224e-4fd9-8942-22a4a3ae0ebf",
    "color" : "#008EC2",
    "position" : {
      "x" : 4.236068,
      "y" : 6.854102,
      "z" : 11.09017
    },
    "orientation" : 0
  }, {
    "shape" : "dbe35a82-fabc-4a2c-aff5-dc316a8eb1c2",
    "color" : "#008EC2",
    "position" : {
      "x" : -11.09017,
      "y" : 4.236068,
      "z" : -6.854102
    }
  }, {
    "shape" : "dbe35a82-fabc-4a2c-aff5-dc316a8eb1c2",
    "color" : "#008EC2",
    "position" : {
      "x" : 0.0,
      "y" : 8.472136,
      "z" : 22.18034
    }
  }, {
    "shape" : "dd1e142c-ec78-421b-8cde-d4067701effb",
    "color" : "#008EC2",
    "position" : {
      "x" : 29.034441,
      "y" : -11.09017,
      "z" : 17.944271
    },
    "orientation" : 1
  }, {
    "shape" : "c2dc6c96-224e-4fd9-8942-22a4a3ae0ebf",
    "color" : "#008EC2",
    "position" : {
      "x" : -4.236068,
      "y" : -6.854102,
      "z" : -11.09017
    },
    "orientation" : 45
  }, {
    "shape" : "b359f65a-e8df-499b-8a18-0ccb1f79c032",
    "color" : "#008EC2",
    "position" : {
      "x" : -2.618034,
      "y" : 4.236068,
      "z" : 6.854102
    },
    "orientation" : 54
  }, {
    "shape" : "1550520c-212d-4c7b-a6bf-a9d5b9883ac4",
    "color" : "#008EC2",
    "position" : {
      "x" : 6.854102,
      "y" : -2.618034,
      "z" : 17.944271
    },
    "orientation" : 1
  }, {
    "shape" : "b359f65a-e8df-499b-8a18-0ccb1f79c032",
    "color" : "#008EC2",
    "position" : {
      "x" : 0.0,
      "y" : -8.472136,
      "z" : 0.0
    },
    "orientation" : 41
  }, {
    "shape" : "dbe35a82-fabc-4a2c-aff5-dc316a8eb1c2",
    "color" : "#008EC2",
    "position" : {
      "x" : 4.236068,
      "y" : -6.854102,
      "z" : 2.618034
    }
  }, {
    "shape" : "dd1e142c-ec78-421b-8cde-d4067701effb",
    "color" : "#008EC2",
    "position" : {
      "x" : 11.09017,
      "y" : -17.944271,
      "z" : 29.034441
    },
    "orientation" : 23
  }, {
    "shape" : "dbe35a82-fabc-4a2c-aff5-dc316a8eb1c2",
    "color" : "#008EC2",
    "position" : {
      "x" : -13.708204,
      "y" : 0.0,
      "z" : 22.18034
    }
  }, {
    "shape" : "dd1e142c-ec78-421b-8cde-d4067701effb",
    "color" : "#008EC2",
    "position" : {
      "x" : -29.034441,
      "y" : -11.09017,
      "z" : 4.236068
    },
    "orientation" : 47
  }, {
    "shape" : "dbe35a82-fabc-4a2c-aff5-dc316a8eb1c2",
    "color" : "#008EC2",
    "position" : {
      "x" : -2.618034,
      "y" : 17.944271,
      "z" : -6.854102
    }
  }, {
    "shape" : "dbe35a82-fabc-4a2c-aff5-dc316a8eb1c2",
    "color" : "#008EC2",
    "position" : {
      "x" : 0.0,
      "y" : 0.0,
      "z" : 13.708204
    }
  }, {
    "shape" : "b359f65a-e8df-499b-8a18-0ccb1f79c032",
    "color" : "#008EC2",
    "position" : {
      "x" : -11.09017,
      "y" : 4.236068,
      "z" : 6.854102
    },
    "orientation" : 16
  }, {
    "shape" : "dbe35a82-fabc-4a2c-aff5-dc316a8eb1c2",
    "color" : "#008EC2",
    "position" : {
      "x" : 4.236068,
      "y" : -6.854102,
      "z" : -2.618034
    }
  }, {
    "shape" : "c2dc6c96-224e-4fd9-8942-22a4a3ae0ebf",
    "color" : "#008EC2",
    "position" : {
      "x" : -8.472136,
      "y" : 22.18034,
      "z" : 0.0
    },
    "orientation" : 45
  }, {
    "shape" : "dbe35a82-fabc-4a2c-aff5-dc316a8eb1c2",
    "color" : "#008EC2",
    "position" : {
      "x" : -13.708204,
      "y" : 0.0,
      "z" : 0.0
    }
  }, {
    "shape" : "dd1e142c-ec78-421b-8cde-d4067701effb",
    "color" : "#008EC2",
    "position" : {
      "x" : -17.944271,
      "y" : -6.854102,
      "z" : 11.09017
    },
    "orientation" : 16
  }, {
    "shape" : "b359f65a-e8df-499b-8a18-0ccb1f79c032",
    "color" : "#008EC2",
    "position" : {
      "x" : -15.326238,
      "y" : -11.09017,
      "z" : 4.236068
    },
    "orientation" : 21
  }, {
    "shape" : "1550520c-212d-4c7b-a6bf-a9d5b9883ac4",
    "color" : "#008EC2",
    "position" : {
      "x" : 2.618034,
      "y" : -4.236068,
      "z" : -6.854102
    },
    "orientation" : 45
  }, {
    "shape" : "dbe35a82-fabc-4a2c-aff5-dc316a8eb1c2",
    "color" : "#008EC2",
    "position" : {
      "x" : -8.472136,
      "y" : 0.0,
      "z" : 0.0
    }
  }, {
    "shape" : "b359f65a-e8df-499b-8a18-0ccb1f79c032",
    "color" : "#008EC2",
    "position" : {
      "x" : 6.854102,
      "y" : -11.09017,
      "z" : -4.236068
    },
    "orientation" : 2
  }, {
    "shape" : "dd1e142c-ec78-421b-8cde-d4067701effb",
    "color" : "#008EC2",
    "position" : {
      "x" : -4.236068,
      "y" : 29.034441,
      "z" : 11.09017
    },
    "orientation" : 47
  }, {
    "shape" : "b359f65a-e8df-499b-8a18-0ccb1f79c032",
    "color" : "#008EC2",
    "position" : {
      "x" : 6.854102,
      "y" : 11.09017,
      "z" : 4.236068
    },
    "orientation" : 21
  }, {
    "shape" : "b359f65a-e8df-499b-8a18-0ccb1f79c032",
    "color" : "#008EC2",
    "position" : {
      "x" : -6.854102,
      "y" : 2.618034,
      "z" : -17.944271
    },
    "orientation" : 1
  }, {
    "shape" : "dd1e142c-ec78-421b-8cde-d4067701effb",
    "color" : "#008EC2",
    "position" : {
      "x" : -17.944271,
      "y" : -29.034441,
      "z" : -11.09017
    },
    "orientation" : 10
  }, {
    "shape" : "c2dc6c96-224e-4fd9-8942-22a4a3ae0ebf",
    "color" : "#008EC2",
    "position" : {
      "x" : -11.09017,
      "y" : 4.236068,
      "z" : -6.854102
    },
    "orientation" : 41
  }, {
    "shape" : "dbe35a82-fabc-4a2c-aff5-dc316a8eb1c2",
    "color" : "#F2F2F2",
    "position" : {
      "x" : -29.034441,
      "y" : -11.09017,
      "z" : -17.944271
    }
  }, {
    "shape" : "dbe35a82-fabc-4a2c-aff5-dc316a8eb1c2",
    "color" : "#F2F2F2",
    "position" : {
      "x" : -17.944271,
      "y" : -6.854102,
      "z" : 11.09017
    }
  }, {
    "shape" : "1550520c-212d-4c7b-a6bf-a9d5b9883ac4",
    "color" : "#008EC2",
    "position" : {
      "x" : 17.944271,
      "y" : 6.854102,
      "z" : -2.618034
    },
    "orientation" : 2
  }, {
    "shape" : "dbe35a82-fabc-4a2c-aff5-dc316a8eb1c2",
    "color" : "#008EC2",
    "position" : {
      "x" : 17.944271,
      "y" : 6.854102,
      "z" : 2.618034
    }
  }, {
    "shape" : "dbe35a82-fabc-4a2c-aff5-dc316a8eb1c2",
    "color" : "#008EC2",
    "position" : {
      "x" : 11.09017,
      "y" : -4.236068,
      "z" : -15.326238
    }
  }, {
    "shape" : "b359f65a-e8df-499b-8a18-0ccb1f79c032",
    "color" : "#008EC2",
    "position" : {
      "x" : 4.236068,
      "y" : -6.854102,
      "z" : 11.09017
    },
    "orientation" : 45
  }, {
    "shape" : "b359f65a-e8df-499b-8a18-0ccb1f79c032",
    "color" : "#008EC2",
    "position" : {
      "x" : -6.854102,
      "y" : -11.09017,
      "z" : -17.944271
    },
    "orientation" : 1
  }, {
    "shape" : "c2dc6c96-224e-4fd9-8942-22a4a3ae0ebf",
    "color" : "#008EC2",
    "position" : {
      "x" : -15.326238,
      "y" : 11.09017,
      "z" : 4.236068
    },
    "orientation" : 54
  }, {
    "shape" : "b359f65a-e8df-499b-8a18-0ccb1f79c032",
    "color" : "#008EC2",
    "position" : {
      "x" : 0.0,
      "y" : 0.0,
      "z" : 0.0
    },
    "orientation" : 1
  }, {
    "shape" : "c2dc6c96-224e-4fd9-8942-22a4a3ae0ebf",
    "color" : "#008EC2",
    "position" : {
      "x" : 4.236068,
      "y" : -15.326238,
      "z" : -11.09017
    },
    "orientation" : 22
  }, {
    "shape" : "c2dc6c96-224e-4fd9-8942-22a4a3ae0ebf",
    "color" : "#008EC2",
    "position" : {
      "x" : 13.708204,
      "y" : 0.0,
      "z" : -22.18034
    },
    "orientation" : 10
  }, {
    "shape" : "dbe35a82-fabc-4a2c-aff5-dc316a8eb1c2",
    "color" : "#008EC2",
    "position" : {
      "x" : -11.09017,
      "y" : -4.236068,
      "z" : 6.854102
    }
  }, {
    "shape" : "dbe35a82-fabc-4a2c-aff5-dc316a8eb1c2",
    "color" : "#F2F2F2",
    "position" : {
      "x" : -6.854102,
      "y" : 11.09017,
      "z" : 4.236068
    }
  }, {
    "shape" : "b359f65a-e8df-499b-8a18-0ccb1f79c032",
    "color" : "#008EC2",
    "position" : {
      "x" : -6.854102,
      "y" : -2.618034,
      "z" : 4.236068
    },
    "orientation" : 23
  }, {
    "shape" : "b359f65a-e8df-499b-8a18-0ccb1f79c032",
    "color" : "#008EC2",
    "position" : {
      "x" : 0.0,
      "y" : 0.0,
      "z" : 0.0
    },
    "orientation" : 2
  }, {
    "shape" : "b359f65a-e8df-499b-8a18-0ccb1f79c032",
    "color" : "#008EC2",
    "position" : {
      "x" : -6.854102,
      "y" : 11.09017,
      "z" : 4.236068
    },
    "orientation" : 47
  }, {
    "shape" : "1550520c-212d-4c7b-a6bf-a9d5b9883ac4",
    "color" : "#008EC2",
    "position" : {
      "x" : 4.236068,
      "y" : -6.854102,
      "z" : -2.618034
    },
    "orientation" : 41
  }, {
    "shape" : "b359f65a-e8df-499b-8a18-0ccb1f79c032",
    "color" : "#008EC2",
    "position" : {
      "x" : 11.09017,
      "y" : -4.236068,
      "z" : -6.854102
    },
    "orientation" : 21
  }, {
    "shape" : "b359f65a-e8df-499b-8a18-0ccb1f79c032",
    "color" : "#008EC2",
    "position" : {
      "x" : -11.09017,
      "y" : -4.236068,
      "z" : 6.854102
    },
    "orientation" : 41
  }, {
    "shape" : "dbe35a82-fabc-4a2c-aff5-dc316a8eb1c2",
    "color" : "#F2F2F2",
    "position" : {
      "x" : -29.034441,
      "y" : 11.09017,
      "z" : -17.944271
    }
  }, {
    "shape" : "dbe35a82-fabc-4a2c-aff5-dc316a8eb1c2",
    "color" : "#008EC2",
    "position" : {
      "x" : 6.854102,
      "y" : 2.618034,
      "z" : 17.944271
    }
  }, {
    "shape" : "dbe35a82-fabc-4a2c-aff5-dc316a8eb1c2",
    "color" : "#008EC2",
    "position" : {
      "x" : 8.472136,
      "y" : -22.18034,
      "z" : 0.0
    }
  }, {
    "shape" : "dbe35a82-fabc-4a2c-aff5-dc316a8eb1c2",
    "color" : "#F2F2F2",
    "position" : {
      "x" : -4.236068,
      "y" : 29.034441,
      "z" : -11.09017
    }
  }, {
    "shape" : "b359f65a-e8df-499b-8a18-0ccb1f79c032",
    "color" : "#008EC2",
    "position" : {
      "x" : -6.854102,
      "y" : 11.09017,
      "z" : 4.236068
    },
    "orientation" : 10
  }, {
    "shape" : "dd1e142c-ec78-421b-8cde-d4067701effb",
    "color" : "#008EC2",
    "position" : {
      "x" : 29.034441,
      "y" : -11.09017,
      "z" : -4.236068
    },
    "orientation" : 1
  }, {
    "shape" : "dbe35a82-fabc-4a2c-aff5-dc316a8eb1c2",
    "color" : "#008EC2",
    "position" : {
      "x" : -4.236068,
      "y" : 15.326238,
      "z" : 11.09017
    }
  }, {
    "shape" : "c2dc6c96-224e-4fd9-8942-22a4a3ae0ebf",
    "color" : "#008EC2",
    "position" : {
      "x" : 11.09017,
      "y" : -4.236068,
      "z" : 6.854102
    },
    "orientation" : 16
  }, {
    "shape" : "dd1e142c-ec78-421b-8cde-d4067701effb",
    "color" : "#008EC2",
    "position" : {
      "x" : 4.236068,
      "y" : -29.034441,
      "z" : 11.09017
    },
    "orientation" : 45
  }, {
    "shape" : "1550520c-212d-4c7b-a6bf-a9d5b9883ac4",
    "color" : "#008EC2",
    "position" : {
      "x" : 4.236068,
      "y" : -6.854102,
      "z" : 2.618034
    },
    "orientation" : 21
  }, {
    "shape" : "b359f65a-e8df-499b-8a18-0ccb1f79c032",
    "color" : "#008EC2",
    "position" : {
      "x" : 11.09017,
      "y" : -4.236068,
      "z" : -29.034441
    },
    "orientation" : 10
  }, {
    "shape" : "c2dc6c96-224e-4fd9-8942-22a4a3ae0ebf",
    "color" : "#008EC2",
    "position" : {
      "x" : -11.09017,
      "y" : 4.236068,
      "z" : 15.326238
    },
    "orientation" : 2
  }, {
    "shape" : "dd1e142c-ec78-421b-8cde-d4067701effb",
    "color" : "#008EC2",
    "position" : {
      "x" : 0.0,
      "y" : -22.18034,
      "z" : -22.18034
    },
    "orientation" : 41
  }, {
    "shape" : "b359f65a-e8df-499b-8a18-0ccb1f79c032",
    "color" : "#008EC2",
    "position" : {
      "x" : 6.854102,
      "y" : 2.618034,
      "z" : -4.236068
    },
    "orientation" : 1
  }, {
    "shape" : "c2dc6c96-224e-4fd9-8942-22a4a3ae0ebf",
    "color" : "#008EC2",
    "position" : {
      "x" : -11.09017,
      "y" : 4.236068,
      "z" : 29.034441
    },
    "orientation" : 23
  }, {
    "shape" : "dbe35a82-fabc-4a2c-aff5-dc316a8eb1c2",
    "color" : "#F2F2F2",
    "position" : {
      "x" : -22.18034,
      "y" : 22.18034,
      "z" : 22.18034
    }
  }, {
    "shape" : "b359f65a-e8df-499b-8a18-0ccb1f79c032",
    "color" : "#008EC2",
    "position" : {
      "x" : -2.618034,
      "y" : 17.944271,
      "z" : -6.854102
    },
    "orientation" : 10
  }, {
    "shape" : "c2dc6c96-224e-4fd9-8942-22a4a3ae0ebf",
    "color" : "#008EC2",
    "position" : {
      "x" : -17.944271,
      "y" : -6.854102,
      "z" : -2.618034
    },
    "orientation" : 41
  }, {
    "shape" : "dbe35a82-fabc-4a2c-aff5-dc316a8eb1c2",
    "color" : "#008EC2",
    "position" : {
      "x" : -2.618034,
      "y" : 4.236068,
      "z" : 6.854102
    }
  }, {
    "shape" : "dd1e142c-ec78-421b-8cde-d4067701effb",
    "color" : "#008EC2",
    "position" : {
      "x" : -29.034441,
      "y" : -11.09017,
      "z" : -17.944271
    },
    "orientation" : 21
  }, {
    "shape" : "dbe35a82-fabc-4a2c-aff5-dc316a8eb1c2",
    "color" : "#F2F2F2",
    "position" : {
      "x" : 0.0,
      "y" : -22.18034,
      "z" : -22.18034
    }
  }, {
    "shape" : "dbe35a82-fabc-4a2c-aff5-dc316a8eb1c2",
    "color" : "#F2F2F2",
    "position" : {
      "x" : 29.034441,
      "y" : -11.09017,
      "z" : -4.236068
    }
  }, {
    "shape" : "dbe35a82-fabc-4a2c-aff5-dc316a8eb1c2",
    "color" : "#008EC2",
    "position" : {
      "x" : 0.0,
      "y" : 0.0,
      "z" : -8.472136
    }
  }, {
    "shape" : "dd1e142c-ec78-421b-8cde-d4067701effb",
    "color" : "#008EC2",
    "position" : {
      "x" : -4.236068,
      "y" : 29.034441,
      "z" : -11.09017
    },
    "orientation" : 0
  }, {
    "shape" : "dbe35a82-fabc-4a2c-aff5-dc316a8eb1c2",
    "color" : "#008EC2",
    "position" : {
      "x" : 15.326238,
      "y" : -11.09017,
      "z" : -4.236068
    }
  }, {
    "shape" : "dbe35a82-fabc-4a2c-aff5-dc316a8eb1c2",
    "color" : "#F2F2F2",
    "position" : {
      "x" : 6.854102,
      "y" : -11.09017,
      "z" : -4.236068
    }
  }, {
    "shape" : "dbe35a82-fabc-4a2c-aff5-dc316a8eb1c2",
    "color" : "#008EC2",
    "position" : {
      "x" : 2.618034,
      "y" : -4.236068,
      "z" : -6.854102
    }
  }, {
    "shape" : "c2dc6c96-224e-4fd9-8942-22a4a3ae0ebf",
    "color" : "#008EC2",
    "position" : {
      "x" : 0.0,
      "y" : -8.472136,
      "z" : -22.18034
    },
    "orientation" : 16
  }, {
    "shape" : "c2dc6c96-224e-4fd9-8942-22a4a3ae0ebf",
    "color" : "#008EC2",
    "position" : {
      "x" : 6.854102,
      "y" : 11.09017,
      "z" : 4.236068
    },
    "orientation" : 54
  }, {
    "shape" : "dbe35a82-fabc-4a2c-aff5-dc316a8eb1c2",
    "color" : "#008EC2",
    "position" : {
      "x" : -15.326238,
      "y" : 11.09017,
      "z" : 4.236068
    }
  }, {
    "shape" : "c2dc6c96-224e-4fd9-8942-22a4a3ae0ebf",
    "color" : "#008EC2",
    "position" : {
      "x" : -2.618034,
      "y" : -17.944271,
      "z" : 6.854102
    },
    "orientation" : 21
  }, {
    "shape" : "dd1e142c-ec78-421b-8cde-d4067701effb",
    "color" : "#008EC2",
    "position" : {
      "x" : 11.09017,
      "y" : -17.944271,
      "z" : 29.034441
    },
    "orientation" : 22
  }, {
    "shape" : "b359f65a-e8df-499b-8a18-0ccb1f79c032",
    "color" : "#008EC2",
    "position" : {
      "x" : 4.236068,
      "y" : -6.854102,
      "z" : -11.09017
    },
    "orientation" : 23
  }, {
    "shape" : "b359f65a-e8df-499b-8a18-0ccb1f79c032",
    "color" : "#008EC2",
    "position" : {
      "x" : 6.854102,
      "y" : -11.09017,
      "z" : 4.236068
    },
    "orientation" : 21
  }, {
    "shape" : "dd1e142c-ec78-421b-8cde-d4067701effb",
    "color" : "#008EC2",
    "position" : {
      "x" : 29.034441,
      "y" : 11.09017,
      "z" : 17.944271
    },
    "orientation" : 41
  }, {
    "shape" : "b359f65a-e8df-499b-8a18-0ccb1f79c032",
    "color" : "#008EC2",
    "position" : {
      "x" : -13.708204,
      "y" : 0.0,
      "z" : 22.18034
    },
    "orientation" : 10
  }, {
    "shape" : "1550520c-212d-4c7b-a6bf-a9d5b9883ac4",
    "color" : "#008EC2",
    "position" : {
      "x" : 2.618034,
      "y" : -4.236068,
      "z" : -6.854102
    },
    "orientation" : 54
  }, {
    "shape" : "dd1e142c-ec78-421b-8cde-d4067701effb",
    "color" : "#008EC2",
    "position" : {
      "x" : -11.09017,
      "y" : -4.236068,
      "z" : -29.034441
    },
    "orientation" : 21
  }, {
    "shape" : "b359f65a-e8df-499b-8a18-0ccb1f79c032",
    "color" : "#008EC2",
    "position" : {
      "x" : 4.236068,
      "y" : -6.854102,
      "z" : -2.618034
    },
    "orientation" : 47
  }, {
    "shape" : "b359f65a-e8df-499b-8a18-0ccb1f79c032",
    "color" : "#008EC2",
    "position" : {
      "x" : 11.09017,
      "y" : -17.944271,
      "z" : 6.854102
    },
    "orientation" : 45
  }, {
    "shape" : "dbe35a82-fabc-4a2c-aff5-dc316a8eb1c2",
    "color" : "#008EC2",
    "position" : {
      "x" : -4.236068,
      "y" : -6.854102,
      "z" : -11.09017
    }
  }, {
    "shape" : "b359f65a-e8df-499b-8a18-0ccb1f79c032",
    "color" : "#008EC2",
    "position" : {
      "x" : 4.236068,
      "y" : -6.854102,
      "z" : -2.618034
    },
    "orientation" : 23
  }, {
    "shape" : "dbe35a82-fabc-4a2c-aff5-dc316a8eb1c2",
    "color" : "#008EC2",
    "position" : {
      "x" : 4.236068,
      "y" : 6.854102,
      "z" : 11.09017
    }
  }, {
    "shape" : "b359f65a-e8df-499b-8a18-0ccb1f79c032",
