{
  "polygons" : "true",
  "field" : "golden",
  "symmetry" : "icosahedral",
  "orientations" : [ [ 1.0, 0.0, 0.0, 0.0, 0.0, 1.0, 0.0, 0.0, 0.0, 0.0, 1.0, 0.0, 0.0, 0.0, 0.0, 1.0 ], [ 0.0, 0.0, 1.0, 0.0, 1.0, 0.0, 0.0, 0.0, 0.0, 1.0, 0.0, 0.0, 0.0, 0.0, 0.0, 1.0 ], [ 0.0, 1.0, 0.0, 0.0, 0.0, 0.0, 1.0, 0.0, 1.0, 0.0, 0.0, 0.0, 0.0, 0.0, 0.0, 1.0 ], [ 0.809017, 0.309017, 0.5, 0.0, 0.309017, 0.5, -0.809017, 0.0, -0.5, 0.809017, 0.309017, 0.0, 0.0, 0.0, 0.0, 1.0 ], [ -0.5, 0.809017, 0.309017, 0.0, 0.809017, 0.309017, 0.5, 0.0, 0.309017, 0.5, -0.809017, 0.0, 0.0, 0.0, 0.0, 1.0 ], [ 0.309017, 0.5, -0.809017, 0.0, -0.5, 0.809017, 0.309017, 0.0, 0.809017, 0.309017, 0.5, 0.0, 0.0, 0.0, 0.0, 1.0 ], [ 0.5, 0.809017, 0.309017, 0.0, 0.809017, -0.309017, -0.5, 0.0, -0.309017, 0.5, -0.809017, 0.0, 0.0, 0.0, 0.0, 1.0 ], [ -0.309017, 0.5, -0.809017, 0.0, 0.5, 0.809017, 0.309017, 0.0, 0.809017, -0.309017, -0.5, 0.0, 0.0, 0.0, 0.0, 1.0 ], [ 0.809017, -0.309017, -0.5, 0.0, -0.309017, 0.5, -0.809017, 0.0, 0.5, 0.809017, 0.309017, 0.0, 0.0, 0.0, 0.0, 1.0 ], [ 0.5, 0.809017, -0.309017, 0.0, 0.809017, -0.309017, 0.5, 0.0, 0.309017, -0.5, -0.809017, 0.0, 0.0, 0.0, 0.0, 1.0 ], [ 0.309017, -0.5, -0.809017, 0.0, 0.5, 0.809017, -0.309017, 0.0, 0.809017, -0.309017, 0.5, 0.0, 0.0, 0.0, 0.0, 1.0 ], [ 0.809017, -0.309017, 0.5, 0.0, 0.309017, -0.5, -0.809017, 0.0, 0.5, 0.809017, -0.309017, 0.0, 0.0, 0.0, 0.0, 1.0 ], [ 0.809017, 0.309017, -0.5, 0.0, 0.309017, 0.5, 0.809017, 0.0, 0.5, -0.809017, 0.309017, 0.0, 0.0, 0.0, 0.0, 1.0 ], [ 0.5, -0.809017, 0.309017, 0.0, 0.809017, 0.309017, -0.5, 0.0, 0.309017, 0.5, 0.809017, 0.0, 0.0, 0.0, 0.0, 1.0 ], [ 0.309017, 0.5, 0.809017, 0.0, 0.5, -0.809017, 0.309017, 0.0, 0.809017, 0.309017, -0.5, 0.0, 0.0, 0.0, 0.0, 1.0 ], [ 1.0, 0.0, 0.0, 0.0, 0.0, -1.0, 0.0, 0.0, 0.0, 0.0, -1.0, 0.0, 0.0, 0.0, 0.0, 1.0 ], [ 0.0, 0.0, 1.0, 0.0, -1.0, 0.0, 0.0, 0.0, 0.0, -1.0, 0.0, 0.0, 0.0, 0.0, 0.0, 1.0 ], [ 0.0, 1.0, 0.0, 0.0, 0.0, 0.0, -1.0, 0.0, -1.0, 0.0, 0.0, 0.0, 0.0, 0.0, 0.0, 1.0 ], [ 0.809017, 0.309017, 0.5, 0.0, -0.309017, -0.5, 0.809017, 0.0, 0.5, -0.809017, -0.309017, 0.0, 0.0, 0.0, 0.0, 1.0 ], [ -0.5, 0.809017, 0.309017, 0.0, -0.809017, -0.309017, -0.5, 0.0, -0.309017, -0.5, 0.809017, 0.0, 0.0, 0.0, 0.0, 1.0 ], [ 0.309017, 0.5, -0.809017, 0.0, 0.5, -0.809017, -0.309017, 0.0, -0.809017, -0.309017, -0.5, 0.0, 0.0, 0.0, 0.0, 1.0 ], [ 0.5, 0.809017, 0.309017, 0.0, -0.809017, 0.309017, 0.5, 0.0, 0.309017, -0.5, 0.809017, 0.0, 0.0, 0.0, 0.0, 1.0 ], [ -0.309017, 0.5, -0.809017, 0.0, -0.5, -0.809017, -0.309017, 0.0, -0.809017, 0.309017, 0.5, 0.0, 0.0, 0.0, 0.0, 1.0 ], [ 0.809017, -0.309017, -0.5, 0.0, 0.309017, -0.5, 0.809017, 0.0, -0.5, -0.809017, -0.309017, 0.0, 0.0, 0.0, 0.0, 1.0 ], [ 0.5, 0.809017, -0.309017, 0.0, -0.809017, 0.309017, -0.5, 0.0, -0.309017, 0.5, 0.809017, 0.0, 0.0, 0.0, 0.0, 1.0 ], [ 0.309017, -0.5, -0.809017, 0.0, -0.5, -0.809017, 0.309017, 0.0, -0.809017, 0.309017, -0.5, 0.0, 0.0, 0.0, 0.0, 1.0 ], [ 0.809017, -0.309017, 0.5, 0.0, -0.309017, 0.5, 0.809017, 0.0, -0.5, -0.809017, 0.309017, 0.0, 0.0, 0.0, 0.0, 1.0 ], [ 0.809017, 0.309017, -0.5, 0.0, -0.309017, -0.5, -0.809017, 0.0, -0.5, 0.809017, -0.309017, 0.0, 0.0, 0.0, 0.0, 1.0 ], [ 0.5, -0.809017, 0.309017, 0.0, -0.809017, -0.309017, 0.5, 0.0, -0.309017, -0.5, -0.809017, 0.0, 0.0, 0.0, 0.0, 1.0 ], [ 0.309017, 0.5, 0.809017, 0.0, -0.5, 0.809017, -0.309017, 0.0, -0.809017, -0.309017, 0.5, 0.0, 0.0, 0.0, 0.0, 1.0 ], [ -1.0, 0.0, 0.0, 0.0, 0.0, -1.0, 0.0, 0.0, 0.0, 0.0, 1.0, 0.0, 0.0, 0.0, 0.0, 1.0 ], [ 0.0, 0.0, -1.0, 0.0, -1.0, 0.0, 0.0, 0.0, 0.0, 1.0, 0.0, 0.0, 0.0, 0.0, 0.0, 1.0 ], [ 0.0, -1.0, 0.0, 0.0, 0.0, 0.0, -1.0, 0.0, 1.0, 0.0, 0.0, 0.0, 0.0, 0.0, 0.0, 1.0 ], [ -0.809017, -0.309017, -0.5, 0.0, -0.309017, -0.5, 0.809017, 0.0, -0.5, 0.809017, 0.309017, 0.0, 0.0, 0.0, 0.0, 1.0 ], [ 0.5, -0.809017, -0.309017, 0.0, -0.809017, -0.309017, -0.5, 0.0, 0.309017, 0.5, -0.809017, 0.0, 0.0, 0.0, 0.0, 1.0 ], [ -0.309017, -0.5, 0.809017, 0.0, 0.5, -0.809017, -0.309017, 0.0, 0.809017, 0.309017, 0.5, 0.0, 0.0, 0.0, 0.0, 1.0 ], [ -0.5, -0.809017, -0.309017, 0.0, -0.809017, 0.309017, 0.5, 0.0, -0.309017, 0.5, -0.809017, 0.0, 0.0, 0.0, 0.0, 1.0 ], [ 0.309017, -0.5, 0.809017, 0.0, -0.5, -0.809017, -0.309017, 0.0, 0.809017, -0.309017, -0.5, 0.0, 0.0, 0.0, 0.0, 1.0 ], [ -0.809017, 0.309017, 0.5, 0.0, 0.309017, -0.5, 0.809017, 0.0, 0.5, 0.809017, 0.309017, 0.0, 0.0, 0.0, 0.0, 1.0 ], [ -0.5, -0.809017, 0.309017, 0.0, -0.809017, 0.309017, -0.5, 0.0, 0.309017, -0.5, -0.809017, 0.0, 0.0, 0.0, 0.0, 1.0 ], [ -0.309017, 0.5, 0.809017, 0.0, -0.5, -0.809017, 0.309017, 0.0, 0.809017, -0.309017, 0.5, 0.0, 0.0, 0.0, 0.0, 1.0 ], [ -0.809017, 0.309017, -0.5, 0.0, -0.309017, 0.5, 0.809017, 0.0, 0.5, 0.809017, -0.309017, 0.0, 0.0, 0.0, 0.0, 1.0 ], [ -0.809017, -0.309017, 0.5, 0.0, -0.309017, -0.5, -0.809017, 0.0, 0.5, -0.809017, 0.309017, 0.0, 0.0, 0.0, 0.0, 1.0 ], [ -0.5, 0.809017, -0.309017, 0.0, -0.809017, -0.309017, 0.5, 0.0, 0.309017, 0.5, 0.809017, 0.0, 0.0, 0.0, 0.0, 1.0 ], [ -0.309017, -0.5, -0.809017, 0.0, -0.5, 0.809017, -0.309017, 0.0, 0.809017, 0.309017, -0.5, 0.0, 0.0, 0.0, 0.0, 1.0 ], [ -1.0, 0.0, 0.0, 0.0, 0.0, 1.0, 0.0, 0.0, 0.0, 0.0, -1.0, 0.0, 0.0, 0.0, 0.0, 1.0 ], [ 0.0, 0.0, -1.0, 0.0, 1.0, 0.0, 0.0, 0.0, 0.0, -1.0, 0.0, 0.0, 0.0, 0.0, 0.0, 1.0 ], [ 0.0, -1.0, 0.0, 0.0, 0.0, 0.0, 1.0, 0.0, -1.0, 0.0, 0.0, 0.0, 0.0, 0.0, 0.0, 1.0 ], [ -0.809017, -0.309017, -0.5, 0.0, 0.309017, 0.5, -0.809017, 0.0, 0.5, -0.809017, -0.309017, 0.0, 0.0, 0.0, 0.0, 1.0 ], [ 0.5, -0.809017, -0.309017, 0.0, 0.809017, 0.309017, 0.5, 0.0, -0.309017, -0.5, 0.809017, 0.0, 0.0, 0.0, 0.0, 1.0 ], [ -0.309017, -0.5, 0.809017, 0.0, -0.5, 0.809017, 0.309017, 0.0, -0.809017, -0.309017, -0.5, 0.0, 0.0, 0.0, 0.0, 1.0 ], [ -0.5, -0.809017, -0.309017, 0.0, 0.809017, -0.309017, -0.5, 0.0, 0.309017, -0.5, 0.809017, 0.0, 0.0, 0.0, 0.0, 1.0 ], [ 0.309017, -0.5, 0.809017, 0.0, 0.5, 0.809017, 0.309017, 0.0, -0.809017, 0.309017, 0.5, 0.0, 0.0, 0.0, 0.0, 1.0 ], [ -0.809017, 0.309017, 0.5, 0.0, -0.309017, 0.5, -0.809017, 0.0, -0.5, -0.809017, -0.309017, 0.0, 0.0, 0.0, 0.0, 1.0 ], [ -0.5, -0.809017, 0.309017, 0.0, 0.809017, -0.309017, 0.5, 0.0, -0.309017, 0.5, 0.809017, 0.0, 0.0, 0.0, 0.0, 1.0 ], [ -0.309017, 0.5, 0.809017, 0.0, 0.5, 0.809017, -0.309017, 0.0, -0.809017, 0.309017, -0.5, 0.0, 0.0, 0.0, 0.0, 1.0 ], [ -0.809017, 0.309017, -0.5, 0.0, 0.309017, -0.5, -0.809017, 0.0, -0.5, -0.809017, 0.309017, 0.0, 0.0, 0.0, 0.0, 1.0 ], [ -0.809017, -0.309017, 0.5, 0.0, 0.309017, 0.5, 0.809017, 0.0, -0.5, 0.809017, -0.309017, 0.0, 0.0, 0.0, 0.0, 1.0 ], [ -0.5, 0.809017, -0.309017, 0.0, 0.809017, 0.309017, -0.5, 0.0, -0.309017, -0.5, -0.809017, 0.0, 0.0, 0.0, 0.0, 1.0 ], [ -0.309017, -0.5, -0.809017, 0.0, 0.5, -0.809017, 0.309017, 0.0, -0.809017, -0.309017, 0.5, 0.0, 0.0, 0.0, 0.0, 1.0 ] ],
  "lights" : {
    "directionalLights" : [ {
      "direction" : [ 1.0, -1.0, -1.0 ],
      "color" : "#EBEBE4"
    }, {
      "direction" : [ -1.0, 0.0, 0.0 ],
      "color" : "#E4E4EB"
    }, {
      "direction" : [ 0.0, 0.0, -1.0 ],
      "color" : "#1E1E1E"
    } ],
    "backgroundColor" : "#AFC8DC",
    "ambientColor" : "#292929"
  },
  "camera" : {
    "position" : {
      "x" : 286.51825,
      "y" : -60.76369,
      "z" : -39.659233
    },
    "width" : 133.00307,
    "lookAtPointRV" : {
      "x" : 0.0,
      "y" : 0.0,
      "z" : 0.0,
      "zero" : true
    },
    "lookDirectionRV" : {
      "x" : -0.9694007,
      "y" : 0.20558678,
      "z" : 0.13418233,
      "zero" : false
    },
    "fieldOfView" : 0.44262904,
    "viewDistance" : 295.56226,
    "perspective" : true,
    "upDirectionRV" : {
      "x" : 0.020045947,
      "y" : -0.4784544,
      "z" : 0.877879,
      "zero" : false
    },
    "nearClipDistance" : 0.73890585,
    "lookAtPoint" : {
      "x" : 0.0,
      "y" : 0.0,
      "z" : 0.0
    },
    "lookDirection" : {
      "x" : -0.9694007,
      "y" : 0.20558678,
      "z" : 0.13418233
    },
    "upDirection" : {
      "x" : 0.020045947,
      "y" : -0.4784544,
      "z" : 0.877879
    },
    "stereo" : false,
    "farClipDistance" : 591.12427
  },
  "embedding" : [ 1.0, 0.0, 0.0, 0.0, 0.0, 1.0, 0.0, 0.0, 0.0, 0.0, 1.0, 0.0, 0.0, 0.0, 0.0, 1.0 ],
  "shapes" : [ {
    "id" : "4cc69709-f3a0-40c8-824e-2fa5453b81d8",
    "name" : "ball",
    "vertices" : [ {
      "x" : 0.309017,
      "y" : -0.809017,
      "z" : 0.618034
    }, {
      "x" : 0.809017,
      "y" : -0.618034,
      "z" : 0.309017
    }, {
      "x" : 0.618034,
      "y" : -0.309017,
      "z" : 0.809017
    }, {
      "x" : 1.0,
      "y" : 0.309017,
      "z" : 0.19098301
    }, {
      "x" : 0.809017,
      "y" : 0.618034,
      "z" : 0.309017
    }, {
      "x" : 0.618034,
      "y" : 0.309017,
      "z" : 0.809017
    }, {
      "x" : 0.809017,
      "y" : 0.0,
      "z" : 0.690983
    }, {
      "x" : 0.19098301,
      "y" : -1.0,
      "z" : 0.309017
    }, {
      "x" : -0.19098301,
      "y" : -1.0,
      "z" : 0.309017
    }, {
      "x" : -0.19098301,
      "y" : -1.0,
      "z" : -0.309017
    }, {
      "x" : 0.19098301,
      "y" : -1.0,
      "z" : -0.309017
    }, {
      "x" : 1.0,
      "y" : -0.309017,
      "z" : -0.19098301
    }, {
      "x" : 0.809017,
      "y" : -0.618034,
      "z" : -0.309017
    }, {
      "x" : 0.618034,
      "y" : -0.309017,
      "z" : -0.809017
    }, {
      "x" : 0.809017,
      "y" : 0.0,
      "z" : -0.690983
    }, {
      "x" : 0.0,
      "y" : 0.690983,
      "z" : -0.809017
    }, {
      "x" : 0.309017,
      "y" : 0.809017,
      "z" : -0.618034
    }, {
      "x" : 0.618034,
      "y" : 0.309017,
      "z" : -0.809017
    }, {
      "x" : 0.309017,
      "y" : 0.19098301,
      "z" : -1.0
    }, {
      "x" : 1.0,
      "y" : 0.309017,
      "z" : -0.19098301
    }, {
      "x" : -0.309017,
      "y" : -0.809017,
      "z" : 0.618034
    }, {
      "x" : 0.0,
      "y" : -0.690983,
      "z" : 0.809017
    }, {
      "x" : 0.809017,
      "y" : 0.618034,
      "z" : -0.309017
    }, {
      "x" : 0.690983,
      "y" : 0.809017,
      "z" : 0.0
    }, {
      "x" : -0.690983,
      "y" : 0.809017,
      "z" : 0.0
    }, {
      "x" : -0.809017,
      "y" : 0.618034,
      "z" : 0.309017
    }, {
      "x" : -0.309017,
      "y" : 0.809017,
      "z" : 0.618034
    }, {
      "x" : -0.19098301,
      "y" : 1.0,
      "z" : 0.309017
    }, {
      "x" : 0.309017,
      "y" : -0.19098301,
      "z" : -1.0
    }, {
      "x" : 0.19098301,
      "y" : 1.0,
      "z" : 0.309017
    }, {
      "x" : 0.309017,
      "y" : 0.809017,
      "z" : 0.618034
    }, {
      "x" : -0.809017,
      "y" : -0.618034,
      "z" : 0.309017
    }, {
      "x" : -0.690983,
      "y" : -0.809017,
      "z" : 0.0
    }, {
      "x" : 0.0,
      "y" : 0.690983,
      "z" : 0.809017
    }, {
      "x" : 0.309017,
      "y" : -0.809017,
      "z" : -0.618034
    }, {
      "x" : 0.0,
      "y" : -0.690983,
      "z" : -0.809017
    }, {
      "x" : -1.0,
      "y" : 0.309017,
      "z" : 0.19098301
    }, {
      "x" : -0.809017,
      "y" : 0.0,
      "z" : 0.690983
    }, {
      "x" : -0.618034,
      "y" : 0.309017,
      "z" : 0.809017
    }, {
      "x" : 1.0,
      "y" : -0.309017,
      "z" : 0.19098301
    }, {
      "x" : -0.309017,
      "y" : -0.809017,
      "z" : -0.618034
    }, {
      "x" : -1.0,
      "y" : 0.309017,
      "z" : -0.19098301
    }, {
      "x" : -1.0,
      "y" : -0.309017,
      "z" : -0.19098301
    }, {
      "x" : -1.0,
      "y" : -0.309017,
      "z" : 0.19098301
    }, {
      "x" : 0.19098301,
      "y" : 1.0,
      "z" : -0.309017
    }, {
      "x" : -0.809017,
      "y" : 0.618034,
      "z" : -0.309017
    }, {
      "x" : -0.19098301,
      "y" : 1.0,
      "z" : -0.309017
    }, {
      "x" : -0.309017,
      "y" : 0.809017,
      "z" : -0.618034
    }, {
      "x" : -0.618034,
      "y" : -0.309017,
      "z" : 0.809017
    }, {
      "x" : 0.309017,
      "y" : 0.19098301,
      "z" : 1.0
    }, {
      "x" : -0.309017,
      "y" : 0.19098301,
      "z" : -1.0
    }, {
      "x" : -0.309017,
      "y" : 0.19098301,
      "z" : 1.0
    }, {
      "x" : -0.309017,
      "y" : -0.19098301,
      "z" : 1.0
    }, {
      "x" : 0.309017,
      "y" : -0.19098301,
      "z" : 1.0
    }, {
      "x" : 0.690983,
      "y" : -0.809017,
      "z" : 0.0
    }, {
      "x" : -0.809017,
      "y" : 0.0,
      "z" : -0.690983
    }, {
      "x" : -0.618034,
      "y" : -0.309017,
      "z" : -0.809017
    }, {
      "x" : -0.309017,
      "y" : -0.19098301,
      "z" : -1.0
    }, {
      "x" : -0.618034,
      "y" : 0.309017,
      "z" : -0.809017
    }, {
      "x" : -0.809017,
      "y" : -0.618034,
      "z" : -0.309017
    } ],
    "faces" : [ {
      "vertices" : [ 9, 40, 35, 34, 10 ]
    }, {
      "vertices" : [ 0, 1, 2 ]
    }, {
      "vertices" : [ 33, 51, 49 ]
    }, {
      "vertices" : [ 25, 36, 37, 38 ]
    }, {
      "vertices" : [ 41, 55, 42 ]
    }, {
      "vertices" : [ 9, 32, 59, 40 ]
    }, {
      "vertices" : [ 20, 21, 52, 48 ]
    }, {
      "vertices" : [ 26, 33, 30, 29, 27 ]
    }, {
      "vertices" : [ 3, 4, 5, 6 ]
    }, {
      "vertices" : [ 27, 29, 44, 46 ]
    }, {
      "vertices" : [ 50, 57, 56, 55, 58 ]
    }, {
      "vertices" : [ 26, 38, 51, 33 ]
    }, {
      "vertices" : [ 45, 47, 58 ]
    }, {
      "vertices" : [ 18, 28, 57, 50 ]
    }, {
      "vertices" : [ 40, 59, 56 ]
    }, {
      "vertices" : [ 31, 48, 37, 43 ]
    }, {
      "vertices" : [ 7, 8, 9, 10 ]
    }, {
      "vertices" : [ 36, 41, 42, 43 ]
    }, {
      "vertices" : [ 24, 46, 47, 45 ]
    }, {
      "vertices" : [ 4, 30, 5 ]
    }, {
      "vertices" : [ 15, 47, 46, 44, 16 ]
    }, {
      "vertices" : [ 15, 50, 58, 47 ]
    }, {
      "vertices" : [ 24, 45, 41, 36, 25 ]
    }, {
      "vertices" : [ 11, 14, 19 ]
    }, {
      "vertices" : [ 3, 6, 39 ]
    }, {
      "vertices" : [ 1, 39, 6, 2 ]
    }, {
      "vertices" : [ 8, 32, 9 ]
    }, {
      "vertices" : [ 11, 12, 13, 14 ]
    }, {
      "vertices" : [ 16, 22, 17 ]
    }, {
      "vertices" : [ 0, 21, 20, 8, 7 ]
    }, {
      "vertices" : [ 12, 34, 13 ]
    }, {
      "vertices" : [ 35, 40, 56, 57 ]
    }, {
      "vertices" : [ 0, 7, 54, 1 ]
    }, {
      "vertices" : [ 15, 16, 17, 18 ]
    }, {
      "vertices" : [ 3, 19, 22, 23, 4 ]
    }, {
      "vertices" : [ 7, 10, 54 ]
    }, {
      "vertices" : [ 41, 45, 58, 55 ]
    }, {
      "vertices" : [ 3, 39, 11, 19 ]
    }, {
      "vertices" : [ 14, 17, 22, 19 ]
    }, {
      "vertices" : [ 0, 2, 53, 21 ]
    }, {
      "vertices" : [ 49, 51, 52, 53 ]
    }, {
      "vertices" : [ 31, 43, 42, 59, 32 ]
    }, {
      "vertices" : [ 15, 18, 50 ]
    }, {
      "vertices" : [ 42, 55, 56, 59 ]
    }, {
      "vertices" : [ 4, 23, 29, 30 ]
    }, {
      "vertices" : [ 25, 38, 26 ]
    }, {
      "vertices" : [ 13, 28, 18, 17, 14 ]
    }, {
      "vertices" : [ 8, 20, 31, 32 ]
    }, {
      "vertices" : [ 23, 44, 29 ]
    }, {
      "vertices" : [ 24, 27, 46 ]
    }, {
      "vertices" : [ 37, 48, 52, 51, 38 ]
    }, {
      "vertices" : [ 20, 48, 31 ]
    }, {
      "vertices" : [ 24, 25, 26, 27 ]
    }, {
      "vertices" : [ 16, 44, 23, 22 ]
    }, {
      "vertices" : [ 13, 34, 35, 28 ]
    }, {
      "vertices" : [ 10, 34, 12, 54 ]
    }, {
      "vertices" : [ 2, 6, 5, 49, 53 ]
    }, {
      "vertices" : [ 36, 43, 37 ]
    }, {
      "vertices" : [ 5, 30, 33, 49 ]
    }, {
      "vertices" : [ 1, 54, 12, 11, 39 ]
    }, {
      "vertices" : [ 28, 35, 57 ]
    }, {
      "vertices" : [ 21, 53, 52 ]
    } ]
  }, {
    "id" : "d4d8fac2-e851-4712-9d31-d16441f4009f",
    "orbit" : "red",
    "orbitC" : "[[-1,1,1],[0,0,1]]",
    "length" : "[1,1,1]",
    "name" : "r3",
    "vertices" : [ {
      "x" : 8.163119,
      "y" : 5.163119,
      "z" : 0.309017
    }, {
      "x" : 9.781153,
      "y" : 5.927051,
      "z" : 0.309017
    }, {
      "x" : 9.59017,
      "y" : 6.236068,
      "z" : 0.19098301
    }, {
      "x" : 0.809017,
      "y" : 0.618034,
      "z" : -0.309017
    }, {
      "x" : 0.690983,
      "y" : 0.809017,
      "z" : 0.0
    }, {
      "x" : 8.045085,
      "y" : 5.354102,
      "z" : 0.0
    }, {
      "x" : 8.163119,
      "y" : 5.163119,
      "z" : -0.309017
    }, {
      "x" : 17.135256,
      "y" : 10.472136,
      "z" : 0.309017
    }, {
      "x" : 8.354102,
      "y" : 4.854102,
      "z" : 0.19098301
    }, {
      "x" : 8.354102,
      "y" : 4.854102,
      "z" : -0.19098301
    }, {
      "x" : 9.899187,
      "y" : 5.736068,
      "z" : 0.0
    }, {
      "x" : 9.781153,
      "y" : 5.927051,
      "z" : -0.309017
    }, {
      "x" : 17.253288,
      "y" : 10.281153,
      "z" : 0.0
    }, {
      "x" : 1.0,
      "y" : 0.309017,
      "z" : 0.19098301
    }, {
      "x" : 1.0,
      "y" : 0.309017,
      "z" : -0.19098301
    }, {
      "x" : 0.809017,
      "y" : 0.618034,
      "z" : 0.309017
    }, {
      "x" : 16.944271,
      "y" : 10.781153,
      "z" : 0.19098301
    }, {
      "x" : 17.135256,
      "y" : 10.472136,
      "z" : -0.309017
    }, {
      "x" : 16.944271,
      "y" : 10.781153,
      "z" : -0.19098301
    }, {
      "x" : 17.944271,
      "y" : 11.09017,
      "z" : 0.0
    }, {
      "x" : 9.59017,
      "y" : 6.236068,
      "z" : -0.19098301
    } ],
    "faces" : [ {
      "vertices" : [ 3, 6, 9, 14 ]
    }, {
      "vertices" : [ 11, 20, 18, 17 ]
    }, {
      "vertices" : [ 0, 1, 2 ]
    }, {
      "vertices" : [ 0, 15, 13, 8 ]
    }, {
      "vertices" : [ 6, 20, 11 ]
    }, {
      "vertices" : [ 0, 2, 5 ]
    }, {
      "vertices" : [ 0, 8, 1 ]
    }, {
      "vertices" : [ 8, 13, 14, 9 ]
    }, {
      "vertices" : [ 3, 4, 5, 6 ]
    }, {
      "vertices" : [ 10, 11, 17, 12 ]
    }, {
      "vertices" : [ 1, 8, 10 ]
    }, {
      "vertices" : [ 0, 5, 4, 15 ]
    }, {
      "vertices" : [ 2, 16, 18, 20 ]
    }, {
      "vertices" : [ 1, 7, 16, 2 ]
    }, {
      "vertices" : [ 6, 11, 9 ]
    }, {
      "vertices" : [ 8, 9, 10 ]
    }, {
      "vertices" : [ 2, 20, 5 ]
    }, {
      "vertices" : [ 9, 11, 10 ]
    }, {
      "vertices" : [ 1, 10, 12, 7 ]
    }, {
      "vertices" : [ 5, 20, 6 ]
    } ]
  }, {
    "id" : "747dfbf7-41c8-4ba3-b77d-fa123d6ae53d",
    "orbit" : "orange",
    "orbitC" : "[[-4,3,5],[3,-1,5]]",
    "length" : "[1464,-488,245]",
    "name" : " :1464/245 -488/245*phi",
    "vertices" : [ {
      "x" : 1.0,
      "y" : -0.309017,
      "z" : -0.19098301
    }, {
      "x" : 0.809017,
      "y" : 0.0,
      "z" : -0.690983
    }, {
      "x" : 1.0,
      "y" : 0.309017,
      "z" : -0.19098301
    }, {
      "x" : 1.809017,
      "y" : 0.0,
      "z" : -0.309017
    }, {
      "x" : 1.618034,
      "y" : 0.309017,
      "z" : -0.809017
    }, {
      "x" : 2.0,
      "y" : 0.309017,
      "z" : -0.19098301
    }, {
      "x" : 1.809017,
      "y" : 0.618034,
      "z" : -0.690983
    }, {
      "x" : 19.284872,
      "y" : 2.9852326,
      "z" : -5.1392245
    }, {
      "x" : 19.09389,
      "y" : 3.2942495,
      "z" : -5.6392245
    }, {
      "x" : 19.475855,
      "y" : 3.2942495,
      "z" : -5.0211906
    }, {
      "x" : 19.284872,
      "y" : 3.6032665,
      "z" : -5.5211906
    }, {
      "x" : 20.09389,
      "y" : 3.2942495,
      "z" : -5.6392245
    }, {
      "x" : 20.284872,
      "y" : 3.6032665,
      "z" : -5.1392245
    }, {
      "x" : 20.09389,
      "y" : 3.9122834,
      "z" : -5.6392245
    }, {
      "x" : 21.09389,
      "y" : 3.6032665,
      "z" : -5.830208
    } ],
    "faces" : [ {
      "vertices" : [ 8, 13, 11 ]
    }, {
      "vertices" : [ 2, 5, 9, 10, 6 ]
    }, {
      "vertices" : [ 3, 4, 8, 11, 7 ]
    }, {
      "vertices" : [ 0, 2, 1 ]
    }, {
      "vertices" : [ 11, 13, 12 ]
    }, {
      "vertices" : [ 0, 5, 2 ]
    }, {
      "vertices" : [ 0, 3, 5 ]
    }, {
      "vertices" : [ 0, 1, 4, 3 ]
    }, {
      "vertices" : [ 1, 2, 6 ]
    }, {
      "vertices" : [ 1, 6, 4 ]
    }, {
      "vertices" : [ 9, 12, 13, 10 ]
    }, {
      "vertices" : [ 3, 7, 9, 5 ]
    }, {
      "vertices" : [ 7, 12, 9 ]
    }, {
      "vertices" : [ 4, 6, 10, 8 ]
    }, {
      "vertices" : [ 7, 11, 12 ]
    }, {
      "vertices" : [ 8, 10, 13 ]
    } ]
  }, {
    "id" : "1e2fb4de-7d0e-4d87-8588-487ea2055d1f",
    "orbit" : "red",
    "orbitC" : "[[-1,1,1],[0,0,1]]",
    "length" : "[-1,1,1]",
    "name" : "r0",
    "vertices" : [ {
      "x" : 1.309017,
      "y" : 0.927051,
      "z" : 0.309017
    }, {
      "x" : 2.927051,
      "y" : 1.690983,
      "z" : 0.309017
    }, {
      "x" : 2.736068,
      "y" : 2.0,
      "z" : 0.19098301
    }, {
      "x" : 0.809017,
      "y" : 0.618034,
      "z" : -0.309017
    }, {
      "x" : 0.690983,
      "y" : 0.809017,
      "z" : 0.0
    }, {
      "x" : 1.190983,
      "y" : 1.118034,
      "z" : 0.0
    }, {
      "x" : 1.309017,
      "y" : 0.927051,
      "z" : -0.309017
    }, {
      "x" : 3.427051,
      "y" : 2.0,
      "z" : 0.309017
    }, {
      "x" : 1.5,
      "y" : 0.618034,
      "z" : 0.19098301
    }, {
      "x" : 1.5,
      "y" : 0.618034,
      "z" : -0.19098301
    }, {
      "x" : 3.045085,
      "y" : 1.5,
      "z" : 0.0
    }, {
      "x" : 2.927051,
      "y" : 1.690983,
      "z" : -0.309017
    }, {
      "x" : 3.545085,
      "y" : 1.809017,
      "z" : 0.0
    }, {
      "x" : 1.0,
      "y" : 0.309017,
      "z" : 0.19098301
    }, {
      "x" : 1.0,
      "y" : 0.309017,
      "z" : -0.19098301
    }, {
      "x" : 0.809017,
      "y" : 0.618034,
      "z" : 0.309017
    }, {
      "x" : 3.236068,
      "y" : 2.309017,
      "z" : 0.19098301
    }, {
      "x" : 3.427051,
      "y" : 2.0,
      "z" : -0.309017
    }, {
      "x" : 3.236068,
      "y" : 2.309017,
      "z" : -0.19098301
    }, {
      "x" : 4.236068,
      "y" : 2.618034,
      "z" : 0.0
    }, {
      "x" : 2.736068,
      "y" : 2.0,
      "z" : -0.19098301
    } ],
    "faces" : [ {
      "vertices" : [ 3, 6, 9, 14 ]
    }, {
      "vertices" : [ 11, 20, 18, 17 ]
    }, {
      "vertices" : [ 0, 1, 2 ]
    }, {
      "vertices" : [ 0, 15, 13, 8 ]
    }, {
      "vertices" : [ 6, 20, 11 ]
    }, {
      "vertices" : [ 0, 2, 5 ]
    }, {
      "vertices" : [ 0, 8, 1 ]
    }, {
      "vertices" : [ 8, 13, 14, 9 ]
    }, {
      "vertices" : [ 3, 4, 5, 6 ]
    }, {
      "vertices" : [ 10, 11, 17, 12 ]
    }, {
      "vertices" : [ 1, 8, 10 ]
    }, {
      "vertices" : [ 0, 5, 4, 15 ]
    }, {
      "vertices" : [ 2, 16, 18, 20 ]
    }, {
      "vertices" : [ 1, 7, 16, 2 ]
    }, {
      "vertices" : [ 6, 11, 9 ]
    }, {
      "vertices" : [ 8, 9, 10 ]
    }, {
      "vertices" : [ 2, 20, 5 ]
    }, {
      "vertices" : [ 9, 11, 10 ]
    }, {
      "vertices" : [ 1, 10, 12, 7 ]
    }, {
      "vertices" : [ 5, 20, 6 ]
    } ]
  }, {
    "id" : "ab1a4655-3f6d-4ee0-bbec-b031d832ff8d",
    "orbit" : "blue",
    "orbitC" : "[[0,0,1],[0,0,1]]",
    "length" : "[1,1,1]",
    "name" : "b3",
    "vertices" : [ {
      "x" : 21.18034,
      "y" : 0.309017,
      "z" : 0.19098301
    }, {
      "x" : 21.18034,
      "y" : 0.309017,
      "z" : -0.19098301
    }, {
      "x" : 1.0,
      "y" : 0.309017,
      "z" : -0.19098301
    }, {
      "x" : 1.0,
      "y" : 0.309017,
      "z" : 0.19098301
    }, {
      "x" : 21.18034,
      "y" : -0.309017,
      "z" : 0.19098301
    }, {
      "x" : 1.0,
      "y" : -0.309017,
      "z" : 0.19098301
    }, {
      "x" : 1.0,
      "y" : -0.309017,
      "z" : -0.19098301
    }, {
      "x" : 21.18034,
      "y" : -0.309017,
      "z" : -0.19098301
    }, {
      "x" : 22.18034,
      "y" : 0.0,
      "z" : 0.0
    } ],
    "faces" : [ {
      "vertices" : [ 1, 7, 6, 2 ]
    }, {
      "vertices" : [ 0, 1, 2, 3 ]
    }, {
      "vertices" : [ 4, 5, 6, 7 ]
    }, {
      "vertices" : [ 0, 3, 5, 4 ]
    } ]
  } ],
  "instances" : [ {
    "shape" : "4cc69709-f3a0-40c8-824e-2fa5453b81d8",
    "color" : "#FFFF00",
    "position" : {
      "x" : -5.830208,
      "y" : 0.46133822,
      "z" : -20.808767
    }
  }, {
    "shape" : "d4d8fac2-e851-4712-9d31-d16441f4009f",
    "color" : "#000000",
    "position" : {
      "x" : -14.9785595,
      "y" : -15.263681,
      "z" : 3.1419282
    },
    "orientation" : 17
  }, {
    "shape" : "4cc69709-f3a0-40c8-824e-2fa5453b81d8",
    "color" : "#8000FF",
    "position" : {
      "x" : 18.86695,
      "y" : -8.972136,
      "z" : 5.545085
    }
  }, {
    "shape" : "747dfbf7-41c8-4ba3-b77d-fa123d6ae53d",
    "color" : "#FFFF00",
    "position" : {
      "x" : -18.86695,
      "y" : 8.972136,
      "z" : 5.545085
    },
    "orientation" : 5
  }, {
    "shape" : "747dfbf7-41c8-4ba3-b77d-fa123d6ae53d",
    "color" : "#FF0000",
    "position" : {
      "x" : 9.718596,
      "y" : -5.830208,
      "z" : -18.405611
    },
    "orientation" : 39
  }, {
    "shape" : "4cc69709-f3a0-40c8-824e-2fa5453b81d8",
    "color" : "#FFFF00",
    "position" : {
      "x" : -5.830208,
      "y" : 18.405611,
      "z" : -9.718596
    }
  }, {
    "shape" : "4cc69709-f3a0-40c8-824e-2fa5453b81d8",
    "color" : "#000000",
    "position" : {
      "x" : 20.808767,
      "y" : 5.830208,
      "z" : 0.46133822
    }
  }, {
    "shape" : "4cc69709-f3a0-40c8-824e-2fa5453b81d8",
    "color" : "#FF0000",
    "position" : {
      "x" : -5.545085,
      "y" : -18.86695,
      "z" : -8.972136
    }
  }, {
    "shape" : "d4d8fac2-e851-4712-9d31-d16441f4009f",
    "color" : "#FF0000",
    "position" : {
      "x" : -14.9785595,
      "y" : 15.263681,
      "z" : -3.1419282
    },
    "orientation" : 2
  }, {
    "shape" : "4cc69709-f3a0-40c8-824e-2fa5453b81d8",
    "color" : "#FF0000",
    "position" : {
      "x" : 5.545085,
      "y" : -18.86695,
      "z" : 8.972136
    }
  }, {
    "shape" : "4cc69709-f3a0-40c8-824e-2fa5453b81d8",
    "color" : "#8000FF",
    "position" : {
      "x" : 5.830208,
      "y" : -0.46133822,
      "z" : -20.808767
    }
  }, {
    "shape" : "747dfbf7-41c8-4ba3-b77d-fa123d6ae53d",
    "color" : "#8000FF",
    "position" : {
      "x" : 5.830208,
      "y" : 0.46133822,
      "z" : 20.808767
    },
    "orientation" : 30
  }, {
    "shape" : "4cc69709-f3a0-40c8-824e-2fa5453b81d8",
    "color" : "#808080",
    "position" : {
      "x" : 18.405611,
      "y" : 9.718596,
      "z" : 5.830208
    }
  }, {
    "shape" : "4cc69709-f3a0-40c8-824e-2fa5453b81d8",
    "color" : "#FFFF00",
    "position" : {
      "x" : -18.86695,
      "y" : 8.972136,
      "z" : 5.545085
    }
  }, {
    "shape" : "747dfbf7-41c8-4ba3-b77d-fa123d6ae53d",
    "color" : "#00FF00",
    "position" : {
      "x" : -18.405611,
      "y" : 9.718596,
      "z" : -5.830208
    },
    "orientation" : 25
  }, {
    "shape" : "4cc69709-f3a0-40c8-824e-2fa5453b81d8",
    "color" : "#808080",
    "position" : {
      "x" : 14.802343,
      "y" : 3.888389,
      "z" : -15.263681
    }
  }, {
    "shape" : "747dfbf7-41c8-4ba3-b77d-fa123d6ae53d",
    "color" : "#8000FF",
    "position" : {
      "x" : -15.263681,
      "y" : -14.802343,
      "z" : -3.888389
    },
    "orientation" : 27
  }, {
    "shape" : "747dfbf7-41c8-4ba3-b77d-fa123d6ae53d",
    "color" : "#808080",
    "position" : {
      "x" : 3.1419282,
      "y" : -14.9785595,
      "z" : -15.263681
    },
    "orientation" : 6
  }, {
    "shape" : "747dfbf7-41c8-4ba3-b77d-fa123d6ae53d",
    "color" : "#000000",
    "position" : {
      "x" : -20.808767,
      "y" : 5.830208,
      "z" : -0.46133822
    },
    "orientation" : 31
  }, {
    "shape" : "747dfbf7-41c8-4ba3-b77d-fa123d6ae53d",
    "color" : "#FF0000",
    "position" : {
      "x" : -3.888389,
      "y" : 15.263681,
      "z" : 14.802343
    },
    "orientation" : 23
  }, {
    "shape" : "4cc69709-f3a0-40c8-824e-2fa5453b81d8",
    "color" : "#000000",
    "position" : {
      "x" : -9.718596,
      "y" : 5.830208,
      "z" : -18.405611
    }
  }, {
    "shape" : "d4d8fac2-e851-4712-9d31-d16441f4009f",
    "color" : "#000000",
    "position" : {
      "x" : -9.718596,
      "y" : 5.830208,
      "z" : -18.405611
    },
    "orientation" : 32
  }, {
    "shape" : "4cc69709-f3a0-40c8-824e-2fa5453b81d8",
    "color" : "#808080",
    "position" : {
      "x" : -8.972136,
      "y" : 5.545085,
      "z" : 18.86695
    }
  }, {
    "shape" : "4cc69709-f3a0-40c8-824e-2fa5453b81d8",
    "color" : "#8000FF",
    "position" : {
      "x" : -15.263681,
      "y" : 14.802343,
      "z" : 3.888389
    }
  }, {
    "shape" : "4cc69709-f3a0-40c8-824e-2fa5453b81d8",
    "color" : "#00FF00",
    "position" : {
      "x" : 14.802343,
      "y" : -3.888389,
      "z" : 15.263681
    }
  }, {
    "shape" : "747dfbf7-41c8-4ba3-b77d-fa123d6ae53d",
    "color" : "#00FF00",
    "position" : {
      "x" : -0.46133822,
      "y" : 20.808767,
      "z" : -5.830208
    },
    "orientation" : 2
  }, {
    "shape" : "747dfbf7-41c8-4ba3-b77d-fa123d6ae53d",
    "color" : "#808080",
    "position" : {
      "x" : 8.972136,
      "y" : -5.545085,
      "z" : 18.86695
    },
    "orientation" : 19
  }, {
    "shape" : "4cc69709-f3a0-40c8-824e-2fa5453b81d8",
    "color" : "#000000",
    "position" : {
      "x" : 3.888389,
      "y" : -15.263681,
      "z" : 14.802343
    }
  }, {
    "shape" : "d4d8fac2-e851-4712-9d31-d16441f4009f",
    "color" : "#00FF00",
    "position" : {
      "x" : -18.405611,
      "y" : 9.718596,
      "z" : -5.830208
    },
    "orientation" : 0
  }, {
    "shape" : "4cc69709-f3a0-40c8-824e-2fa5453b81d8",
    "color" : "#FFFF00",
    "position" : {
      "x" : -5.830208,
      "y" : -18.405611,
      "z" : 9.718596
    }
  }, {
    "shape" : "4cc69709-f3a0-40c8-824e-2fa5453b81d8",
    "color" : "#00FF00",
    "position" : {
      "x" : 18.405611,
      "y" : -9.718596,
      "z" : -5.830208
    }
  }, {
    "shape" : "747dfbf7-41c8-4ba3-b77d-fa123d6ae53d",
    "color" : "#00FF00",
    "position" : {
      "x" : -3.1419282,
      "y" : -14.9785595,
      "z" : 15.263681
    },
    "orientation" : 51
  }, {
    "shape" : "4cc69709-f3a0-40c8-824e-2fa5453b81d8",
    "color" : "#00FF00",
    "position" : {
      "x" : 0.46133822,
      "y" : -20.808767,
      "z" : -5.830208
    }
  }, {
    "shape" : "d4d8fac2-e851-4712-9d31-d16441f4009f",
    "color" : "#FFFF00",
    "position" : {
      "x" : -5.830208,
      "y" : 0.46133822,
      "z" : -20.808767
    },
    "orientation" : 1
  }, {
    "shape" : "4cc69709-f3a0-40c8-824e-2fa5453b81d8",
    "color" : "#8000FF",
    "position" : {
      "x" : -15.263681,
      "y" : -14.802343,
      "z" : -3.888389
    }
  }, {
    "shape" : "4cc69709-f3a0-40c8-824e-2fa5453b81d8",
    "color" : "#00FF00",
    "position" : {
      "x" : -18.405611,
      "y" : 9.718596,
      "z" : -5.830208
    }
  }, {
    "shape" : "d4d8fac2-e851-4712-9d31-d16441f4009f",
    "color" : "#00FF00",
    "position" : {
      "x" : -8.972136,
      "y" : -5.545085,
      "z" : -18.86695
    },
    "orientation" : 0
  }, {
    "shape" : "747dfbf7-41c8-4ba3-b77d-fa123d6ae53d",
    "color" : "#00FF00",
    "position" : {
      "x" : 8.972136,
      "y" : 5.545085,
      "z" : -18.86695
    },
    "orientation" : 4
  }, {
    "shape" : "d4d8fac2-e851-4712-9d31-d16441f4009f",
    "color" : "#000000",
    "position" : {
      "x" : 14.9785595,
      "y" : -15.263681,
      "z" : -3.1419282
    },
    "orientation" : 32
  }, {
    "shape" : "747dfbf7-41c8-4ba3-b77d-fa123d6ae53d",
    "color" : "#FF0000",
    "position" : {
      "x" : -9.718596,
      "y" : -5.830208,
      "z" : 18.405611
    },
    "orientation" : 46
  }, {
    "shape" : "4cc69709-f3a0-40c8-824e-2fa5453b81d8",
    "color" : "#8000FF",
    "position" : {
      "x" : 5.830208,
      "y" : 18.405611,
      "z" : 9.718596
    }
  }, {
    "shape" : "747dfbf7-41c8-4ba3-b77d-fa123d6ae53d",
    "color" : "#FFFF00",
    "position" : {
      "x" : 15.263681,
      "y" : 14.802343,
      "z" : -3.888389
    },
    "orientation" : 57
  }, {
    "shape" : "4cc69709-f3a0-40c8-824e-2fa5453b81d8",
    "color" : "#808080",
    "position" : {
      "x" : -3.1419282,
      "y" : 14.9785595,
      "z" : -15.263681
    }
  }, {
    "shape" : "747dfbf7-41c8-4ba3-b77d-fa123d6ae53d",
    "color" : "#8000FF",
    "position" : {
      "x" : 18.86695,
      "y" : 8.972136,
      "z" : -5.545085
    },
    "orientation" : 50
  }, {
    "shape" : "747dfbf7-41c8-4ba3-b77d-fa123d6ae53d",
    "color" : "#00FF00",
    "position" : {
      "x" : -14.802343,
      "y" : 3.888389,
      "z" : 15.263681
    },
    "orientation" : 59
  }, {
    "shape" : "4cc69709-f3a0-40c8-824e-2fa5453b81d8",
    "color" : "#FF0000",
    "position" : {
      "x" : 9.718596,
      "y" : -5.830208,
      "z" : -18.405611
    }
  }, {
    "shape" : "747dfbf7-41c8-4ba3-b77d-fa123d6ae53d",
    "color" : "#000000",
    "position" : {
      "x" : 14.9785595,
      "y" : -15.263681,
      "z" : -3.1419282
    },
    "orientation" : 53
  }, {
    "shape" : "d4d8fac2-e851-4712-9d31-d16441f4009f",
    "color" : "#FFFF00",
    "position" : {
      "x" : 15.263681,
      "y" : -3.1419282,
      "z" : -14.9785595
    },
    "orientation" : 1
  }, {
    "shape" : "747dfbf7-41c8-4ba3-b77d-fa123d6ae53d",
    "color" : "#FFFF00",
    "position" : {
      "x" : 15.263681,
      "y" : -14.802343,
      "z" : 3.888389
    },
    "orientation" : 42
  }, {
    "shape" : "4cc69709-f3a0-40c8-824e-2fa5453b81d8",
    "color" : "#000000",
    "position" : {
      "x" : -14.9785595,
      "y" : -15.263681,
      "z" : 3.1419282
    }
  }, {
    "shape" : "4cc69709-f3a0-40c8-824e-2fa5453b81d8",
    "color" : "#FFFF00",
    "position" : {
      "x" : -18.86695,
      "y" : -8.972136,
      "z" : -5.545085
    }
  }, {
    "shape" : "4cc69709-f3a0-40c8-824e-2fa5453b81d8",
    "color" : "#808080",
    "position" : {
      "x" : -0.46133822,
      "y" : -20.808767,
      "z" : 5.830208
    }
  }, {
    "shape" : "d4d8fac2-e851-4712-9d31-d16441f4009f",
    "color" : "#8000FF",
    "position" : {
      "x" : 18.86695,
      "y" : 8.972136,
      "z" : -5.545085
    },
    "orientation" : 31
  }, {
    "shape" : "4cc69709-f3a0-40c8-824e-2fa5453b81d8",
    "color" : "#FFFF00",
    "position" : {
      "x" : 15.263681,
      "y" : 3.1419282,
      "z" : 14.9785595
    }
  }, {
    "shape" : "d4d8fac2-e851-4712-9d31-d16441f4009f",
    "color" : "#8000FF",
    "position" : {
      "x" : -15.263681,
      "y" : 3.1419282,
      "z" : -14.9785595
    },
    "orientation" : 31
  }, {
    "shape" : "747dfbf7-41c8-4ba3-b77d-fa123d6ae53d",
    "color" : "#8000FF",
    "position" : {
      "x" : -15.263681,
      "y" : -3.1419282,
      "z" : 14.9785595
    },
    "orientation" : 22
  }, {
    "shape" : "d4d8fac2-e851-4712-9d31-d16441f4009f",
    "color" : "#8000FF",
    "position" : {
      "x" : 5.830208,
      "y" : -18.405611,
      "z" : -9.718596
    },
    "orientation" : 46
  }, {
    "shape" : "d4d8fac2-e851-4712-9d31-d16441f4009f",
    "color" : "#808080",
    "position" : {
      "x" : -18.405611,
      "y" : -9.718596,
      "z" : 5.830208
    },
    "orientation" : 15
  }, {
    "shape" : "747dfbf7-41c8-4ba3-b77d-fa123d6ae53d",
    "color" : "#808080",
    "position" : {
      "x" : -18.405611,
      "y" : -9.718596,
      "z" : 5.830208
    },
    "orientation" : 10
  }, {
    "shape" : "747dfbf7-41c8-4ba3-b77d-fa123d6ae53d",
    "color" : "#000000",
    "position" : {
      "x" : 3.888389,
      "y" : -15.263681,
      "z" : 14.802343
    },
    "orientation" : 13
  }, {
    "shape" : "d4d8fac2-e851-4712-9d31-d16441f4009f",
    "color" : "#8000FF",
    "position" : {
      "x" : 5.830208,
      "y" : 18.405611,
      "z" : 9.718596
    },
    "orientation" : 31
  }, {
    "shape" : "d4d8fac2-e851-4712-9d31-d16441f4009f",
    "color" : "#00FF00",
    "position" : {
      "x" : 0.46133822,
      "y" : -20.808767,
      "z" : -5.830208
    },
    "orientation" : 0
  }, {
    "shape" : "d4d8fac2-e851-4712-9d31-d16441f4009f",
    "color" : "#8000FF",
    "position" : {
      "x" : -15.263681,
      "y" : -3.1419282,
      "z" : 14.9785595
    },
    "orientation" : 46
  }, {
    "shape" : "4cc69709-f3a0-40c8-824e-2fa5453b81d8",
    "color" : "#000000",
    "position" : {
      "x" : 9.718596,
      "y" : 5.830208,
      "z" : 18.405611
    }
  }, {
    "shape" : "747dfbf7-41c8-4ba3-b77d-fa123d6ae53d",
    "color" : "#00FF00",
    "position" : {
      "x" : 14.802343,
      "y" : -3.888389,
      "z" : 15.263681
    },
    "orientation" : 29
  }, {
    "shape" : "4cc69709-f3a0-40c8-824e-2fa5453b81d8",
    "color" : "#8000FF",
    "position" : {
      "x" : 18.86695,
      "y" : 8.972136,
      "z" : -5.545085
    }
  }, {
    "shape" : "747dfbf7-41c8-4ba3-b77d-fa123d6ae53d",
    "color" : "#FF0000",
    "position" : {
      "x" : 5.545085,
      "y" : -18.86695,
      "z" : 8.972136
    },
    "orientation" : 48
  }, {
    "shape" : "747dfbf7-41c8-4ba3-b77d-fa123d6ae53d",
    "color" : "#FFFF00",
    "position" : {
      "x" : -18.86695,
      "y" : -8.972136,
      "z" : -5.545085
    },
    "orientation" : 20
  }, {
    "shape" : "d4d8fac2-e851-4712-9d31-d16441f4009f",
    "color" : "#FF0000",
    "position" : {
      "x" : 3.888389,
      "y" : 15.263681,
      "z" : -14.802343
    },
    "orientation" : 2
  }, {
    "shape" : "4cc69709-f3a0-40c8-824e-2fa5453b81d8",
    "color" : "#FF0000",
    "position" : {
      "x" : -9.718596,
      "y" : -5.830208,
      "z" : 18.405611
    }
  }, {
    "shape" : "d4d8fac2-e851-4712-9d31-d16441f4009f",
    "color" : "#808080",
    "position" : {
      "x" : 0.46133822,
      "y" : 20.808767,
      "z" : 5.830208
    },
    "orientation" : 15
  }, {
    "shape" : "747dfbf7-41c8-4ba3-b77d-fa123d6ae53d",
    "color" : "#00FF00",
    "position" : {
      "x" : 0.46133822,
      "y" : -20.808767,
      "z" : -5.830208
    },
    "orientation" : 32
  }, {
    "shape" : "4cc69709-f3a0-40c8-824e-2fa5453b81d8",
    "color" : "#00FF00",
    "position" : {
      "x" : 8.972136,
      "y" : 5.545085,
      "z" : -18.86695
    }
  }, {
    "shape" : "747dfbf7-41c8-4ba3-b77d-fa123d6ae53d",
    "color" : "#FF0000",
    "position" : {
      "x" : -5.545085,
      "y" : -18.86695,
      "z" : -8.972136
    },
    "orientation" : 48
  }, {
    "shape" : "747dfbf7-41c8-4ba3-b77d-fa123d6ae53d",
    "color" : "#808080",
    "position" : {
      "x" : -8.972136,
      "y" : 5.545085,
      "z" : 18.86695
    },
    "orientation" : 49
  }, {
    "shape" : "4cc69709-f3a0-40c8-824e-2fa5453b81d8",
    "color" : "#00FF00",
    "position" : {
      "x" : -8.972136,
      "y" : -5.545085,
