{
  "polygons" : "true",
  "field" : "golden",
  "symmetry" : "icosahedral",
  "orientations" : [ [ 1.0, 0.0, 0.0, 0.0, 0.0, 1.0, 0.0, 0.0, 0.0, 0.0, 1.0, 0.0, 0.0, 0.0, 0.0, 1.0 ], [ 0.0, 0.0, 1.0, 0.0, 1.0, 0.0, 0.0, 0.0, 0.0, 1.0, 0.0, 0.0, 0.0, 0.0, 0.0, 1.0 ], [ 0.0, 1.0, 0.0, 0.0, 0.0, 0.0, 1.0, 0.0, 1.0, 0.0, 0.0, 0.0, 0.0, 0.0, 0.0, 1.0 ], [ 0.809017, 0.309017, 0.5, 0.0, 0.309017, 0.5, -0.809017, 0.0, -0.5, 0.809017, 0.309017, 0.0, 0.0, 0.0, 0.0, 1.0 ], [ -0.5, 0.809017, 0.309017, 0.0, 0.809017, 0.309017, 0.5, 0.0, 0.309017, 0.5, -0.809017, 0.0, 0.0, 0.0, 0.0, 1.0 ], [ 0.309017, 0.5, -0.809017, 0.0, -0.5, 0.809017, 0.309017, 0.0, 0.809017, 0.309017, 0.5, 0.0, 0.0, 0.0, 0.0, 1.0 ], [ 0.5, 0.809017, 0.309017, 0.0, 0.809017, -0.309017, -0.5, 0.0, -0.309017, 0.5, -0.809017, 0.0, 0.0, 0.0, 0.0, 1.0 ], [ -0.309017, 0.5, -0.809017, 0.0, 0.5, 0.809017, 0.309017, 0.0, 0.809017, -0.309017, -0.5, 0.0, 0.0, 0.0, 0.0, 1.0 ], [ 0.809017, -0.309017, -0.5, 0.0, -0.309017, 0.5, -0.809017, 0.0, 0.5, 0.809017, 0.309017, 0.0, 0.0, 0.0, 0.0, 1.0 ], [ 0.5, 0.809017, -0.309017, 0.0, 0.809017, -0.309017, 0.5, 0.0, 0.309017, -0.5, -0.809017, 0.0, 0.0, 0.0, 0.0, 1.0 ], [ 0.309017, -0.5, -0.809017, 0.0, 0.5, 0.809017, -0.309017, 0.0, 0.809017, -0.309017, 0.5, 0.0, 0.0, 0.0, 0.0, 1.0 ], [ 0.809017, -0.309017, 0.5, 0.0, 0.309017, -0.5, -0.809017, 0.0, 0.5, 0.809017, -0.309017, 0.0, 0.0, 0.0, 0.0, 1.0 ], [ 0.809017, 0.309017, -0.5, 0.0, 0.309017, 0.5, 0.809017, 0.0, 0.5, -0.809017, 0.309017, 0.0, 0.0, 0.0, 0.0, 1.0 ], [ 0.5, -0.809017, 0.309017, 0.0, 0.809017, 0.309017, -0.5, 0.0, 0.309017, 0.5, 0.809017, 0.0, 0.0, 0.0, 0.0, 1.0 ], [ 0.309017, 0.5, 0.809017, 0.0, 0.5, -0.809017, 0.309017, 0.0, 0.809017, 0.309017, -0.5, 0.0, 0.0, 0.0, 0.0, 1.0 ], [ 1.0, 0.0, 0.0, 0.0, 0.0, -1.0, 0.0, 0.0, 0.0, 0.0, -1.0, 0.0, 0.0, 0.0, 0.0, 1.0 ], [ 0.0, 0.0, 1.0, 0.0, -1.0, 0.0, 0.0, 0.0, 0.0, -1.0, 0.0, 0.0, 0.0, 0.0, 0.0, 1.0 ], [ 0.0, 1.0, 0.0, 0.0, 0.0, 0.0, -1.0, 0.0, -1.0, 0.0, 0.0, 0.0, 0.0, 0.0, 0.0, 1.0 ], [ 0.809017, 0.309017, 0.5, 0.0, -0.309017, -0.5, 0.809017, 0.0, 0.5, -0.809017, -0.309017, 0.0, 0.0, 0.0, 0.0, 1.0 ], [ -0.5, 0.809017, 0.309017, 0.0, -0.809017, -0.309017, -0.5, 0.0, -0.309017, -0.5, 0.809017, 0.0, 0.0, 0.0, 0.0, 1.0 ], [ 0.309017, 0.5, -0.809017, 0.0, 0.5, -0.809017, -0.309017, 0.0, -0.809017, -0.309017, -0.5, 0.0, 0.0, 0.0, 0.0, 1.0 ], [ 0.5, 0.809017, 0.309017, 0.0, -0.809017, 0.309017, 0.5, 0.0, 0.309017, -0.5, 0.809017, 0.0, 0.0, 0.0, 0.0, 1.0 ], [ -0.309017, 0.5, -0.809017, 0.0, -0.5, -0.809017, -0.309017, 0.0, -0.809017, 0.309017, 0.5, 0.0, 0.0, 0.0, 0.0, 1.0 ], [ 0.809017, -0.309017, -0.5, 0.0, 0.309017, -0.5, 0.809017, 0.0, -0.5, -0.809017, -0.309017, 0.0, 0.0, 0.0, 0.0, 1.0 ], [ 0.5, 0.809017, -0.309017, 0.0, -0.809017, 0.309017, -0.5, 0.0, -0.309017, 0.5, 0.809017, 0.0, 0.0, 0.0, 0.0, 1.0 ], [ 0.309017, -0.5, -0.809017, 0.0, -0.5, -0.809017, 0.309017, 0.0, -0.809017, 0.309017, -0.5, 0.0, 0.0, 0.0, 0.0, 1.0 ], [ 0.809017, -0.309017, 0.5, 0.0, -0.309017, 0.5, 0.809017, 0.0, -0.5, -0.809017, 0.309017, 0.0, 0.0, 0.0, 0.0, 1.0 ], [ 0.809017, 0.309017, -0.5, 0.0, -0.309017, -0.5, -0.809017, 0.0, -0.5, 0.809017, -0.309017, 0.0, 0.0, 0.0, 0.0, 1.0 ], [ 0.5, -0.809017, 0.309017, 0.0, -0.809017, -0.309017, 0.5, 0.0, -0.309017, -0.5, -0.809017, 0.0, 0.0, 0.0, 0.0, 1.0 ], [ 0.309017, 0.5, 0.809017, 0.0, -0.5, 0.809017, -0.309017, 0.0, -0.809017, -0.309017, 0.5, 0.0, 0.0, 0.0, 0.0, 1.0 ], [ -1.0, 0.0, 0.0, 0.0, 0.0, -1.0, 0.0, 0.0, 0.0, 0.0, 1.0, 0.0, 0.0, 0.0, 0.0, 1.0 ], [ 0.0, 0.0, -1.0, 0.0, -1.0, 0.0, 0.0, 0.0, 0.0, 1.0, 0.0, 0.0, 0.0, 0.0, 0.0, 1.0 ], [ 0.0, -1.0, 0.0, 0.0, 0.0, 0.0, -1.0, 0.0, 1.0, 0.0, 0.0, 0.0, 0.0, 0.0, 0.0, 1.0 ], [ -0.809017, -0.309017, -0.5, 0.0, -0.309017, -0.5, 0.809017, 0.0, -0.5, 0.809017, 0.309017, 0.0, 0.0, 0.0, 0.0, 1.0 ], [ 0.5, -0.809017, -0.309017, 0.0, -0.809017, -0.309017, -0.5, 0.0, 0.309017, 0.5, -0.809017, 0.0, 0.0, 0.0, 0.0, 1.0 ], [ -0.309017, -0.5, 0.809017, 0.0, 0.5, -0.809017, -0.309017, 0.0, 0.809017, 0.309017, 0.5, 0.0, 0.0, 0.0, 0.0, 1.0 ], [ -0.5, -0.809017, -0.309017, 0.0, -0.809017, 0.309017, 0.5, 0.0, -0.309017, 0.5, -0.809017, 0.0, 0.0, 0.0, 0.0, 1.0 ], [ 0.309017, -0.5, 0.809017, 0.0, -0.5, -0.809017, -0.309017, 0.0, 0.809017, -0.309017, -0.5, 0.0, 0.0, 0.0, 0.0, 1.0 ], [ -0.809017, 0.309017, 0.5, 0.0, 0.309017, -0.5, 0.809017, 0.0, 0.5, 0.809017, 0.309017, 0.0, 0.0, 0.0, 0.0, 1.0 ], [ -0.5, -0.809017, 0.309017, 0.0, -0.809017, 0.309017, -0.5, 0.0, 0.309017, -0.5, -0.809017, 0.0, 0.0, 0.0, 0.0, 1.0 ], [ -0.309017, 0.5, 0.809017, 0.0, -0.5, -0.809017, 0.309017, 0.0, 0.809017, -0.309017, 0.5, 0.0, 0.0, 0.0, 0.0, 1.0 ], [ -0.809017, 0.309017, -0.5, 0.0, -0.309017, 0.5, 0.809017, 0.0, 0.5, 0.809017, -0.309017, 0.0, 0.0, 0.0, 0.0, 1.0 ], [ -0.809017, -0.309017, 0.5, 0.0, -0.309017, -0.5, -0.809017, 0.0, 0.5, -0.809017, 0.309017, 0.0, 0.0, 0.0, 0.0, 1.0 ], [ -0.5, 0.809017, -0.309017, 0.0, -0.809017, -0.309017, 0.5, 0.0, 0.309017, 0.5, 0.809017, 0.0, 0.0, 0.0, 0.0, 1.0 ], [ -0.309017, -0.5, -0.809017, 0.0, -0.5, 0.809017, -0.309017, 0.0, 0.809017, 0.309017, -0.5, 0.0, 0.0, 0.0, 0.0, 1.0 ], [ -1.0, 0.0, 0.0, 0.0, 0.0, 1.0, 0.0, 0.0, 0.0, 0.0, -1.0, 0.0, 0.0, 0.0, 0.0, 1.0 ], [ 0.0, 0.0, -1.0, 0.0, 1.0, 0.0, 0.0, 0.0, 0.0, -1.0, 0.0, 0.0, 0.0, 0.0, 0.0, 1.0 ], [ 0.0, -1.0, 0.0, 0.0, 0.0, 0.0, 1.0, 0.0, -1.0, 0.0, 0.0, 0.0, 0.0, 0.0, 0.0, 1.0 ], [ -0.809017, -0.309017, -0.5, 0.0, 0.309017, 0.5, -0.809017, 0.0, 0.5, -0.809017, -0.309017, 0.0, 0.0, 0.0, 0.0, 1.0 ], [ 0.5, -0.809017, -0.309017, 0.0, 0.809017, 0.309017, 0.5, 0.0, -0.309017, -0.5, 0.809017, 0.0, 0.0, 0.0, 0.0, 1.0 ], [ -0.309017, -0.5, 0.809017, 0.0, -0.5, 0.809017, 0.309017, 0.0, -0.809017, -0.309017, -0.5, 0.0, 0.0, 0.0, 0.0, 1.0 ], [ -0.5, -0.809017, -0.309017, 0.0, 0.809017, -0.309017, -0.5, 0.0, 0.309017, -0.5, 0.809017, 0.0, 0.0, 0.0, 0.0, 1.0 ], [ 0.309017, -0.5, 0.809017, 0.0, 0.5, 0.809017, 0.309017, 0.0, -0.809017, 0.309017, 0.5, 0.0, 0.0, 0.0, 0.0, 1.0 ], [ -0.809017, 0.309017, 0.5, 0.0, -0.309017, 0.5, -0.809017, 0.0, -0.5, -0.809017, -0.309017, 0.0, 0.0, 0.0, 0.0, 1.0 ], [ -0.5, -0.809017, 0.309017, 0.0, 0.809017, -0.309017, 0.5, 0.0, -0.309017, 0.5, 0.809017, 0.0, 0.0, 0.0, 0.0, 1.0 ], [ -0.309017, 0.5, 0.809017, 0.0, 0.5, 0.809017, -0.309017, 0.0, -0.809017, 0.309017, -0.5, 0.0, 0.0, 0.0, 0.0, 1.0 ], [ -0.809017, 0.309017, -0.5, 0.0, 0.309017, -0.5, -0.809017, 0.0, -0.5, -0.809017, 0.309017, 0.0, 0.0, 0.0, 0.0, 1.0 ], [ -0.809017, -0.309017, 0.5, 0.0, 0.309017, 0.5, 0.809017, 0.0, -0.5, 0.809017, -0.309017, 0.0, 0.0, 0.0, 0.0, 1.0 ], [ -0.5, 0.809017, -0.309017, 0.0, 0.809017, 0.309017, -0.5, 0.0, -0.309017, -0.5, -0.809017, 0.0, 0.0, 0.0, 0.0, 1.0 ], [ -0.309017, -0.5, -0.809017, 0.0, 0.5, -0.809017, 0.309017, 0.0, -0.809017, -0.309017, 0.5, 0.0, 0.0, 0.0, 0.0, 1.0 ] ],
  "lights" : {
    "directionalLights" : [ {
      "direction" : [ 1.0, -1.0, -1.0 ],
      "color" : "#EBEBE4"
    }, {
      "direction" : [ -1.0, 0.0, 0.0 ],
      "color" : "#E4E4EB"
    }, {
      "direction" : [ 0.0, 0.0, -1.0 ],
      "color" : "#1E1E1E"
    } ],
    "ambientColor" : "#292929",
    "backgroundColor" : "#AFC8DC"
  },
  "camera" : {
    "width" : 40.05973,
    "position" : {
      "x" : 44.286526,
      "y" : 13.944119,
      "z" : 75.95368
    },
    "lookDirectionRV" : {
      "x" : -0.49748045,
      "y" : -0.15663742,
      "z" : -0.8532047,
      "zero" : false
    },
    "fieldOfView" : 0.44262883,
    "lookAtPointRV" : {
      "x" : 0.0,
      "y" : 0.0,
      "z" : 0.0,
      "zero" : true
    },
    "perspective" : true,
    "upDirectionRV" : {
      "x" : -0.61289686,
      "y" : 0.759502,
      "z" : 0.217935,
      "zero" : false
    },
    "viewDistance" : 89.02164,
    "nearClipDistance" : 0.22255407,
    "stereo" : false,
    "lookAtPoint" : {
      "x" : 0.0,
      "y" : 0.0,
      "z" : 0.0
    },
    "upDirection" : {
      "x" : -0.61289686,
      "y" : 0.759502,
      "z" : 0.217935
    },
    "lookDirection" : {
      "x" : -0.49748045,
      "y" : -0.15663742,
      "z" : -0.8532047
    },
    "farClipDistance" : 178.04327
  },
  "embedding" : [ 1.0, 0.0, 0.0, 0.0, 0.0, 1.0, 0.0, 0.0, 0.0, 0.0, 1.0, 0.0, 0.0, 0.0, 0.0, 1.0 ],
  "shapes" : [ {
    "id" : "e0f848fc-0c33-4832-bbd5-13aff0f0b618",
    "vertices" : [ {
      "x" : 0.0,
      "y" : 0.0,
      "z" : 0.0
    }, {
      "x" : 0.0,
      "y" : -1.618034,
      "z" : -4.236068
    }, {
      "x" : -1.618034,
      "y" : 2.618034,
      "z" : -4.236068
    }, {
      "x" : -1.618034,
      "y" : 4.236068,
      "z" : 0.0
    } ],
    "faces" : [ {
      "vertices" : [ 0, 1, 2, 3 ]
    }, {
      "vertices" : [ 0, 3, 2, 1 ]
    } ]
  }, {
    "id" : "39bc3235-65fc-44db-ad00-8db6a050c46f",
    "vertices" : [ {
      "x" : 0.0,
      "y" : 0.0,
      "z" : 0.0
    }, {
      "x" : -1.618034,
      "y" : 4.236068,
      "z" : 0.0
    }, {
      "x" : 0.0,
      "y" : 1.618034,
      "z" : 4.236068
    } ],
    "faces" : [ {
      "vertices" : [ 0, 1, 2 ]
    }, {
      "vertices" : [ 0, 2, 1 ]
    } ]
  }, {
    "id" : "71366098-a41a-4a35-8676-f22fac2d7770",
    "vertices" : [ {
      "x" : 0.0,
      "y" : 0.0,
      "z" : 0.0
    }, {
      "x" : 0.0,
      "y" : 1.618034,
      "z" : 4.236068
    }, {
      "x" : 1.618034,
      "y" : -2.618034,
      "z" : 4.236068
    } ],
    "faces" : [ {
      "vertices" : [ 0, 1, 2 ]
    }, {
      "vertices" : [ 0, 2, 1 ]
    } ]
  }, {
    "id" : "76b5743a-b0cc-4b71-ae6a-e664dcdd5115",
    "vertices" : [ {
      "x" : 0.0,
      "y" : 0.0,
      "z" : 0.0
    }, {
      "x" : 0.0,
      "y" : 1.618034,
      "z" : 4.236068
    }, {
      "x" : 1.618034,
      "y" : -2.618034,
      "z" : 4.236068
    }, {
      "x" : 1.618034,
      "y" : -4.236068,
      "z" : 0.0
    } ],
    "faces" : [ {
      "vertices" : [ 0, 1, 2, 3 ]
    }, {
      "vertices" : [ 0, 3, 2, 1 ]
    } ]
  }, {
    "id" : "4a7cb18b-05b6-479c-9f24-8c1584b04669",
    "vertices" : [ {
      "x" : 0.0,
      "y" : 0.0,
      "z" : 0.0
    }, {
      "x" : -1.618034,
      "y" : 4.236068,
      "z" : 0.0
    }, {
      "x" : -1.618034,
      "y" : 5.854102,
      "z" : 4.236068
    }, {
      "x" : 0.0,
      "y" : 1.618034,
      "z" : 4.236068
    } ],
    "faces" : [ {
      "vertices" : [ 0, 1, 2, 3 ]
    }, {
      "vertices" : [ 0, 3, 2, 1 ]
    } ]
  }, {
    "id" : "b6a7378e-7f4a-4edf-bcd1-769a99322ca3",
    "vertices" : [ {
      "x" : 0.0,
      "y" : 0.0,
      "z" : 0.0
    }, {
      "x" : -1.618034,
      "y" : 2.618034,
      "z" : -4.236068
    }, {
      "x" : -1.618034,
      "y" : 4.236068,
      "z" : 0.0
    } ],
    "faces" : [ {
      "vertices" : [ 0, 1, 2 ]
    }, {
      "vertices" : [ 0, 2, 1 ]
    } ]
  }, {
    "id" : "8782fe86-6791-448a-b0b2-f08f42ad5f34",
    "vertices" : [ {
      "x" : 0.0,
      "y" : 0.0,
      "z" : 0.0
    }, {
      "x" : 1.618034,
      "y" : -2.618034,
      "z" : 4.236068
    }, {
      "x" : 1.618034,
      "y" : -4.236068,
      "z" : 0.0
    } ],
    "faces" : [ {
      "vertices" : [ 0, 1, 2 ]
    }, {
      "vertices" : [ 0, 2, 1 ]
    } ]
  }, {
    "id" : "33109957-8458-404b-a90b-f40eb305bff8",
    "name" : "ball",
    "vertices" : [ {
      "x" : 0.309017,
      "y" : -0.809017,
      "z" : 0.618034
    }, {
      "x" : 0.809017,
      "y" : -0.618034,
      "z" : 0.309017
    }, {
      "x" : 0.618034,
      "y" : -0.309017,
      "z" : 0.809017
    }, {
      "x" : 1.0,
      "y" : 0.309017,
      "z" : 0.19098301
    }, {
      "x" : 0.809017,
      "y" : 0.618034,
      "z" : 0.309017
    }, {
      "x" : 0.618034,
      "y" : 0.309017,
      "z" : 0.809017
    }, {
      "x" : 0.809017,
      "y" : 0.0,
      "z" : 0.690983
    }, {
      "x" : 0.19098301,
      "y" : -1.0,
      "z" : 0.309017
    }, {
      "x" : -0.19098301,
      "y" : -1.0,
      "z" : 0.309017
    }, {
      "x" : -0.19098301,
      "y" : -1.0,
      "z" : -0.309017
    }, {
      "x" : 0.19098301,
      "y" : -1.0,
      "z" : -0.309017
    }, {
      "x" : 1.0,
      "y" : -0.309017,
      "z" : -0.19098301
    }, {
      "x" : 0.809017,
      "y" : -0.618034,
      "z" : -0.309017
    }, {
      "x" : 0.618034,
      "y" : -0.309017,
      "z" : -0.809017
    }, {
      "x" : 0.809017,
      "y" : 0.0,
      "z" : -0.690983
    }, {
      "x" : 0.0,
      "y" : 0.690983,
      "z" : -0.809017
    }, {
      "x" : 0.309017,
      "y" : 0.809017,
      "z" : -0.618034
    }, {
      "x" : 0.618034,
      "y" : 0.309017,
      "z" : -0.809017
    }, {
      "x" : 0.309017,
      "y" : 0.19098301,
      "z" : -1.0
    }, {
      "x" : 1.0,
      "y" : 0.309017,
      "z" : -0.19098301
    }, {
      "x" : -0.309017,
      "y" : -0.809017,
      "z" : 0.618034
    }, {
      "x" : 0.0,
      "y" : -0.690983,
      "z" : 0.809017
    }, {
      "x" : 0.809017,
      "y" : 0.618034,
      "z" : -0.309017
    }, {
      "x" : 0.690983,
      "y" : 0.809017,
      "z" : 0.0
    }, {
      "x" : -0.690983,
      "y" : 0.809017,
      "z" : 0.0
    }, {
      "x" : -0.809017,
      "y" : 0.618034,
      "z" : 0.309017
    }, {
      "x" : -0.309017,
      "y" : 0.809017,
      "z" : 0.618034
    }, {
      "x" : -0.19098301,
      "y" : 1.0,
      "z" : 0.309017
    }, {
      "x" : 0.309017,
      "y" : -0.19098301,
      "z" : -1.0
    }, {
      "x" : 0.19098301,
      "y" : 1.0,
      "z" : 0.309017
    }, {
      "x" : 0.309017,
      "y" : 0.809017,
      "z" : 0.618034
    }, {
      "x" : -0.809017,
      "y" : -0.618034,
      "z" : 0.309017
    }, {
      "x" : -0.690983,
      "y" : -0.809017,
      "z" : 0.0
    }, {
      "x" : 0.0,
      "y" : 0.690983,
      "z" : 0.809017
    }, {
      "x" : 0.309017,
      "y" : -0.809017,
      "z" : -0.618034
    }, {
      "x" : 0.0,
      "y" : -0.690983,
      "z" : -0.809017
    }, {
      "x" : -1.0,
      "y" : 0.309017,
      "z" : 0.19098301
    }, {
      "x" : -0.809017,
      "y" : 0.0,
      "z" : 0.690983
    }, {
      "x" : -0.618034,
      "y" : 0.309017,
      "z" : 0.809017
    }, {
      "x" : 1.0,
      "y" : -0.309017,
      "z" : 0.19098301
    }, {
      "x" : -0.309017,
      "y" : -0.809017,
      "z" : -0.618034
    }, {
      "x" : -1.0,
      "y" : 0.309017,
      "z" : -0.19098301
    }, {
      "x" : -1.0,
      "y" : -0.309017,
      "z" : -0.19098301
    }, {
      "x" : -1.0,
      "y" : -0.309017,
      "z" : 0.19098301
    }, {
      "x" : 0.19098301,
      "y" : 1.0,
      "z" : -0.309017
    }, {
      "x" : -0.809017,
      "y" : 0.618034,
      "z" : -0.309017
    }, {
      "x" : -0.19098301,
      "y" : 1.0,
      "z" : -0.309017
    }, {
      "x" : -0.309017,
      "y" : 0.809017,
      "z" : -0.618034
    }, {
      "x" : -0.618034,
      "y" : -0.309017,
      "z" : 0.809017
    }, {
      "x" : 0.309017,
      "y" : 0.19098301,
      "z" : 1.0
    }, {
      "x" : -0.309017,
      "y" : 0.19098301,
      "z" : -1.0
    }, {
      "x" : -0.309017,
      "y" : 0.19098301,
      "z" : 1.0
    }, {
      "x" : -0.309017,
      "y" : -0.19098301,
      "z" : 1.0
    }, {
      "x" : 0.309017,
      "y" : -0.19098301,
      "z" : 1.0
    }, {
      "x" : 0.690983,
      "y" : -0.809017,
      "z" : 0.0
    }, {
      "x" : -0.809017,
      "y" : 0.0,
      "z" : -0.690983
    }, {
      "x" : -0.618034,
      "y" : -0.309017,
      "z" : -0.809017
    }, {
      "x" : -0.309017,
      "y" : -0.19098301,
      "z" : -1.0
    }, {
      "x" : -0.618034,
      "y" : 0.309017,
      "z" : -0.809017
    }, {
      "x" : -0.809017,
      "y" : -0.618034,
      "z" : -0.309017
    } ],
    "faces" : [ {
      "vertices" : [ 9, 40, 35, 34, 10 ]
    }, {
      "vertices" : [ 0, 1, 2 ]
    }, {
      "vertices" : [ 33, 51, 49 ]
    }, {
      "vertices" : [ 25, 36, 37, 38 ]
    }, {
      "vertices" : [ 41, 55, 42 ]
    }, {
      "vertices" : [ 9, 32, 59, 40 ]
    }, {
      "vertices" : [ 20, 21, 52, 48 ]
    }, {
      "vertices" : [ 26, 33, 30, 29, 27 ]
    }, {
      "vertices" : [ 3, 4, 5, 6 ]
    }, {
      "vertices" : [ 27, 29, 44, 46 ]
    }, {
      "vertices" : [ 50, 57, 56, 55, 58 ]
    }, {
      "vertices" : [ 26, 38, 51, 33 ]
    }, {
      "vertices" : [ 45, 47, 58 ]
    }, {
      "vertices" : [ 18, 28, 57, 50 ]
    }, {
      "vertices" : [ 40, 59, 56 ]
    }, {
      "vertices" : [ 31, 48, 37, 43 ]
    }, {
      "vertices" : [ 7, 8, 9, 10 ]
    }, {
      "vertices" : [ 36, 41, 42, 43 ]
    }, {
      "vertices" : [ 24, 46, 47, 45 ]
    }, {
      "vertices" : [ 4, 30, 5 ]
    }, {
      "vertices" : [ 15, 47, 46, 44, 16 ]
    }, {
      "vertices" : [ 15, 50, 58, 47 ]
    }, {
      "vertices" : [ 24, 45, 41, 36, 25 ]
    }, {
      "vertices" : [ 11, 14, 19 ]
    }, {
      "vertices" : [ 3, 6, 39 ]
    }, {
      "vertices" : [ 1, 39, 6, 2 ]
    }, {
      "vertices" : [ 8, 32, 9 ]
    }, {
      "vertices" : [ 11, 12, 13, 14 ]
    }, {
      "vertices" : [ 16, 22, 17 ]
    }, {
      "vertices" : [ 0, 21, 20, 8, 7 ]
    }, {
      "vertices" : [ 12, 34, 13 ]
    }, {
      "vertices" : [ 35, 40, 56, 57 ]
    }, {
      "vertices" : [ 0, 7, 54, 1 ]
    }, {
      "vertices" : [ 15, 16, 17, 18 ]
    }, {
      "vertices" : [ 3, 19, 22, 23, 4 ]
    }, {
      "vertices" : [ 7, 10, 54 ]
    }, {
      "vertices" : [ 41, 45, 58, 55 ]
    }, {
      "vertices" : [ 3, 39, 11, 19 ]
    }, {
      "vertices" : [ 14, 17, 22, 19 ]
    }, {
      "vertices" : [ 0, 2, 53, 21 ]
    }, {
      "vertices" : [ 49, 51, 52, 53 ]
    }, {
      "vertices" : [ 31, 43, 42, 59, 32 ]
    }, {
      "vertices" : [ 15, 18, 50 ]
    }, {
      "vertices" : [ 42, 55, 56, 59 ]
    }, {
      "vertices" : [ 4, 23, 29, 30 ]
    }, {
      "vertices" : [ 25, 38, 26 ]
    }, {
      "vertices" : [ 13, 28, 18, 17, 14 ]
    }, {
      "vertices" : [ 8, 20, 31, 32 ]
    }, {
      "vertices" : [ 23, 44, 29 ]
    }, {
      "vertices" : [ 24, 27, 46 ]
    }, {
      "vertices" : [ 37, 48, 52, 51, 38 ]
    }, {
      "vertices" : [ 20, 48, 31 ]
    }, {
      "vertices" : [ 24, 25, 26, 27 ]
    }, {
      "vertices" : [ 16, 44, 23, 22 ]
    }, {
      "vertices" : [ 13, 34, 35, 28 ]
    }, {
      "vertices" : [ 10, 34, 12, 54 ]
    }, {
      "vertices" : [ 2, 6, 5, 49, 53 ]
    }, {
      "vertices" : [ 36, 43, 37 ]
    }, {
      "vertices" : [ 5, 30, 33, 49 ]
    }, {
      "vertices" : [ 1, 54, 12, 11, 39 ]
    }, {
      "vertices" : [ 28, 35, 57 ]
    }, {
      "vertices" : [ 21, 53, 52 ]
    } ]
  } ],
  "instances" : [ {
    "shape" : "e0f848fc-0c33-4832-bbd5-13aff0f0b618",
    "color" : "#00AE42",
    "position" : {
      "x" : 2.618034,
      "y" : 2.618034,
      "z" : 2.618034
    },
    "orientation" : 7
  }, {
    "shape" : "39bc3235-65fc-44db-ad00-8db6a050c46f",
    "color" : "#00AE42",
    "position" : {
      "x" : 2.618034,
      "y" : 2.618034,
      "z" : -2.618034
    },
    "orientation" : 23
  }, {
    "shape" : "71366098-a41a-4a35-8676-f22fac2d7770",
    "color" : "#C12E1F",
    "position" : {
      "x" : -5.236068,
      "y" : 5.236068,
      "z" : 0.0
    },
    "orientation" : 52
  }, {
    "shape" : "39bc3235-65fc-44db-ad00-8db6a050c46f",
    "color" : "#00AE42",
    "position" : {
      "x" : -2.618034,
      "y" : -2.618034,
      "z" : -2.618034
    },
    "orientation" : 36
  }, {
    "shape" : "39bc3235-65fc-44db-ad00-8db6a050c46f",
    "color" : "#C12E1F",
    "position" : {
      "x" : -2.618034,
      "y" : 7.854102,
      "z" : 2.618034
    },
    "orientation" : 38
  }, {
    "shape" : "39bc3235-65fc-44db-ad00-8db6a050c46f",
    "color" : "#C12E1F",
    "position" : {
      "x" : 2.618034,
      "y" : -2.618034,
      "z" : 7.854102
    },
    "orientation" : 21
  }, {
    "shape" : "71366098-a41a-4a35-8676-f22fac2d7770",
    "color" : "#FEC600",
    "position" : {
      "x" : 0.0,
      "y" : 5.236068,
      "z" : -5.236068
    },
    "orientation" : 6
  }, {
    "shape" : "76b5743a-b0cc-4b71-ae6a-e664dcdd5115",
    "color" : "#0086D6",
    "position" : {
      "x" : 2.618034,
      "y" : -7.854102,
      "z" : 2.618034
    },
    "orientation" : 22
  }, {
    "shape" : "39bc3235-65fc-44db-ad00-8db6a050c46f",
    "color" : "#00AE42",
    "position" : {
      "x" : 7.854102,
      "y" : -2.618034,
      "z" : 2.618034
    },
    "orientation" : 23
  }, {
    "shape" : "71366098-a41a-4a35-8676-f22fac2d7770",
    "color" : "#0086D6",
    "position" : {
      "x" : 0.0,
      "y" : 5.236068,
      "z" : -5.236068
    },
    "orientation" : 51
  }, {
    "shape" : "76b5743a-b0cc-4b71-ae6a-e664dcdd5115",
    "color" : "#00AE42",
    "position" : {
      "x" : -2.618034,
      "y" : 2.618034,
      "z" : 2.618034
    },
    "orientation" : 7
  }, {
    "shape" : "71366098-a41a-4a35-8676-f22fac2d7770",
    "color" : "#00AE42",
    "position" : {
      "x" : -5.236068,
      "y" : 0.0,
      "z" : 0.0
    },
    "orientation" : 36
  }, {
    "shape" : "4a7cb18b-05b6-479c-9f24-8c1584b04669",
    "color" : "#0086D6",
    "position" : {
      "x" : 0.0,
      "y" : 5.236068,
      "z" : -10.472136
    },
    "orientation" : 22
  }, {
    "shape" : "76b5743a-b0cc-4b71-ae6a-e664dcdd5115",
    "color" : "#0086D6",
    "position" : {
      "x" : -7.854102,
      "y" : -2.618034,
      "z" : -2.618034
    },
    "orientation" : 51
  }, {
    "shape" : "71366098-a41a-4a35-8676-f22fac2d7770",
    "color" : "#00AE42",
    "position" : {
      "x" : 0.0,
      "y" : 5.236068,
      "z" : 0.0
    },
    "orientation" : 7
  }, {
    "shape" : "71366098-a41a-4a35-8676-f22fac2d7770",
    "color" : "#FEC600",
    "position" : {
      "x" : 0.0,
      "y" : 0.0,
      "z" : -5.236068
    },
    "orientation" : 53
  }, {
    "shape" : "76b5743a-b0cc-4b71-ae6a-e664dcdd5115",
    "color" : "#0086D6",
    "position" : {
      "x" : 2.618034,
      "y" : -2.618034,
      "z" : -2.618034
    },
    "glow" : 0.8,
    "orientation" : 22
  }, {
    "shape" : "4a7cb18b-05b6-479c-9f24-8c1584b04669",
    "color" : "#0086D6",
    "position" : {
      "x" : 5.236068,
      "y" : 10.472136,
      "z" : 0.0
    },
    "orientation" : 51
  }, {
    "shape" : "71366098-a41a-4a35-8676-f22fac2d7770",
    "color" : "#C12E1F",
    "position" : {
      "x" : 0.0,
      "y" : 0.0,
      "z" : 5.236068
    },
    "orientation" : 38
  }, {
    "shape" : "b6a7378e-7f4a-4edf-bcd1-769a99322ca3",
    "color" : "#C12E1F",
    "position" : {
      "x" : 0.0,
      "y" : -5.236068,
      "z" : -5.236068
    },
    "orientation" : 21
  }, {
    "shape" : "71366098-a41a-4a35-8676-f22fac2d7770",
    "color" : "#C12E1F",
    "position" : {
      "x" : 0.0,
      "y" : 5.236068,
      "z" : 0.0
    },
    "orientation" : 52
  }, {
    "shape" : "39bc3235-65fc-44db-ad00-8db6a050c46f",
    "color" : "#C12E1F",
    "position" : {
      "x" : 2.618034,
      "y" : -2.618034,
      "z" : 2.618034
    },
    "orientation" : 21
  }, {
    "shape" : "39bc3235-65fc-44db-ad00-8db6a050c46f",
    "color" : "#FEC600",
    "position" : {
      "x" : 2.618034,
      "y" : 2.618034,
      "z" : 7.854102
    },
    "orientation" : 6
  }, {
    "shape" : "71366098-a41a-4a35-8676-f22fac2d7770",
    "color" : "#C12E1F",
    "position" : {
      "x" : 0.0,
      "y" : -5.236068,
      "z" : 5.236068
    },
    "orientation" : 21
  }, {
    "shape" : "39bc3235-65fc-44db-ad00-8db6a050c46f",
    "color" : "#0086D6",
    "position" : {
      "x" : 2.618034,
      "y" : -2.618034,
      "z" : 2.618034
    },
    "orientation" : 8
  }, {
    "shape" : "39bc3235-65fc-44db-ad00-8db6a050c46f",
    "color" : "#FEC600",
    "position" : {
      "x" : -7.854102,
      "y" : -2.618034,
      "z" : 2.618034
    },
    "orientation" : 37
  }, {
    "shape" : "8782fe86-6791-448a-b0b2-f08f42ad5f34",
    "color" : "#FEC600",
    "position" : {
      "x" : 0.0,
      "y" : 5.236068,
      "z" : 0.0
    },
    "orientation" : 6
  }, {
    "shape" : "71366098-a41a-4a35-8676-f22fac2d7770",
    "color" : "#FEC600",
    "position" : {
      "x" : -5.236068,
      "y" : 0.0,
      "z" : 0.0
    },
    "orientation" : 53
  }, {
    "shape" : "39bc3235-65fc-44db-ad00-8db6a050c46f",
    "color" : "#FEC600",
    "position" : {
      "x" : -2.618034,
      "y" : -7.854102,
      "z" : -2.618034
    },
    "orientation" : 53
  }, {
    "shape" : "71366098-a41a-4a35-8676-f22fac2d7770",
    "color" : "#C12E1F",
    "position" : {
      "x" : 0.0,
      "y" : -5.236068,
      "z" : 5.236068
    },
    "orientation" : 38
  }, {
    "shape" : "71366098-a41a-4a35-8676-f22fac2d7770",
    "color" : "#C12E1F",
    "position" : {
      "x" : -5.236068,
      "y" : -5.236068,
      "z" : 0.0
    },
    "orientation" : 38
  }, {
    "shape" : "e0f848fc-0c33-4832-bbd5-13aff0f0b618",
    "color" : "#00AE42",
    "position" : {
      "x" : 2.618034,
      "y" : -2.618034,
      "z" : -2.618034
    },
    "orientation" : 23
  }, {
    "shape" : "39bc3235-65fc-44db-ad00-8db6a050c46f",
    "color" : "#00AE42",
    "position" : {
      "x" : -7.854102,
      "y" : 2.618034,
      "z" : 2.618034
    },
    "orientation" : 7
  }, {
    "shape" : "39bc3235-65fc-44db-ad00-8db6a050c46f",
    "color" : "#00AE42",
    "position" : {
      "x" : -2.618034,
      "y" : -2.618034,
      "z" : 2.618034
    },
    "orientation" : 36
  }, {
    "shape" : "8782fe86-6791-448a-b0b2-f08f42ad5f34",
    "color" : "#00AE42",
    "position" : {
      "x" : 0.0,
      "y" : 0.0,
      "z" : 5.236068
    },
    "orientation" : 7
  }, {
    "shape" : "39bc3235-65fc-44db-ad00-8db6a050c46f",
    "color" : "#0086D6",
    "position" : {
      "x" : 7.854102,
      "y" : 2.618034,
      "z" : -2.618034
    },
    "orientation" : 8
  }, {
    "shape" : "b6a7378e-7f4a-4edf-bcd1-769a99322ca3",
    "color" : "#C12E1F",
    "position" : {
      "x" : -5.236068,
      "y" : 0.0,
      "z" : -5.236068
    },
    "orientation" : 52
  }, {
    "shape" : "8782fe86-6791-448a-b0b2-f08f42ad5f34",
    "color" : "#0086D6",
    "position" : {
      "x" : 5.236068,
      "y" : 0.0,
      "z" : 0.0
    },
    "orientation" : 8
  }, {
    "shape" : "71366098-a41a-4a35-8676-f22fac2d7770",
    "color" : "#0086D6",
    "position" : {
      "x" : -5.236068,
      "y" : 0.0,
      "z" : -5.236068
    },
    "orientation" : 51
  }, {
    "shape" : "e0f848fc-0c33-4832-bbd5-13aff0f0b618",
    "color" : "#FEC600",
    "position" : {
      "x" : 2.618034,
      "y" : 2.618034,
      "z" : 2.618034
    },
    "orientation" : 6
  }, {
    "shape" : "71366098-a41a-4a35-8676-f22fac2d7770",
    "color" : "#00AE42",
    "position" : {
      "x" : -5.236068,
      "y" : 0.0,
      "z" : 5.236068
    },
    "orientation" : 36
  }, {
    "shape" : "71366098-a41a-4a35-8676-f22fac2d7770",
    "color" : "#00AE42",
    "position" : {
      "x" : -5.236068,
      "y" : 0.0,
      "z" : 5.236068
    },
    "orientation" : 7
  }, {
    "shape" : "76b5743a-b0cc-4b71-ae6a-e664dcdd5115",
    "color" : "#0086D6",
    "position" : {
      "x" : -2.618034,
      "y" : -2.618034,
      "z" : -2.618034
    },
    "orientation" : 22
  }, {
    "shape" : "76b5743a-b0cc-4b71-ae6a-e664dcdd5115",
    "color" : "#C12E1F",
    "position" : {
      "x" : -2.618034,
      "y" : 2.618034,
      "z" : -2.618034
    },
    "glow" : 0.8,
    "orientation" : 52
  }, {
    "shape" : "76b5743a-b0cc-4b71-ae6a-e664dcdd5115",
    "color" : "#C12E1F",
    "position" : {
      "x" : -2.618034,
      "y" : 7.854102,
      "z" : 2.618034
    },
    "orientation" : 52
  }, {
    "shape" : "71366098-a41a-4a35-8676-f22fac2d7770",
    "color" : "#C12E1F",
    "position" : {
      "x" : -5.236068,
      "y" : 5.236068,
      "z" : 0.0
    },
    "orientation" : 38
  }, {
    "shape" : "39bc3235-65fc-44db-ad00-8db6a050c46f",
    "color" : "#0086D6",
    "position" : {
      "x" : 2.618034,
      "y" : 2.618034,
      "z" : -7.854102
    },
    "orientation" : 22
  }, {
    "shape" : "76b5743a-b0cc-4b71-ae6a-e664dcdd5115",
    "color" : "#0086D6",
    "position" : {
      "x" : -2.618034,
      "y" : 2.618034,
      "z" : 7.854102
    },
    "orientation" : 8
  }, {
    "shape" : "39bc3235-65fc-44db-ad00-8db6a050c46f",
    "color" : "#C12E1F",
    "position" : {
      "x" : -2.618034,
      "y" : -7.854102,
      "z" : -2.618034
    },
    "orientation" : 21
  }, {
    "shape" : "39bc3235-65fc-44db-ad00-8db6a050c46f",
    "color" : "#FEC600",
    "position" : {
      "x" : -2.618034,
      "y" : 7.854102,
      "z" : -2.618034
    },
    "orientation" : 53
  }, {
    "shape" : "71366098-a41a-4a35-8676-f22fac2d7770",
    "color" : "#00AE42",
    "position" : {
      "x" : 0.0,
      "y" : 0.0,
      "z" : 5.236068
    },
    "orientation" : 7
  }, {
    "shape" : "39bc3235-65fc-44db-ad00-8db6a050c46f",
    "color" : "#0086D6",
    "position" : {
      "x" : -2.618034,
      "y" : 2.618034,
      "z" : 2.618034
    },
    "orientation" : 51
  }, {
    "shape" : "8782fe86-6791-448a-b0b2-f08f42ad5f34",
    "color" : "#FEC600",
    "position" : {
      "x" : 0.0,
      "y" : 0.0,
      "z" : 5.236068
    },
    "orientation" : 37
  }, {
    "shape" : "39bc3235-65fc-44db-ad00-8db6a050c46f",
    "color" : "#00AE42",
    "position" : {
      "x" : 2.618034,
      "y" : -2.618034,
      "z" : 7.854102
    },
    "orientation" : 7
  }, {
    "shape" : "39bc3235-65fc-44db-ad00-8db6a050c46f",
    "color" : "#C12E1F",
    "position" : {
      "x" : -2.618034,
      "y" : -7.854102,
      "z" : 2.618034
    },
    "orientation" : 38
  }, {
    "shape" : "76b5743a-b0cc-4b71-ae6a-e664dcdd5115",
    "color" : "#FEC600",
    "position" : {
      "x" : -2.618034,
      "y" : -2.618034,
      "z" : 2.618034
    },
    "glow" : 0.8,
    "orientation" : 37
  }, {
    "shape" : "76b5743a-b0cc-4b71-ae6a-e664dcdd5115",
    "color" : "#00AE42",
    "position" : {
      "x" : 2.618034,
      "y" : 2.618034,
      "z" : -2.618034
    },
    "orientation" : 23
  }, {
    "shape" : "e0f848fc-0c33-4832-bbd5-13aff0f0b618",
    "color" : "#C12E1F",
    "position" : {
      "x" : 2.618034,
      "y" : -2.618034,
      "z" : -2.618034
    },
    "orientation" : 21
  }, {
    "shape" : "39bc3235-65fc-44db-ad00-8db6a050c46f",
    "color" : "#C12E1F",
    "position" : {
      "x" : 2.618034,
      "y" : 2.618034,
      "z" : -2.618034
    },
    "orientation" : 52
  }, {
    "shape" : "39bc3235-65fc-44db-ad00-8db6a050c46f",
    "color" : "#00AE42",
    "position" : {
      "x" : 2.618034,
      "y" : -7.854102,
      "z" : 2.618034
    },
    "orientation" : 36
  }, {
    "shape" : "39bc3235-65fc-44db-ad00-8db6a050c46f",
    "color" : "#FEC600",
    "position" : {
      "x" : 2.618034,
      "y" : -2.618034,
      "z" : 2.618034
    },
    "orientation" : 37
  }, {
    "shape" : "71366098-a41a-4a35-8676-f22fac2d7770",
    "color" : "#C12E1F",
    "position" : {
      "x" : -5.236068,
      "y" : 0.0,
      "z" : -5.236068
    },
    "orientation" : 52
  }, {
    "shape" : "39bc3235-65fc-44db-ad00-8db6a050c46f",
    "color" : "#C12E1F",
    "position" : {
      "x" : -7.854102,
      "y" : 2.618034,
      "z" : -2.618034
    },
    "orientation" : 52
  }, {
    "shape" : "39bc3235-65fc-44db-ad00-8db6a050c46f",
    "color" : "#FEC600",
    "position" : {
      "x" : -2.618034,
      "y" : 2.618034,
      "z" : 7.854102
    },
    "orientation" : 37
  }, {
    "shape" : "71366098-a41a-4a35-8676-f22fac2d7770",
    "color" : "#FEC600",
    "position" : {
      "x" : -5.236068,
      "y" : 0.0,
      "z" : 5.236068
    },
    "orientation" : 37
  }, {
    "shape" : "71366098-a41a-4a35-8676-f22fac2d7770",
    "color" : "#FEC600",
    "position" : {
      "x" : 0.0,
      "y" : 5.236068,
      "z" : 5.236068
    },
    "orientation" : 6
  }, {
    "shape" : "76b5743a-b0cc-4b71-ae6a-e664dcdd5115",
    "color" : "#C12E1F",
    "position" : {
      "x" : -2.618034,
      "y" : -2.618034,
      "z" : 2.618034
    },
    "glow" : 0.8,
    "orientation" : 38
  }, {
    "shape" : "71366098-a41a-4a35-8676-f22fac2d7770",
    "color" : "#0086D6",
    "position" : {
      "x" : -5.236068,
      "y" : 0.0,
      "z" : -5.236068
    },
    "orientation" : 22
  }, {
    "shape" : "4a7cb18b-05b6-479c-9f24-8c1584b04669",
    "color" : "#FEC600",
    "position" : {
      "x" : 0.0,
      "y" : 5.236068,
      "z" : 10.472136
    },
    "orientation" : 37
  }, {
    "shape" : "39bc3235-65fc-44db-ad00-8db6a050c46f",
    "color" : "#FEC600",
    "position" : {
      "x" : -7.854102,
      "y" : 2.618034,
      "z" : 2.618034
    },
    "orientation" : 53
  }, {
    "shape" : "e0f848fc-0c33-4832-bbd5-13aff0f0b618",
    "color" : "#FEC600",
    "position" : {
      "x" : -2.618034,
      "y" : -2.618034,
      "z" : 2.618034
    },
    "orientation" : 37
  }, {
    "shape" : "39bc3235-65fc-44db-ad00-8db6a050c46f",
    "color" : "#FEC600",
    "position" : {
      "x" : 2.618034,
      "y" : 2.618034,
      "z" : -2.618034
    },
    "orientation" : 6
  }, {
    "shape" : "76b5743a-b0cc-4b71-ae6a-e664dcdd5115",
    "color" : "#FEC600",
    "position" : {
      "x" : -2.618034,
      "y" : -7.854102,
      "z" : -2.618034
    },
    "orientation" : 37
  }, {
    "shape" : "8782fe86-6791-448a-b0b2-f08f42ad5f34",
    "color" : "#C12E1F",
    "position" : {
      "x" : 0.0,
      "y" : -5.236068,
      "z" : 0.0
    },
    "orientation" : 21
  }, {
    "shape" : "76b5743a-b0cc-4b71-ae6a-e664dcdd5115",
    "color" : "#FEC600",
    "position" : {
      "x" : -2.618034,
      "y" : -2.618034,
      "z" : -2.618034
    },
    "orientation" : 53
  }, {
    "shape" : "39bc3235-65fc-44db-ad00-8db6a050c46f",
    "color" : "#C12E1F",
    "position" : {
      "x" : 2.618034,
      "y" : -2.618034,
      "z" : -7.854102
    },
    "orientation" : 21
  }, {
    "shape" : "76b5743a-b0cc-4b71-ae6a-e664dcdd5115",
    "color" : "#FEC600",
    "position" : {
      "x" : 7.854102,
      "y" : -2.618034,
      "z" : 2.618034
    },
    "orientation" : 6
  }, {
    "shape" : "b6a7378e-7f4a-4edf-bcd1-769a99322ca3",
    "color" : "#0086D6",
    "position" : {
      "x" : 5.236068,
      "y" : 5.236068,
      "z" : 0.0
    },
    "orientation" : 8
  }, {
    "shape" : "39bc3235-65fc-44db-ad00-8db6a050c46f",
    "color" : "#0086D6",
    "position" : {
      "x" : -2.618034,
      "y" : 2.618034,
      "z" : 7.854102
    },
    "orientation" : 51
  }, {
    "shape" : "b6a7378e-7f4a-4edf-bcd1-769a99322ca3",
    "color" : "#00AE42",
    "position" : {
      "x" : 5.236068,
      "y" : -5.236068,
      "z" : 0.0
    },
    "orientation" : 23
  }, {
    "shape" : "4a7cb18b-05b6-479c-9f24-8c1584b04669",
    "color" : "#C12E1F",
    "position" : {
      "x" : -5.236068,
      "y" : -10.472136,
      "z" : 0.0
    },
    "orientation" : 21
  }, {
    "shape" : "76b5743a-b0cc-4b71-ae6a-e664dcdd5115",
    "color" : "#FEC600",
    "position" : {
      "x" : 2.618034,
      "y" : 2.618034,
      "z" : -2.618034
    },
    "orientation" : 6
  }, {
    "shape" : "e0f848fc-0c33-4832-bbd5-13aff0f0b618",
    "color" : "#00AE42",
    "position" : {
      "x" : -2.618034,
      "y" : -2.618034,
      "z" : 2.618034
    },
    "orientation" : 36
  }, {
    "shape" : "33109957-8458-404b-a90b-f40eb305bff8",
    "color" : "#F2F2F2",
    "position" : {
      "x" : 0.0,
      "y" : 0.0,
      "z" : 0.0
    },
    "glow" : 0.8
  }, {
    "shape" : "76b5743a-b0cc-4b71-ae6a-e664dcdd5115",
    "color" : "#0086D6",
    "position" : {
      "x" : 2.618034,
      "y" : 2.618034,
      "z" : 2.618034
    },
    "glow" : 0.8,
    "orientation" : 8
  }, {
    "shape" : "71366098-a41a-4a35-8676-f22fac2d7770",
    "color" : "#00AE42",
    "position" : {
      "x" : 5.236068,
      "y" : -5.236068,
      "z" : 0.0
    },
    "orientation" : 23
  }, {
    "shape" : "71366098-a41a-4a35-8676-f22fac2d7770",
    "color" : "#FEC600",
    "position" : {
      "x" : 5.236068,
      "y" : 0.0,
      "z" : 0.0
    },
    "orientation" : 6
  }, {
    "shape" : "71366098-a41a-4a35-8676-f22fac2d7770",
    "color" : "#00AE42",
    "position" : {
      "x" : 5.236068,
      "y" : 0.0,
      "z" : 5.236068
    },
    "orientation" : 7
  }, {
    "shape" : "39bc3235-65fc-44db-ad00-8db6a050c46f",
    "color" : "#00AE42",
    "position" : {
      "x" : -2.618034,
      "y" : 2.618034,
      "z" : 2.618034
    },
    "orientation" : 7
  }, {
    "shape" : "71366098-a41a-4a35-8676-f22fac2d7770",
    "color" : "#C12E1F",
    "position" : {
      "x" : 5.236068,
      "y" : 0.0,
      "z" : -5.236068
    },
    "orientation" : 52
  }, {
    "shape" : "39bc3235-65fc-44db-ad00-8db6a050c46f",
    "color" : "#0086D6",
    "position" : {
      "x" : -2.618034,
      "y" : 2.618034,
      "z" : -7.854102
    },
    "orientation" : 51
  }, {
    "shape" : "39bc3235-65fc-44db-ad00-8db6a050c46f",
    "color" : "#00AE42",
    "position" : {
      "x" : 7.854102,
      "y" : 2.618034,
      "z" : 2.618034
    },
    "orientation" : 7
  }, {
    "shape" : "71366098-a41a-4a35-8676-f22fac2d7770",
    "color" : "#C12E1F",
    "position" : {
      "x" : 5.236068,
      "y" : 0.0,
      "z" : 0.0
    },
    "orientation" : 21
  }, {
    "shape" : "b6a7378e-7f4a-4edf-bcd1-769a99322ca3",
    "color" : "#FEC600",
    "position" : {
      "x" : 0.0,
      "y" : 5.236068,
      "z" : 5.236068
    },
    "orientation" : 6
  }, {
    "shape" : "71366098-a41a-4a35-8676-f22fac2d7770",
    "color" : "#00AE42",
    "position" : {
      "x" : 5.236068,
      "y" : 0.0,
      "z" : 0.0
    },
    "orientation" : 23
  }, {
    "shape" : "b6a7378e-7f4a-4edf-bcd1-769a99322ca3",
    "color" : "#FEC600",
    "position" : {
      "x" : -5.236068,
      "y" : 0.0,
      "z" : 5.236068
    },
    "orientation" : 37
  }, {
    "shape" : "76b5743a-b0cc-4b71-ae6a-e664dcdd5115",
    "color" : "#C12E1F",
    "position" : {
      "x" : 2.618034,
      "y" : -2.618034,
      "z" : 7.854102
    },
    "orientation" : 38
  }, {
    "shape" : "39bc3235-65fc-44db-ad00-8db6a050c46f",
    "color" : "#C12E1F",
    "position" : {
      "x" : -2.618034,
      "y" : -2.618034,
      "z" : -7.854102
    },
    "orientation" : 52
  }, {
    "shape" : "4a7cb18b-05b6-479c-9f24-8c1584b04669",
    "color" : "#0086D6",
    "position" : {
      "x" : 10.472136,
      "y" : 0.0,
      "z" : -5.236068
    },
    "orientation" : 8
  }, {
    "shape" : "76b5743a-b0cc-4b71-ae6a-e664dcdd5115",
    "color" : "#00AE42",
    "position" : {
      "x" : -2.618034,
      "y" : -2.618034,
      "z" : -2.618034
    },
    "orientation" : 36
  }, {
    "shape" : "76b5743a-b0cc-4b71-ae6a-e664dcdd5115",
    "color" : "#00AE42",
    "position" : {
      "x" : 2.618034,
      "y" : 2.618034,
