{
  "polygons" : "true",
  "field" : "golden",
  "symmetry" : "icosahedral",
  "orientations" : [ [ 1.0, 0.0, 0.0, 0.0, 0.0, 1.0, 0.0, 0.0, 0.0, 0.0, 1.0, 0.0, 0.0, 0.0, 0.0, 1.0 ], [ 0.0, 0.0, 1.0, 0.0, 1.0, 0.0, 0.0, 0.0, 0.0, 1.0, 0.0, 0.0, 0.0, 0.0, 0.0, 1.0 ], [ 0.0, 1.0, 0.0, 0.0, 0.0, 0.0, 1.0, 0.0, 1.0, 0.0, 0.0, 0.0, 0.0, 0.0, 0.0, 1.0 ], [ 0.809017, 0.309017, 0.5, 0.0, 0.309017, 0.5, -0.809017, 0.0, -0.5, 0.809017, 0.309017, 0.0, 0.0, 0.0, 0.0, 1.0 ], [ -0.5, 0.809017, 0.309017, 0.0, 0.809017, 0.309017, 0.5, 0.0, 0.309017, 0.5, -0.809017, 0.0, 0.0, 0.0, 0.0, 1.0 ], [ 0.309017, 0.5, -0.809017, 0.0, -0.5, 0.809017, 0.309017, 0.0, 0.809017, 0.309017, 0.5, 0.0, 0.0, 0.0, 0.0, 1.0 ], [ 0.5, 0.809017, 0.309017, 0.0, 0.809017, -0.309017, -0.5, 0.0, -0.309017, 0.5, -0.809017, 0.0, 0.0, 0.0, 0.0, 1.0 ], [ -0.309017, 0.5, -0.809017, 0.0, 0.5, 0.809017, 0.309017, 0.0, 0.809017, -0.309017, -0.5, 0.0, 0.0, 0.0, 0.0, 1.0 ], [ 0.809017, -0.309017, -0.5, 0.0, -0.309017, 0.5, -0.809017, 0.0, 0.5, 0.809017, 0.309017, 0.0, 0.0, 0.0, 0.0, 1.0 ], [ 0.5, 0.809017, -0.309017, 0.0, 0.809017, -0.309017, 0.5, 0.0, 0.309017, -0.5, -0.809017, 0.0, 0.0, 0.0, 0.0, 1.0 ], [ 0.309017, -0.5, -0.809017, 0.0, 0.5, 0.809017, -0.309017, 0.0, 0.809017, -0.309017, 0.5, 0.0, 0.0, 0.0, 0.0, 1.0 ], [ 0.809017, -0.309017, 0.5, 0.0, 0.309017, -0.5, -0.809017, 0.0, 0.5, 0.809017, -0.309017, 0.0, 0.0, 0.0, 0.0, 1.0 ], [ 0.809017, 0.309017, -0.5, 0.0, 0.309017, 0.5, 0.809017, 0.0, 0.5, -0.809017, 0.309017, 0.0, 0.0, 0.0, 0.0, 1.0 ], [ 0.5, -0.809017, 0.309017, 0.0, 0.809017, 0.309017, -0.5, 0.0, 0.309017, 0.5, 0.809017, 0.0, 0.0, 0.0, 0.0, 1.0 ], [ 0.309017, 0.5, 0.809017, 0.0, 0.5, -0.809017, 0.309017, 0.0, 0.809017, 0.309017, -0.5, 0.0, 0.0, 0.0, 0.0, 1.0 ], [ 1.0, 0.0, 0.0, 0.0, 0.0, -1.0, 0.0, 0.0, 0.0, 0.0, -1.0, 0.0, 0.0, 0.0, 0.0, 1.0 ], [ 0.0, 0.0, 1.0, 0.0, -1.0, 0.0, 0.0, 0.0, 0.0, -1.0, 0.0, 0.0, 0.0, 0.0, 0.0, 1.0 ], [ 0.0, 1.0, 0.0, 0.0, 0.0, 0.0, -1.0, 0.0, -1.0, 0.0, 0.0, 0.0, 0.0, 0.0, 0.0, 1.0 ], [ 0.809017, 0.309017, 0.5, 0.0, -0.309017, -0.5, 0.809017, 0.0, 0.5, -0.809017, -0.309017, 0.0, 0.0, 0.0, 0.0, 1.0 ], [ -0.5, 0.809017, 0.309017, 0.0, -0.809017, -0.309017, -0.5, 0.0, -0.309017, -0.5, 0.809017, 0.0, 0.0, 0.0, 0.0, 1.0 ], [ 0.309017, 0.5, -0.809017, 0.0, 0.5, -0.809017, -0.309017, 0.0, -0.809017, -0.309017, -0.5, 0.0, 0.0, 0.0, 0.0, 1.0 ], [ 0.5, 0.809017, 0.309017, 0.0, -0.809017, 0.309017, 0.5, 0.0, 0.309017, -0.5, 0.809017, 0.0, 0.0, 0.0, 0.0, 1.0 ], [ -0.309017, 0.5, -0.809017, 0.0, -0.5, -0.809017, -0.309017, 0.0, -0.809017, 0.309017, 0.5, 0.0, 0.0, 0.0, 0.0, 1.0 ], [ 0.809017, -0.309017, -0.5, 0.0, 0.309017, -0.5, 0.809017, 0.0, -0.5, -0.809017, -0.309017, 0.0, 0.0, 0.0, 0.0, 1.0 ], [ 0.5, 0.809017, -0.309017, 0.0, -0.809017, 0.309017, -0.5, 0.0, -0.309017, 0.5, 0.809017, 0.0, 0.0, 0.0, 0.0, 1.0 ], [ 0.309017, -0.5, -0.809017, 0.0, -0.5, -0.809017, 0.309017, 0.0, -0.809017, 0.309017, -0.5, 0.0, 0.0, 0.0, 0.0, 1.0 ], [ 0.809017, -0.309017, 0.5, 0.0, -0.309017, 0.5, 0.809017, 0.0, -0.5, -0.809017, 0.309017, 0.0, 0.0, 0.0, 0.0, 1.0 ], [ 0.809017, 0.309017, -0.5, 0.0, -0.309017, -0.5, -0.809017, 0.0, -0.5, 0.809017, -0.309017, 0.0, 0.0, 0.0, 0.0, 1.0 ], [ 0.5, -0.809017, 0.309017, 0.0, -0.809017, -0.309017, 0.5, 0.0, -0.309017, -0.5, -0.809017, 0.0, 0.0, 0.0, 0.0, 1.0 ], [ 0.309017, 0.5, 0.809017, 0.0, -0.5, 0.809017, -0.309017, 0.0, -0.809017, -0.309017, 0.5, 0.0, 0.0, 0.0, 0.0, 1.0 ], [ -1.0, 0.0, 0.0, 0.0, 0.0, -1.0, 0.0, 0.0, 0.0, 0.0, 1.0, 0.0, 0.0, 0.0, 0.0, 1.0 ], [ 0.0, 0.0, -1.0, 0.0, -1.0, 0.0, 0.0, 0.0, 0.0, 1.0, 0.0, 0.0, 0.0, 0.0, 0.0, 1.0 ], [ 0.0, -1.0, 0.0, 0.0, 0.0, 0.0, -1.0, 0.0, 1.0, 0.0, 0.0, 0.0, 0.0, 0.0, 0.0, 1.0 ], [ -0.809017, -0.309017, -0.5, 0.0, -0.309017, -0.5, 0.809017, 0.0, -0.5, 0.809017, 0.309017, 0.0, 0.0, 0.0, 0.0, 1.0 ], [ 0.5, -0.809017, -0.309017, 0.0, -0.809017, -0.309017, -0.5, 0.0, 0.309017, 0.5, -0.809017, 0.0, 0.0, 0.0, 0.0, 1.0 ], [ -0.309017, -0.5, 0.809017, 0.0, 0.5, -0.809017, -0.309017, 0.0, 0.809017, 0.309017, 0.5, 0.0, 0.0, 0.0, 0.0, 1.0 ], [ -0.5, -0.809017, -0.309017, 0.0, -0.809017, 0.309017, 0.5, 0.0, -0.309017, 0.5, -0.809017, 0.0, 0.0, 0.0, 0.0, 1.0 ], [ 0.309017, -0.5, 0.809017, 0.0, -0.5, -0.809017, -0.309017, 0.0, 0.809017, -0.309017, -0.5, 0.0, 0.0, 0.0, 0.0, 1.0 ], [ -0.809017, 0.309017, 0.5, 0.0, 0.309017, -0.5, 0.809017, 0.0, 0.5, 0.809017, 0.309017, 0.0, 0.0, 0.0, 0.0, 1.0 ], [ -0.5, -0.809017, 0.309017, 0.0, -0.809017, 0.309017, -0.5, 0.0, 0.309017, -0.5, -0.809017, 0.0, 0.0, 0.0, 0.0, 1.0 ], [ -0.309017, 0.5, 0.809017, 0.0, -0.5, -0.809017, 0.309017, 0.0, 0.809017, -0.309017, 0.5, 0.0, 0.0, 0.0, 0.0, 1.0 ], [ -0.809017, 0.309017, -0.5, 0.0, -0.309017, 0.5, 0.809017, 0.0, 0.5, 0.809017, -0.309017, 0.0, 0.0, 0.0, 0.0, 1.0 ], [ -0.809017, -0.309017, 0.5, 0.0, -0.309017, -0.5, -0.809017, 0.0, 0.5, -0.809017, 0.309017, 0.0, 0.0, 0.0, 0.0, 1.0 ], [ -0.5, 0.809017, -0.309017, 0.0, -0.809017, -0.309017, 0.5, 0.0, 0.309017, 0.5, 0.809017, 0.0, 0.0, 0.0, 0.0, 1.0 ], [ -0.309017, -0.5, -0.809017, 0.0, -0.5, 0.809017, -0.309017, 0.0, 0.809017, 0.309017, -0.5, 0.0, 0.0, 0.0, 0.0, 1.0 ], [ -1.0, 0.0, 0.0, 0.0, 0.0, 1.0, 0.0, 0.0, 0.0, 0.0, -1.0, 0.0, 0.0, 0.0, 0.0, 1.0 ], [ 0.0, 0.0, -1.0, 0.0, 1.0, 0.0, 0.0, 0.0, 0.0, -1.0, 0.0, 0.0, 0.0, 0.0, 0.0, 1.0 ], [ 0.0, -1.0, 0.0, 0.0, 0.0, 0.0, 1.0, 0.0, -1.0, 0.0, 0.0, 0.0, 0.0, 0.0, 0.0, 1.0 ], [ -0.809017, -0.309017, -0.5, 0.0, 0.309017, 0.5, -0.809017, 0.0, 0.5, -0.809017, -0.309017, 0.0, 0.0, 0.0, 0.0, 1.0 ], [ 0.5, -0.809017, -0.309017, 0.0, 0.809017, 0.309017, 0.5, 0.0, -0.309017, -0.5, 0.809017, 0.0, 0.0, 0.0, 0.0, 1.0 ], [ -0.309017, -0.5, 0.809017, 0.0, -0.5, 0.809017, 0.309017, 0.0, -0.809017, -0.309017, -0.5, 0.0, 0.0, 0.0, 0.0, 1.0 ], [ -0.5, -0.809017, -0.309017, 0.0, 0.809017, -0.309017, -0.5, 0.0, 0.309017, -0.5, 0.809017, 0.0, 0.0, 0.0, 0.0, 1.0 ], [ 0.309017, -0.5, 0.809017, 0.0, 0.5, 0.809017, 0.309017, 0.0, -0.809017, 0.309017, 0.5, 0.0, 0.0, 0.0, 0.0, 1.0 ], [ -0.809017, 0.309017, 0.5, 0.0, -0.309017, 0.5, -0.809017, 0.0, -0.5, -0.809017, -0.309017, 0.0, 0.0, 0.0, 0.0, 1.0 ], [ -0.5, -0.809017, 0.309017, 0.0, 0.809017, -0.309017, 0.5, 0.0, -0.309017, 0.5, 0.809017, 0.0, 0.0, 0.0, 0.0, 1.0 ], [ -0.309017, 0.5, 0.809017, 0.0, 0.5, 0.809017, -0.309017, 0.0, -0.809017, 0.309017, -0.5, 0.0, 0.0, 0.0, 0.0, 1.0 ], [ -0.809017, 0.309017, -0.5, 0.0, 0.309017, -0.5, -0.809017, 0.0, -0.5, -0.809017, 0.309017, 0.0, 0.0, 0.0, 0.0, 1.0 ], [ -0.809017, -0.309017, 0.5, 0.0, 0.309017, 0.5, 0.809017, 0.0, -0.5, 0.809017, -0.309017, 0.0, 0.0, 0.0, 0.0, 1.0 ], [ -0.5, 0.809017, -0.309017, 0.0, 0.809017, 0.309017, -0.5, 0.0, -0.309017, -0.5, -0.809017, 0.0, 0.0, 0.0, 0.0, 1.0 ], [ -0.309017, -0.5, -0.809017, 0.0, 0.5, -0.809017, 0.309017, 0.0, -0.809017, -0.309017, 0.5, 0.0, 0.0, 0.0, 0.0, 1.0 ] ],
  "lights" : {
    "directionalLights" : [ {
      "direction" : [ 1.0, -1.0, -1.0 ],
      "color" : "#EBEBE4"
    }, {
      "direction" : [ -1.0, 0.0, 0.0 ],
      "color" : "#E4E4EB"
    }, {
      "direction" : [ 0.0, 0.0, -1.0 ],
      "color" : "#1E1E1E"
    } ],
    "backgroundColor" : "#AFC8DC",
    "ambientColor" : "#292929"
  },
  "camera" : {
    "position" : {
      "x" : 26.108984,
      "y" : 52.498234,
      "z" : -45.73017
    },
    "width" : 33.46071,
    "perspective" : true,
    "viewDistance" : 74.357124,
    "lookAtPointRV" : {
      "x" : 0.0,
      "y" : 0.0,
      "z" : 0.0,
      "zero" : true
    },
    "lookDirectionRV" : {
      "x" : -0.35112956,
      "y" : -0.7060283,
      "z" : 0.6150073,
      "zero" : false
    },
    "upDirectionRV" : {
      "x" : -0.18125227,
      "y" : 0.6956579,
      "z" : 0.69513065,
      "zero" : false
    },
    "fieldOfView" : 0.44262892,
    "lookDirection" : {
      "x" : -0.35112956,
      "y" : -0.7060283,
      "z" : 0.6150073
    },
    "upDirection" : {
      "x" : -0.18125227,
      "y" : 0.6956579,
      "z" : 0.69513065
    },
    "lookAtPoint" : {
      "x" : 0.0,
      "y" : 0.0,
      "z" : 0.0
    },
    "farClipDistance" : 148.7143,
    "stereo" : false,
    "nearClipDistance" : 0.18589288
  },
  "embedding" : [ 1.0, 0.0, 0.0, 0.0, 0.0, 1.0, 0.0, 0.0, 0.0, 0.0, 1.0, 0.0, 0.0, 0.0, 0.0, 1.0 ],
  "shapes" : [ {
    "id" : "c3d68bd6-17f2-4912-91b3-726ecb7318c0",
    "orbit" : "blue",
    "orbitC" : "[[0,0,1],[0,0,1]]",
    "length" : "[0,1,2]",
    "name" : " :1/2*phi",
    "vertices" : [ {
      "x" : 5.854102,
      "y" : 0.309017,
      "z" : 0.19098301
    }, {
      "x" : 5.854102,
      "y" : 0.309017,
      "z" : -0.19098301
    }, {
      "x" : 1.0,
      "y" : 0.309017,
      "z" : -0.19098301
    }, {
      "x" : 1.0,
      "y" : 0.309017,
      "z" : 0.19098301
    }, {
      "x" : 5.854102,
      "y" : -0.309017,
      "z" : 0.19098301
    }, {
      "x" : 1.0,
      "y" : -0.309017,
      "z" : 0.19098301
    }, {
      "x" : 1.0,
      "y" : -0.309017,
      "z" : -0.19098301
    }, {
      "x" : 5.854102,
      "y" : -0.309017,
      "z" : -0.19098301
    }, {
      "x" : 6.854102,
      "y" : 0.0,
      "z" : 0.0
    } ],
    "faces" : [ {
      "vertices" : [ 1, 7, 6, 2 ]
    }, {
      "vertices" : [ 0, 1, 2, 3 ]
    }, {
      "vertices" : [ 4, 5, 6, 7 ]
    }, {
      "vertices" : [ 0, 3, 5, 4 ]
    } ]
  }, {
    "id" : "78acd69b-1036-424e-823e-7b286fceb1aa",
    "name" : "ball",
    "vertices" : [ {
      "x" : 0.309017,
      "y" : -0.809017,
      "z" : 0.618034
    }, {
      "x" : 0.809017,
      "y" : -0.618034,
      "z" : 0.309017
    }, {
      "x" : 0.618034,
      "y" : -0.309017,
      "z" : 0.809017
    }, {
      "x" : 1.0,
      "y" : 0.309017,
      "z" : 0.19098301
    }, {
      "x" : 0.809017,
      "y" : 0.618034,
      "z" : 0.309017
    }, {
      "x" : 0.618034,
      "y" : 0.309017,
      "z" : 0.809017
    }, {
      "x" : 0.809017,
      "y" : 0.0,
      "z" : 0.690983
    }, {
      "x" : 0.19098301,
      "y" : -1.0,
      "z" : 0.309017
    }, {
      "x" : -0.19098301,
      "y" : -1.0,
      "z" : 0.309017
    }, {
      "x" : -0.19098301,
      "y" : -1.0,
      "z" : -0.309017
    }, {
      "x" : 0.19098301,
      "y" : -1.0,
      "z" : -0.309017
    }, {
      "x" : 1.0,
      "y" : -0.309017,
      "z" : -0.19098301
    }, {
      "x" : 0.809017,
      "y" : -0.618034,
      "z" : -0.309017
    }, {
      "x" : 0.618034,
      "y" : -0.309017,
      "z" : -0.809017
    }, {
      "x" : 0.809017,
      "y" : 0.0,
      "z" : -0.690983
    }, {
      "x" : 0.0,
      "y" : 0.690983,
      "z" : -0.809017
    }, {
      "x" : 0.309017,
      "y" : 0.809017,
      "z" : -0.618034
    }, {
      "x" : 0.618034,
      "y" : 0.309017,
      "z" : -0.809017
    }, {
      "x" : 0.309017,
      "y" : 0.19098301,
      "z" : -1.0
    }, {
      "x" : 1.0,
      "y" : 0.309017,
      "z" : -0.19098301
    }, {
      "x" : -0.309017,
      "y" : -0.809017,
      "z" : 0.618034
    }, {
      "x" : 0.0,
      "y" : -0.690983,
      "z" : 0.809017
    }, {
      "x" : 0.809017,
      "y" : 0.618034,
      "z" : -0.309017
    }, {
      "x" : 0.690983,
      "y" : 0.809017,
      "z" : 0.0
    }, {
      "x" : -0.690983,
      "y" : 0.809017,
      "z" : 0.0
    }, {
      "x" : -0.809017,
      "y" : 0.618034,
      "z" : 0.309017
    }, {
      "x" : -0.309017,
      "y" : 0.809017,
      "z" : 0.618034
    }, {
      "x" : -0.19098301,
      "y" : 1.0,
      "z" : 0.309017
    }, {
      "x" : 0.309017,
      "y" : -0.19098301,
      "z" : -1.0
    }, {
      "x" : 0.19098301,
      "y" : 1.0,
      "z" : 0.309017
    }, {
      "x" : 0.309017,
      "y" : 0.809017,
      "z" : 0.618034
    }, {
      "x" : -0.809017,
      "y" : -0.618034,
      "z" : 0.309017
    }, {
      "x" : -0.690983,
      "y" : -0.809017,
      "z" : 0.0
    }, {
      "x" : 0.0,
      "y" : 0.690983,
      "z" : 0.809017
    }, {
      "x" : 0.309017,
      "y" : -0.809017,
      "z" : -0.618034
    }, {
      "x" : 0.0,
      "y" : -0.690983,
      "z" : -0.809017
    }, {
      "x" : -1.0,
      "y" : 0.309017,
      "z" : 0.19098301
    }, {
      "x" : -0.809017,
      "y" : 0.0,
      "z" : 0.690983
    }, {
      "x" : -0.618034,
      "y" : 0.309017,
      "z" : 0.809017
    }, {
      "x" : 1.0,
      "y" : -0.309017,
      "z" : 0.19098301
    }, {
      "x" : -0.309017,
      "y" : -0.809017,
      "z" : -0.618034
    }, {
      "x" : -1.0,
      "y" : 0.309017,
      "z" : -0.19098301
    }, {
      "x" : -1.0,
      "y" : -0.309017,
      "z" : -0.19098301
    }, {
      "x" : -1.0,
      "y" : -0.309017,
      "z" : 0.19098301
    }, {
      "x" : 0.19098301,
      "y" : 1.0,
      "z" : -0.309017
    }, {
      "x" : -0.809017,
      "y" : 0.618034,
      "z" : -0.309017
    }, {
      "x" : -0.19098301,
      "y" : 1.0,
      "z" : -0.309017
    }, {
      "x" : -0.309017,
      "y" : 0.809017,
      "z" : -0.618034
    }, {
      "x" : -0.618034,
      "y" : -0.309017,
      "z" : 0.809017
    }, {
      "x" : 0.309017,
      "y" : 0.19098301,
      "z" : 1.0
    }, {
      "x" : -0.309017,
      "y" : 0.19098301,
      "z" : -1.0
    }, {
      "x" : -0.309017,
      "y" : 0.19098301,
      "z" : 1.0
    }, {
      "x" : -0.309017,
      "y" : -0.19098301,
      "z" : 1.0
    }, {
      "x" : 0.309017,
      "y" : -0.19098301,
      "z" : 1.0
    }, {
      "x" : 0.690983,
      "y" : -0.809017,
      "z" : 0.0
    }, {
      "x" : -0.809017,
      "y" : 0.0,
      "z" : -0.690983
    }, {
      "x" : -0.618034,
      "y" : -0.309017,
      "z" : -0.809017
    }, {
      "x" : -0.309017,
      "y" : -0.19098301,
      "z" : -1.0
    }, {
      "x" : -0.618034,
      "y" : 0.309017,
      "z" : -0.809017
    }, {
      "x" : -0.809017,
      "y" : -0.618034,
      "z" : -0.309017
    } ],
    "faces" : [ {
      "vertices" : [ 9, 40, 35, 34, 10 ]
    }, {
      "vertices" : [ 0, 1, 2 ]
    }, {
      "vertices" : [ 33, 51, 49 ]
    }, {
      "vertices" : [ 25, 36, 37, 38 ]
    }, {
      "vertices" : [ 41, 55, 42 ]
    }, {
      "vertices" : [ 9, 32, 59, 40 ]
    }, {
      "vertices" : [ 20, 21, 52, 48 ]
    }, {
      "vertices" : [ 26, 33, 30, 29, 27 ]
    }, {
      "vertices" : [ 3, 4, 5, 6 ]
    }, {
      "vertices" : [ 27, 29, 44, 46 ]
    }, {
      "vertices" : [ 50, 57, 56, 55, 58 ]
    }, {
      "vertices" : [ 26, 38, 51, 33 ]
    }, {
      "vertices" : [ 45, 47, 58 ]
    }, {
      "vertices" : [ 18, 28, 57, 50 ]
    }, {
      "vertices" : [ 40, 59, 56 ]
    }, {
      "vertices" : [ 31, 48, 37, 43 ]
    }, {
      "vertices" : [ 7, 8, 9, 10 ]
    }, {
      "vertices" : [ 36, 41, 42, 43 ]
    }, {
      "vertices" : [ 24, 46, 47, 45 ]
    }, {
      "vertices" : [ 4, 30, 5 ]
    }, {
      "vertices" : [ 15, 47, 46, 44, 16 ]
    }, {
      "vertices" : [ 15, 50, 58, 47 ]
    }, {
      "vertices" : [ 24, 45, 41, 36, 25 ]
    }, {
      "vertices" : [ 11, 14, 19 ]
    }, {
      "vertices" : [ 3, 6, 39 ]
    }, {
      "vertices" : [ 1, 39, 6, 2 ]
    }, {
      "vertices" : [ 8, 32, 9 ]
    }, {
      "vertices" : [ 11, 12, 13, 14 ]
    }, {
      "vertices" : [ 16, 22, 17 ]
    }, {
      "vertices" : [ 0, 21, 20, 8, 7 ]
    }, {
      "vertices" : [ 12, 34, 13 ]
    }, {
      "vertices" : [ 35, 40, 56, 57 ]
    }, {
      "vertices" : [ 0, 7, 54, 1 ]
    }, {
      "vertices" : [ 15, 16, 17, 18 ]
    }, {
      "vertices" : [ 3, 19, 22, 23, 4 ]
    }, {
      "vertices" : [ 7, 10, 54 ]
    }, {
      "vertices" : [ 41, 45, 58, 55 ]
    }, {
      "vertices" : [ 3, 39, 11, 19 ]
    }, {
      "vertices" : [ 14, 17, 22, 19 ]
    }, {
      "vertices" : [ 0, 2, 53, 21 ]
    }, {
      "vertices" : [ 49, 51, 52, 53 ]
    }, {
      "vertices" : [ 31, 43, 42, 59, 32 ]
    }, {
      "vertices" : [ 15, 18, 50 ]
    }, {
      "vertices" : [ 42, 55, 56, 59 ]
    }, {
      "vertices" : [ 4, 23, 29, 30 ]
    }, {
      "vertices" : [ 25, 38, 26 ]
    }, {
      "vertices" : [ 13, 28, 18, 17, 14 ]
    }, {
      "vertices" : [ 8, 20, 31, 32 ]
    }, {
      "vertices" : [ 23, 44, 29 ]
    }, {
      "vertices" : [ 24, 27, 46 ]
    }, {
      "vertices" : [ 37, 48, 52, 51, 38 ]
    }, {
      "vertices" : [ 20, 48, 31 ]
    }, {
      "vertices" : [ 24, 25, 26, 27 ]
    }, {
      "vertices" : [ 16, 44, 23, 22 ]
    }, {
      "vertices" : [ 13, 34, 35, 28 ]
    }, {
      "vertices" : [ 10, 34, 12, 54 ]
    }, {
      "vertices" : [ 2, 6, 5, 49, 53 ]
    }, {
      "vertices" : [ 36, 43, 37 ]
    }, {
      "vertices" : [ 5, 30, 33, 49 ]
    }, {
      "vertices" : [ 1, 54, 12, 11, 39 ]
    }, {
      "vertices" : [ 28, 35, 57 ]
    }, {
      "vertices" : [ 21, 53, 52 ]
    } ]
  }, {
    "id" : "ea830ca6-f20c-4fbc-b545-9f6de45f2d95",
    "orbit" : "green",
    "orbitC" : "[[2,-1,1],[5,-3,1]]",
    "length" : "[0,1,2]",
    "name" : " :1/2*phi",
    "vertices" : [ {
      "x" : 7.2586102,
      "y" : 2.5815594,
      "z" : -1.177051
    }, {
      "x" : 8.281153,
      "y" : 2.618034,
      "z" : -1.309017
    }, {
      "x" : 7.2586102,
      "y" : 2.5815594,
      "z" : -0.79508495
    }, {
      "x" : 7.0676274,
      "y" : 2.8905764,
      "z" : -1.295085
    }, {
      "x" : 7.0676274,
      "y" : 2.8905764,
      "z" : -0.91311896
    }, {
      "x" : 0.809017,
      "y" : 0.618034,
      "z" : 0.309017
    }, {
      "x" : 1.0,
      "y" : 0.309017,
      "z" : 0.19098301
    }, {
      "x" : 1.9045085,
      "y" : 0.5364745,
      "z" : -0.013932022
    }, {
      "x" : 7.972136,
      "y" : 3.118034,
      "z" : -1.5
    }, {
      "x" : 8.163119,
      "y" : 2.809017,
      "z" : -1.618034
    }, {
      "x" : 8.163119,
      "y" : 2.809017,
      "z" : -1.0
    }, {
      "x" : 7.972136,
      "y" : 3.118034,
      "z" : -1.118034
    }, {
      "x" : 1.7135255,
      "y" : 0.8454915,
      "z" : -0.13196601
    }, {
      "x" : 0.690983,
      "y" : 0.809017,
      "z" : 0.0
    }, {
      "x" : 1.9045085,
      "y" : 0.5364745,
      "z" : -0.39589804
    }, {
      "x" : 1.7135255,
      "y" : 0.8454915,
      "z" : -0.51393205
    }, {
      "x" : 0.809017,
      "y" : 0.618034,
      "z" : -0.309017
    }, {
      "x" : 1.0,
      "y" : 0.309017,
      "z" : -0.19098301
    }, {
      "x" : 8.972136,
      "y" : 3.427051,
      "z" : -1.309017
    } ],
    "faces" : [ {
      "vertices" : [ 0, 14, 15, 3 ]
    }, {
      "vertices" : [ 3, 15, 12, 4 ]
    }, {
      "vertices" : [ 0, 1, 2 ]
    }, {
      "vertices" : [ 12, 15, 13 ]
    }, {
      "vertices" : [ 0, 9, 1 ]
    }, {
      "vertices" : [ 0, 3, 9 ]
    }, {
      "vertices" : [ 13, 15, 16 ]
    }, {
      "vertices" : [ 6, 17, 14, 7 ]
    }, {
      "vertices" : [ 1, 10, 2 ]
    }, {
      "vertices" : [ 5, 6, 7 ]
    }, {
      "vertices" : [ 3, 8, 9 ]
    }, {
      "vertices" : [ 0, 2, 7, 14 ]
    }, {
      "vertices" : [ 5, 7, 12 ]
    }, {
      "vertices" : [ 2, 4, 12, 7 ]
    }, {
      "vertices" : [ 3, 4, 11, 8 ]
    }, {
      "vertices" : [ 2, 10, 11, 4 ]
    }, {
      "vertices" : [ 5, 12, 13 ]
    }, {
      "vertices" : [ 14, 17, 16, 15 ]
    } ]
  }, {
    "id" : "9e54e6ab-bf04-4fd0-8476-0020861ce099",
    "orbit" : "blue",
    "orbitC" : "[[0,0,1],[0,0,1]]",
    "length" : "[-1,1,1]",
    "name" : "b0",
    "vertices" : [ {
      "x" : 4.236068,
      "y" : 0.309017,
      "z" : 0.19098301
    }, {
      "x" : 4.236068,
      "y" : 0.309017,
      "z" : -0.19098301
    }, {
      "x" : 1.0,
      "y" : 0.309017,
      "z" : -0.19098301
    }, {
      "x" : 1.0,
      "y" : 0.309017,
      "z" : 0.19098301
    }, {
      "x" : 4.236068,
      "y" : -0.309017,
      "z" : 0.19098301
    }, {
      "x" : 1.0,
      "y" : -0.309017,
      "z" : 0.19098301
    }, {
      "x" : 1.0,
      "y" : -0.309017,
      "z" : -0.19098301
    }, {
      "x" : 4.236068,
      "y" : -0.309017,
      "z" : -0.19098301
    }, {
      "x" : 5.236068,
      "y" : 0.0,
      "z" : 0.0
    } ],
    "faces" : [ {
      "vertices" : [ 1, 7, 6, 2 ]
    }, {
      "vertices" : [ 0, 1, 2, 3 ]
    }, {
      "vertices" : [ 4, 5, 6, 7 ]
    }, {
      "vertices" : [ 0, 3, 5, 4 ]
    } ]
  } ],
  "instances" : [ {
    "shape" : "c3d68bd6-17f2-4912-91b3-726ecb7318c0",
    "color" : "#008EC2",
    "position" : {
      "x" : -0.44778407,
      "y" : -1.9426241,
      "z" : -5.4366755
    },
    "orientation" : 23
  }, {
    "shape" : "78acd69b-1036-424e-823e-7b286fceb1aa",
    "color" : "#FFFF00",
    "position" : {
      "x" : 5.097301,
      "y" : 0.17540993,
      "z" : -2.0096247
    }
  }, {
    "shape" : "c3d68bd6-17f2-4912-91b3-726ecb7318c0",
    "color" : "#008EC2",
    "position" : {
      "x" : 1.6702499,
      "y" : -5.369675,
      "z" : 0.10840929
    },
    "orientation" : 40
  }, {
    "shape" : "ea830ca6-f20c-4fbc-b545-9f6de45f2d95",
    "color" : "#000000",
    "position" : {
      "x" : -3.874835,
      "y" : 3.6024609,
      "z" : 3.5354602
    },
    "orientation" : 29
  }, {
    "shape" : "78acd69b-1036-424e-823e-7b286fceb1aa",
    "color" : "#F2F2F2",
    "position" : {
      "x" : -0.44778407,
      "y" : -8.796726,
      "z" : 5.6534944
    }
  }, {
    "shape" : "78acd69b-1036-424e-823e-7b286fceb1aa",
    "color" : "#000000",
    "position" : {
      "x" : -2.565818,
      "y" : -5.369675,
      "z" : 0.10840929
    }
  }, {
    "shape" : "78acd69b-1036-424e-823e-7b286fceb1aa",
    "color" : "#FFFF00",
    "position" : {
      "x" : -3.874835,
      "y" : -3.251641,
      "z" : -3.3186417
    }
  }, {
    "shape" : "78acd69b-1036-424e-823e-7b286fceb1aa",
    "color" : "#FF0000",
    "position" : {
      "x" : -0.44778407,
      "y" : -1.9426241,
      "z" : -5.4366755
    }
  }, {
    "shape" : "ea830ca6-f20c-4fbc-b545-9f6de45f2d95",
    "color" : "#FFFFFF",
    "position" : {
      "x" : -0.44778407,
      "y" : 2.293444,
      "z" : 5.6534944
    },
    "orientation" : 17
  }, {
    "shape" : "c3d68bd6-17f2-4912-91b3-726ecb7318c0",
    "color" : "#008EC2",
    "position" : {
      "x" : 2.979267,
      "y" : 3.6024609,
      "z" : 3.5354602
    },
    "orientation" : 23
  }, {
    "shape" : "c3d68bd6-17f2-4912-91b3-726ecb7318c0",
    "color" : "#008EC2",
    "position" : {
      "x" : -3.874835,
      "y" : 3.6024609,
      "z" : 3.5354602
    },
    "orientation" : 56
  }, {
    "shape" : "c3d68bd6-17f2-4912-91b3-726ecb7318c0",
    "color" : "#008EC2",
    "position" : {
      "x" : 1.6702499,
      "y" : -5.369675,
      "z" : 0.10840929
    },
    "orientation" : 0
  }, {
    "shape" : "c3d68bd6-17f2-4912-91b3-726ecb7318c0",
    "color" : "#008EC2",
    "position" : {
      "x" : -2.565818,
      "y" : -5.369675,
      "z" : 0.10840929
    },
    "orientation" : 45
  }, {
    "shape" : "ea830ca6-f20c-4fbc-b545-9f6de45f2d95",
    "color" : "#808080",
    "position" : {
      "x" : 2.979267,
      "y" : 3.6024609,
      "z" : 3.5354602
    },
    "orientation" : 22
  }, {
    "shape" : "ea830ca6-f20c-4fbc-b545-9f6de45f2d95",
    "color" : "#FF0000",
    "position" : {
      "x" : 1.6702499,
      "y" : 5.7204947,
      "z" : 0.10840929
    },
    "orientation" : 31
  }, {
    "shape" : "c3d68bd6-17f2-4912-91b3-726ecb7318c0",
    "color" : "#008EC2",
    "position" : {
      "x" : -3.874835,
      "y" : 3.6024609,
      "z" : 3.5354602
    },
    "orientation" : 40
  }, {
    "shape" : "78acd69b-1036-424e-823e-7b286fceb1aa",
    "color" : "#F2F2F2",
    "position" : {
      "x" : 5.097301,
      "y" : 0.17540993,
      "z" : 9.080545
    }
  }, {
    "shape" : "ea830ca6-f20c-4fbc-b545-9f6de45f2d95",
    "color" : "#FFFFFF",
    "position" : {
      "x" : 1.6702499,
      "y" : -5.369675,
      "z" : 0.10840929
    },
    "orientation" : 46
  }, {
    "shape" : "78acd69b-1036-424e-823e-7b286fceb1aa",
    "color" : "#F2F2F2",
    "position" : {
      "x" : 8.524352,
      "y" : 5.7204947,
      "z" : 0.10840929
    }
  }, {
    "shape" : "78acd69b-1036-424e-823e-7b286fceb1aa",
    "color" : "#F2F2F2",
    "position" : {
      "x" : 8.215335,
      "y" : -3.251641,
      "z" : 3.5354602
    }
  }, {
    "shape" : "ea830ca6-f20c-4fbc-b545-9f6de45f2d95",
    "color" : "#000000",
    "position" : {
      "x" : -3.874835,
      "y" : 3.6024609,
      "z" : 3.5354602
    },
    "orientation" : 28
  }, {
    "shape" : "78acd69b-1036-424e-823e-7b286fceb1aa",
    "color" : "#F2F2F2",
    "position" : {
      "x" : 8.524352,
      "y" : -5.369675,
      "z" : 0.10840929
    }
  }, {
    "shape" : "ea830ca6-f20c-4fbc-b545-9f6de45f2d95",
    "color" : "#FFFFFF",
    "position" : {
      "x" : -0.44778407,
      "y" : 2.293444,
      "z" : 5.6534944
    },
    "orientation" : 25
  }, {
    "shape" : "c3d68bd6-17f2-4912-91b3-726ecb7318c0",
    "color" : "#008EC2",
    "position" : {
      "x" : 2.979267,
      "y" : -3.251641,
      "z" : -3.3186417
    },
    "orientation" : 52
  }, {
    "shape" : "c3d68bd6-17f2-4912-91b3-726ecb7318c0",
    "color" : "#008EC2",
    "position" : {
      "x" : -0.44778407,
      "y" : 2.293444,
      "z" : 5.6534944
    },
    "orientation" : 8
  }, {
    "shape" : "78acd69b-1036-424e-823e-7b286fceb1aa",
    "color" : "#000000",
    "position" : {
      "x" : -0.44778407,
      "y" : 2.293444,
      "z" : -5.4366755
    }
  }, {
    "shape" : "78acd69b-1036-424e-823e-7b286fceb1aa",
    "color" : "#FF0000",
    "position" : {
      "x" : 2.979267,
      "y" : -3.251641,
      "z" : 3.5354602
    }
  }, {
    "shape" : "78acd69b-1036-424e-823e-7b286fceb1aa",
    "color" : "#FFFF00",
    "position" : {
      "x" : -2.565818,
      "y" : 5.7204947,
      "z" : 0.10840929
    }
  }, {
    "shape" : "ea830ca6-f20c-4fbc-b545-9f6de45f2d95",
    "color" : "#FFFF00",
    "position" : {
      "x" : -2.565818,
      "y" : 5.7204947,
      "z" : 0.10840929
    },
    "orientation" : 24
  }, {
    "shape" : "ea830ca6-f20c-4fbc-b545-9f6de45f2d95",
    "color" : "#FFFFFF",
    "position" : {
      "x" : -0.44778407,
      "y" : 2.293444,
      "z" : 5.6534944
    },
    "orientation" : 50
  }, {
    "shape" : "ea830ca6-f20c-4fbc-b545-9f6de45f2d95",
    "color" : "#808080",
    "position" : {
      "x" : 2.979267,
      "y" : -3.251641,
      "z" : -3.3186417
    },
    "orientation" : 38
  }, {
    "shape" : "78acd69b-1036-424e-823e-7b286fceb1aa",
    "color" : "#FFFFFF",
    "position" : {
      "x" : 2.979267,
      "y" : 3.6024609,
      "z" : -3.3186417
    }
  }, {
    "shape" : "ea830ca6-f20c-4fbc-b545-9f6de45f2d95",
    "color" : "#000000",
    "position" : {
      "x" : -2.565818,
      "y" : -5.369675,
      "z" : 0.10840929
    },
    "orientation" : 49
  }, {
    "shape" : "78acd69b-1036-424e-823e-7b286fceb1aa",
    "color" : "#FFFFFF",
    "position" : {
      "x" : 1.6702499,
      "y" : -5.369675,
      "z" : 0.10840929
    }
  }, {
    "shape" : "c3d68bd6-17f2-4912-91b3-726ecb7318c0",
    "color" : "#008EC2",
    "position" : {
      "x" : -0.44778407,
      "y" : -1.9426241,
      "z" : -5.4366755
    },
    "orientation" : 56
  }, {
    "shape" : "c3d68bd6-17f2-4912-91b3-726ecb7318c0",
    "color" : "#008EC2",
    "position" : {
      "x" : -2.565818,
      "y" : 5.7204947,
      "z" : 0.10840929
    },
    "orientation" : 52
  }, {
    "shape" : "ea830ca6-f20c-4fbc-b545-9f6de45f2d95",
    "color" : "#808080",
    "position" : {
      "x" : 2.979267,
      "y" : 3.6024609,
      "z" : 3.5354602
    },
    "orientation" : 36
  }, {
    "shape" : "ea830ca6-f20c-4fbc-b545-9f6de45f2d95",
    "color" : "#FFFFFF",
    "position" : {
      "x" : 1.6702499,
      "y" : -5.369675,
      "z" : 0.10840929
    },
    "orientation" : 54
  }, {
    "shape" : "78acd69b-1036-424e-823e-7b286fceb1aa",
    "color" : "#F2F2F2",
    "position" : {
      "x" : 5.097301,
      "y" : 0.17540993,
      "z" : -8.863727
    }
  }, {
    "shape" : "78acd69b-1036-424e-823e-7b286fceb1aa",
    "color" : "#808080",
    "position" : {
      "x" : -3.874835,
      "y" : -3.251641,
      "z" : 3.5354602
    }
  }, {
    "shape" : "78acd69b-1036-424e-823e-7b286fceb1aa",
    "color" : "#FF0000",
    "position" : {
      "x" : 1.6702499,
      "y" : 5.7204947,
      "z" : 0.10840929
    }
  }, {
    "shape" : "c3d68bd6-17f2-4912-91b3-726ecb7318c0",
    "color" : "#008EC2",
    "position" : {
      "x" : 1.6702499,
      "y" : 5.7204947,
      "z" : 0.10840929
    },
    "orientation" : 0
  }, {
    "shape" : "ea830ca6-f20c-4fbc-b545-9f6de45f2d95",
    "color" : "#FF0000",
    "position" : {
      "x" : 1.6702499,
      "y" : 5.7204947,
      "z" : 0.10840929
    },
    "orientation" : 19
  }, {
    "shape" : "78acd69b-1036-424e-823e-7b286fceb1aa",
    "color" : "#000000",
    "position" : {
      "x" : -3.874835,
      "y" : 3.6024609,
      "z" : 3.5354602
    }
  }, {
    "shape" : "78acd69b-1036-424e-823e-7b286fceb1aa",
    "color" : "#F2F2F2",
    "position" : {
      "x" : -9.41992,
      "y" : 5.7204947,
      "z" : 0.10840929
    }
  }, {
    "shape" : "78acd69b-1036-424e-823e-7b286fceb1aa",
    "color" : "#F2F2F2",
    "position" : {
      "x" : -5.992869,
      "y" : 0.17540993,
      "z" : -8.863727
    }
  }, {
    "shape" : "78acd69b-1036-424e-823e-7b286fceb1aa",
    "color" : "#F2F2F2",
    "position" : {
      "x" : -5.992869,
      "y" : 0.17540993,
      "z" : 9.080545
    }
  }, {
    "shape" : "c3d68bd6-17f2-4912-91b3-726ecb7318c0",
    "color" : "#008EC2",
    "position" : {
      "x" : -3.874835,
      "y" : -3.251641,
      "z" : -3.3186417
    },
    "orientation" : 41
  }, {
    "shape" : "ea830ca6-f20c-4fbc-b545-9f6de45f2d95",
    "color" : "#FF0000",
    "position" : {
      "x" : -0.44778407,
      "y" : -1.9426241,
      "z" : -5.4366755
    },
    "orientation" : 2
  }, {
    "shape" : "c3d68bd6-17f2-4912-91b3-726ecb7318c0",
    "color" : "#008EC2",
    "position" : {
      "x" : -2.565818,
      "y" : 5.7204947,
      "z" : 0.10840929
    },
    "orientation" : 45
  }, {
    "shape" : "78acd69b-1036-424e-823e-7b286fceb1aa",
    "color" : "#FFFFFF",
    "position" : {
      "x" : -0.44778407,
      "y" : 2.293444,
      "z" : 5.6534944
    }
  }, {
    "shape" : "c3d68bd6-17f2-4912-91b3-726ecb7318c0",
    "color" : "#008EC2",
    "position" : {
      "x" : -2.565818,
      "y" : -5.369675,
      "z" : 0.10840929
    },
    "orientation" : 37
  }, {
    "shape" : "78acd69b-1036-424e-823e-7b286fceb1aa",
    "color" : "#F2F2F2",
    "position" : {
      "x" : -9.41992,
      "y" : -5.369675,
      "z" : 0.10840929
    }
  }, {
    "shape" : "78acd69b-1036-424e-823e-7b286fceb1aa",
    "color" : "#808080",
    "position" : {
      "x" : 2.979267,
      "y" : -3.251641,
      "z" : -3.3186417
    }
  }, {
    "shape" : "ea830ca6-f20c-4fbc-b545-9f6de45f2d95",
    "color" : "#FFFF00",
    "position" : {
      "x" : -2.565818,
      "y" : 5.7204947,
      "z" : 0.10840929
    },
    "orientation" : 16
  }, {
    "shape" : "ea830ca6-f20c-4fbc-b545-9f6de45f2d95",
    "color" : "#FFFFFF",
    "position" : {
      "x" : -5.992869,
      "y" : 0.17540993,
      "z" : -2.0096247
    },
    "orientation" : 0
  }, {
    "shape" : "c3d68bd6-17f2-4912-91b3-726ecb7318c0",
    "color" : "#008EC2",
    "position" : {
      "x" : 1.6702499,
      "y" : 5.7204947,
      "z" : 0.10840929
    },
    "orientation" : 55
  }, {
    "shape" : "c3d68bd6-17f2-4912-91b3-726ecb7318c0",
    "color" : "#008EC2",
    "position" : {
      "x" : 2.979267,
      "y" : -3.251641,
      "z" : -3.3186417
    },
    "orientation" : 8
  }, {
    "shape" : "c3d68bd6-17f2-4912-91b3-726ecb7318c0",
    "color" : "#008EC2",
    "position" : {
      "x" : -3.874835,
      "y" : -3.251641,
      "z" : -3.3186417
    },
    "orientation" : 55
  }, {
    "shape" : "78acd69b-1036-424e-823e-7b286fceb1aa",
    "color" : "#FFFFFF",
    "position" : {
      "x" : -5.992869,
      "y" : 0.17540993,
      "z" : -2.0096247
    }
  }, {
    "shape" : "ea830ca6-f20c-4fbc-b545-9f6de45f2d95",
    "color" : "#FFFF00",
    "position" : {
      "x" : -3.874835,
      "y" : -3.251641,
      "z" : -3.3186417
    },
    "orientation" : 12
  }, {
    "shape" : "c3d68bd6-17f2-4912-91b3-726ecb7318c0",
    "color" : "#008EC2",
    "position" : {
      "x" : -0.44778407,
      "y" : 2.293444,
      "z" : 5.6534944
    },
    "orientation" : 41
  }, {
    "shape" : "78acd69b-1036-424e-823e-7b286fceb1aa",
    "color" : "#808080",
    "position" : {
      "x" : 2.979267,
      "y" : 3.6024609,
      "z" : 3.5354602
    }
  }, {
    "shape" : "78acd69b-1036-424e-823e-7b286fceb1aa",
    "color" : "#F2F2F2",
    "position" : {
      "x" : -0.44778407,
      "y" : 9.147546,
      "z" : -5.4366755
    }
  }, {
    "shape" : "9e54e6ab-bf04-4fd0-8476-0020861ce099",
    "color" : "#008EC2",
    "position" : {
      "x" : 2.979267,
      "y" : -3.251641,
      "z" : 3.5354602
    },
    "orientation" : 0
  }, {
    "shape" : "c3d68bd6-17f2-4912-91b3-726ecb7318c0",
    "color" : "#008EC2",
    "position" : {
      "x" : 2.979267,
      "y" : 3.6024609,
      "z" : 3.5354602
    },
    "orientation" : 37
  } ],
  "scenes" : [ ],
  "snapshots" : [ ]
}