{
  "polygons" : "true",
  "field" : "golden",
  "symmetry" : "icosahedral",
  "orientations" : [ [ 1.0, 0.0, 0.0, 0.0, 0.0, 1.0, 0.0, 0.0, 0.0, 0.0, 1.0, 0.0, 0.0, 0.0, 0.0, 1.0 ], [ 0.0, 0.0, 1.0, 0.0, 1.0, 0.0, 0.0, 0.0, 0.0, 1.0, 0.0, 0.0, 0.0, 0.0, 0.0, 1.0 ], [ 0.0, 1.0, 0.0, 0.0, 0.0, 0.0, 1.0, 0.0, 1.0, 0.0, 0.0, 0.0, 0.0, 0.0, 0.0, 1.0 ], [ 0.809017, 0.309017, 0.5, 0.0, 0.309017, 0.5, -0.809017, 0.0, -0.5, 0.809017, 0.309017, 0.0, 0.0, 0.0, 0.0, 1.0 ], [ -0.5, 0.809017, 0.309017, 0.0, 0.809017, 0.309017, 0.5, 0.0, 0.309017, 0.5, -0.809017, 0.0, 0.0, 0.0, 0.0, 1.0 ], [ 0.309017, 0.5, -0.809017, 0.0, -0.5, 0.809017, 0.309017, 0.0, 0.809017, 0.309017, 0.5, 0.0, 0.0, 0.0, 0.0, 1.0 ], [ 0.5, 0.809017, 0.309017, 0.0, 0.809017, -0.309017, -0.5, 0.0, -0.309017, 0.5, -0.809017, 0.0, 0.0, 0.0, 0.0, 1.0 ], [ -0.309017, 0.5, -0.809017, 0.0, 0.5, 0.809017, 0.309017, 0.0, 0.809017, -0.309017, -0.5, 0.0, 0.0, 0.0, 0.0, 1.0 ], [ 0.809017, -0.309017, -0.5, 0.0, -0.309017, 0.5, -0.809017, 0.0, 0.5, 0.809017, 0.309017, 0.0, 0.0, 0.0, 0.0, 1.0 ], [ 0.5, 0.809017, -0.309017, 0.0, 0.809017, -0.309017, 0.5, 0.0, 0.309017, -0.5, -0.809017, 0.0, 0.0, 0.0, 0.0, 1.0 ], [ 0.309017, -0.5, -0.809017, 0.0, 0.5, 0.809017, -0.309017, 0.0, 0.809017, -0.309017, 0.5, 0.0, 0.0, 0.0, 0.0, 1.0 ], [ 0.809017, -0.309017, 0.5, 0.0, 0.309017, -0.5, -0.809017, 0.0, 0.5, 0.809017, -0.309017, 0.0, 0.0, 0.0, 0.0, 1.0 ], [ 0.809017, 0.309017, -0.5, 0.0, 0.309017, 0.5, 0.809017, 0.0, 0.5, -0.809017, 0.309017, 0.0, 0.0, 0.0, 0.0, 1.0 ], [ 0.5, -0.809017, 0.309017, 0.0, 0.809017, 0.309017, -0.5, 0.0, 0.309017, 0.5, 0.809017, 0.0, 0.0, 0.0, 0.0, 1.0 ], [ 0.309017, 0.5, 0.809017, 0.0, 0.5, -0.809017, 0.309017, 0.0, 0.809017, 0.309017, -0.5, 0.0, 0.0, 0.0, 0.0, 1.0 ], [ 1.0, 0.0, 0.0, 0.0, 0.0, -1.0, 0.0, 0.0, 0.0, 0.0, -1.0, 0.0, 0.0, 0.0, 0.0, 1.0 ], [ 0.0, 0.0, 1.0, 0.0, -1.0, 0.0, 0.0, 0.0, 0.0, -1.0, 0.0, 0.0, 0.0, 0.0, 0.0, 1.0 ], [ 0.0, 1.0, 0.0, 0.0, 0.0, 0.0, -1.0, 0.0, -1.0, 0.0, 0.0, 0.0, 0.0, 0.0, 0.0, 1.0 ], [ 0.809017, 0.309017, 0.5, 0.0, -0.309017, -0.5, 0.809017, 0.0, 0.5, -0.809017, -0.309017, 0.0, 0.0, 0.0, 0.0, 1.0 ], [ -0.5, 0.809017, 0.309017, 0.0, -0.809017, -0.309017, -0.5, 0.0, -0.309017, -0.5, 0.809017, 0.0, 0.0, 0.0, 0.0, 1.0 ], [ 0.309017, 0.5, -0.809017, 0.0, 0.5, -0.809017, -0.309017, 0.0, -0.809017, -0.309017, -0.5, 0.0, 0.0, 0.0, 0.0, 1.0 ], [ 0.5, 0.809017, 0.309017, 0.0, -0.809017, 0.309017, 0.5, 0.0, 0.309017, -0.5, 0.809017, 0.0, 0.0, 0.0, 0.0, 1.0 ], [ -0.309017, 0.5, -0.809017, 0.0, -0.5, -0.809017, -0.309017, 0.0, -0.809017, 0.309017, 0.5, 0.0, 0.0, 0.0, 0.0, 1.0 ], [ 0.809017, -0.309017, -0.5, 0.0, 0.309017, -0.5, 0.809017, 0.0, -0.5, -0.809017, -0.309017, 0.0, 0.0, 0.0, 0.0, 1.0 ], [ 0.5, 0.809017, -0.309017, 0.0, -0.809017, 0.309017, -0.5, 0.0, -0.309017, 0.5, 0.809017, 0.0, 0.0, 0.0, 0.0, 1.0 ], [ 0.309017, -0.5, -0.809017, 0.0, -0.5, -0.809017, 0.309017, 0.0, -0.809017, 0.309017, -0.5, 0.0, 0.0, 0.0, 0.0, 1.0 ], [ 0.809017, -0.309017, 0.5, 0.0, -0.309017, 0.5, 0.809017, 0.0, -0.5, -0.809017, 0.309017, 0.0, 0.0, 0.0, 0.0, 1.0 ], [ 0.809017, 0.309017, -0.5, 0.0, -0.309017, -0.5, -0.809017, 0.0, -0.5, 0.809017, -0.309017, 0.0, 0.0, 0.0, 0.0, 1.0 ], [ 0.5, -0.809017, 0.309017, 0.0, -0.809017, -0.309017, 0.5, 0.0, -0.309017, -0.5, -0.809017, 0.0, 0.0, 0.0, 0.0, 1.0 ], [ 0.309017, 0.5, 0.809017, 0.0, -0.5, 0.809017, -0.309017, 0.0, -0.809017, -0.309017, 0.5, 0.0, 0.0, 0.0, 0.0, 1.0 ], [ -1.0, 0.0, 0.0, 0.0, 0.0, -1.0, 0.0, 0.0, 0.0, 0.0, 1.0, 0.0, 0.0, 0.0, 0.0, 1.0 ], [ 0.0, 0.0, -1.0, 0.0, -1.0, 0.0, 0.0, 0.0, 0.0, 1.0, 0.0, 0.0, 0.0, 0.0, 0.0, 1.0 ], [ 0.0, -1.0, 0.0, 0.0, 0.0, 0.0, -1.0, 0.0, 1.0, 0.0, 0.0, 0.0, 0.0, 0.0, 0.0, 1.0 ], [ -0.809017, -0.309017, -0.5, 0.0, -0.309017, -0.5, 0.809017, 0.0, -0.5, 0.809017, 0.309017, 0.0, 0.0, 0.0, 0.0, 1.0 ], [ 0.5, -0.809017, -0.309017, 0.0, -0.809017, -0.309017, -0.5, 0.0, 0.309017, 0.5, -0.809017, 0.0, 0.0, 0.0, 0.0, 1.0 ], [ -0.309017, -0.5, 0.809017, 0.0, 0.5, -0.809017, -0.309017, 0.0, 0.809017, 0.309017, 0.5, 0.0, 0.0, 0.0, 0.0, 1.0 ], [ -0.5, -0.809017, -0.309017, 0.0, -0.809017, 0.309017, 0.5, 0.0, -0.309017, 0.5, -0.809017, 0.0, 0.0, 0.0, 0.0, 1.0 ], [ 0.309017, -0.5, 0.809017, 0.0, -0.5, -0.809017, -0.309017, 0.0, 0.809017, -0.309017, -0.5, 0.0, 0.0, 0.0, 0.0, 1.0 ], [ -0.809017, 0.309017, 0.5, 0.0, 0.309017, -0.5, 0.809017, 0.0, 0.5, 0.809017, 0.309017, 0.0, 0.0, 0.0, 0.0, 1.0 ], [ -0.5, -0.809017, 0.309017, 0.0, -0.809017, 0.309017, -0.5, 0.0, 0.309017, -0.5, -0.809017, 0.0, 0.0, 0.0, 0.0, 1.0 ], [ -0.309017, 0.5, 0.809017, 0.0, -0.5, -0.809017, 0.309017, 0.0, 0.809017, -0.309017, 0.5, 0.0, 0.0, 0.0, 0.0, 1.0 ], [ -0.809017, 0.309017, -0.5, 0.0, -0.309017, 0.5, 0.809017, 0.0, 0.5, 0.809017, -0.309017, 0.0, 0.0, 0.0, 0.0, 1.0 ], [ -0.809017, -0.309017, 0.5, 0.0, -0.309017, -0.5, -0.809017, 0.0, 0.5, -0.809017, 0.309017, 0.0, 0.0, 0.0, 0.0, 1.0 ], [ -0.5, 0.809017, -0.309017, 0.0, -0.809017, -0.309017, 0.5, 0.0, 0.309017, 0.5, 0.809017, 0.0, 0.0, 0.0, 0.0, 1.0 ], [ -0.309017, -0.5, -0.809017, 0.0, -0.5, 0.809017, -0.309017, 0.0, 0.809017, 0.309017, -0.5, 0.0, 0.0, 0.0, 0.0, 1.0 ], [ -1.0, 0.0, 0.0, 0.0, 0.0, 1.0, 0.0, 0.0, 0.0, 0.0, -1.0, 0.0, 0.0, 0.0, 0.0, 1.0 ], [ 0.0, 0.0, -1.0, 0.0, 1.0, 0.0, 0.0, 0.0, 0.0, -1.0, 0.0, 0.0, 0.0, 0.0, 0.0, 1.0 ], [ 0.0, -1.0, 0.0, 0.0, 0.0, 0.0, 1.0, 0.0, -1.0, 0.0, 0.0, 0.0, 0.0, 0.0, 0.0, 1.0 ], [ -0.809017, -0.309017, -0.5, 0.0, 0.309017, 0.5, -0.809017, 0.0, 0.5, -0.809017, -0.309017, 0.0, 0.0, 0.0, 0.0, 1.0 ], [ 0.5, -0.809017, -0.309017, 0.0, 0.809017, 0.309017, 0.5, 0.0, -0.309017, -0.5, 0.809017, 0.0, 0.0, 0.0, 0.0, 1.0 ], [ -0.309017, -0.5, 0.809017, 0.0, -0.5, 0.809017, 0.309017, 0.0, -0.809017, -0.309017, -0.5, 0.0, 0.0, 0.0, 0.0, 1.0 ], [ -0.5, -0.809017, -0.309017, 0.0, 0.809017, -0.309017, -0.5, 0.0, 0.309017, -0.5, 0.809017, 0.0, 0.0, 0.0, 0.0, 1.0 ], [ 0.309017, -0.5, 0.809017, 0.0, 0.5, 0.809017, 0.309017, 0.0, -0.809017, 0.309017, 0.5, 0.0, 0.0, 0.0, 0.0, 1.0 ], [ -0.809017, 0.309017, 0.5, 0.0, -0.309017, 0.5, -0.809017, 0.0, -0.5, -0.809017, -0.309017, 0.0, 0.0, 0.0, 0.0, 1.0 ], [ -0.5, -0.809017, 0.309017, 0.0, 0.809017, -0.309017, 0.5, 0.0, -0.309017, 0.5, 0.809017, 0.0, 0.0, 0.0, 0.0, 1.0 ], [ -0.309017, 0.5, 0.809017, 0.0, 0.5, 0.809017, -0.309017, 0.0, -0.809017, 0.309017, -0.5, 0.0, 0.0, 0.0, 0.0, 1.0 ], [ -0.809017, 0.309017, -0.5, 0.0, 0.309017, -0.5, -0.809017, 0.0, -0.5, -0.809017, 0.309017, 0.0, 0.0, 0.0, 0.0, 1.0 ], [ -0.809017, -0.309017, 0.5, 0.0, 0.309017, 0.5, 0.809017, 0.0, -0.5, 0.809017, -0.309017, 0.0, 0.0, 0.0, 0.0, 1.0 ], [ -0.5, 0.809017, -0.309017, 0.0, 0.809017, 0.309017, -0.5, 0.0, -0.309017, -0.5, -0.809017, 0.0, 0.0, 0.0, 0.0, 1.0 ], [ -0.309017, -0.5, -0.809017, 0.0, 0.5, -0.809017, 0.309017, 0.0, -0.809017, -0.309017, 0.5, 0.0, 0.0, 0.0, 0.0, 1.0 ] ],
  "lights" : {
    "directionalLights" : [ {
      "direction" : [ 1.0, -1.0, -1.0 ],
      "color" : "#EBEBE4"
    }, {
      "direction" : [ -1.0, 0.0, 0.0 ],
      "color" : "#E4E4EB"
    }, {
      "direction" : [ 0.0, 0.0, -1.0 ],
      "color" : "#1E1E1E"
    } ],
    "backgroundColor" : "#AFC8DC",
    "ambientColor" : "#292929"
  },
  "camera" : {
    "width" : 67.38159,
    "position" : {
      "x" : 146.00183,
      "y" : 32.426273,
      "z" : -7.276939
    },
    "perspective" : true,
    "upDirectionRV" : {
      "x" : -0.006229615,
      "y" : 0.24560249,
      "z" : 0.96934855,
      "zero" : false
    },
    "viewDistance" : 149.73685,
    "lookDirectionRV" : {
      "x" : -0.9750562,
      "y" : -0.21655506,
      "z" : 0.048598185,
      "zero" : false
    },
    "lookAtPointRV" : {
      "x" : 0.0,
      "y" : 0.0,
      "z" : 0.0,
      "zero" : true
    },
    "fieldOfView" : 0.44262895,
    "nearClipDistance" : 0.37434217,
    "lookAtPoint" : {
      "x" : 0.0,
      "y" : 0.0,
      "z" : 0.0
    },
    "farClipDistance" : 299.4737,
    "lookDirection" : {
      "x" : -0.9750562,
      "y" : -0.21655506,
      "z" : 0.048598185
    },
    "upDirection" : {
      "x" : -0.006229615,
      "y" : 0.24560249,
      "z" : 0.96934855
    },
    "stereo" : false
  },
  "embedding" : [ 1.0, 0.0, 0.0, 0.0, 0.0, 1.0, 0.0, 0.0, 0.0, 0.0, 1.0, 0.0, 0.0, 0.0, 0.0, 1.0 ],
  "shapes" : [ {
    "id" : "8c307e93-026f-4c46-908c-eb5b2844d148",
    "name" : "ball",
    "vertices" : [ {
      "x" : 0.309017,
      "y" : -0.809017,
      "z" : 0.618034
    }, {
      "x" : 0.809017,
      "y" : -0.618034,
      "z" : 0.309017
    }, {
      "x" : 0.618034,
      "y" : -0.309017,
      "z" : 0.809017
    }, {
      "x" : 1.0,
      "y" : 0.309017,
      "z" : 0.19098301
    }, {
      "x" : 0.809017,
      "y" : 0.618034,
      "z" : 0.309017
    }, {
      "x" : 0.618034,
      "y" : 0.309017,
      "z" : 0.809017
    }, {
      "x" : 0.809017,
      "y" : 0.0,
      "z" : 0.690983
    }, {
      "x" : 0.19098301,
      "y" : -1.0,
      "z" : 0.309017
    }, {
      "x" : -0.19098301,
      "y" : -1.0,
      "z" : 0.309017
    }, {
      "x" : -0.19098301,
      "y" : -1.0,
      "z" : -0.309017
    }, {
      "x" : 0.19098301,
      "y" : -1.0,
      "z" : -0.309017
    }, {
      "x" : 1.0,
      "y" : -0.309017,
      "z" : -0.19098301
    }, {
      "x" : 0.809017,
      "y" : -0.618034,
      "z" : -0.309017
    }, {
      "x" : 0.618034,
      "y" : -0.309017,
      "z" : -0.809017
    }, {
      "x" : 0.809017,
      "y" : 0.0,
      "z" : -0.690983
    }, {
      "x" : 0.0,
      "y" : 0.690983,
      "z" : -0.809017
    }, {
      "x" : 0.309017,
      "y" : 0.809017,
      "z" : -0.618034
    }, {
      "x" : 0.618034,
      "y" : 0.309017,
      "z" : -0.809017
    }, {
      "x" : 0.309017,
      "y" : 0.19098301,
      "z" : -1.0
    }, {
      "x" : 1.0,
      "y" : 0.309017,
      "z" : -0.19098301
    }, {
      "x" : -0.309017,
      "y" : -0.809017,
      "z" : 0.618034
    }, {
      "x" : 0.0,
      "y" : -0.690983,
      "z" : 0.809017
    }, {
      "x" : 0.809017,
      "y" : 0.618034,
      "z" : -0.309017
    }, {
      "x" : 0.690983,
      "y" : 0.809017,
      "z" : 0.0
    }, {
      "x" : -0.690983,
      "y" : 0.809017,
      "z" : 0.0
    }, {
      "x" : -0.809017,
      "y" : 0.618034,
      "z" : 0.309017
    }, {
      "x" : -0.309017,
      "y" : 0.809017,
      "z" : 0.618034
    }, {
      "x" : -0.19098301,
      "y" : 1.0,
      "z" : 0.309017
    }, {
      "x" : 0.309017,
      "y" : -0.19098301,
      "z" : -1.0
    }, {
      "x" : 0.19098301,
      "y" : 1.0,
      "z" : 0.309017
    }, {
      "x" : 0.309017,
      "y" : 0.809017,
      "z" : 0.618034
    }, {
      "x" : -0.809017,
      "y" : -0.618034,
      "z" : 0.309017
    }, {
      "x" : -0.690983,
      "y" : -0.809017,
      "z" : 0.0
    }, {
      "x" : 0.0,
      "y" : 0.690983,
      "z" : 0.809017
    }, {
      "x" : 0.309017,
      "y" : -0.809017,
      "z" : -0.618034
    }, {
      "x" : 0.0,
      "y" : -0.690983,
      "z" : -0.809017
    }, {
      "x" : -1.0,
      "y" : 0.309017,
      "z" : 0.19098301
    }, {
      "x" : -0.809017,
      "y" : 0.0,
      "z" : 0.690983
    }, {
      "x" : -0.618034,
      "y" : 0.309017,
      "z" : 0.809017
    }, {
      "x" : 1.0,
      "y" : -0.309017,
      "z" : 0.19098301
    }, {
      "x" : -0.309017,
      "y" : -0.809017,
      "z" : -0.618034
    }, {
      "x" : -1.0,
      "y" : 0.309017,
      "z" : -0.19098301
    }, {
      "x" : -1.0,
      "y" : -0.309017,
      "z" : -0.19098301
    }, {
      "x" : -1.0,
      "y" : -0.309017,
      "z" : 0.19098301
    }, {
      "x" : 0.19098301,
      "y" : 1.0,
      "z" : -0.309017
    }, {
      "x" : -0.809017,
      "y" : 0.618034,
      "z" : -0.309017
    }, {
      "x" : -0.19098301,
      "y" : 1.0,
      "z" : -0.309017
    }, {
      "x" : -0.309017,
      "y" : 0.809017,
      "z" : -0.618034
    }, {
      "x" : -0.618034,
      "y" : -0.309017,
      "z" : 0.809017
    }, {
      "x" : 0.309017,
      "y" : 0.19098301,
      "z" : 1.0
    }, {
      "x" : -0.309017,
      "y" : 0.19098301,
      "z" : -1.0
    }, {
      "x" : -0.309017,
      "y" : 0.19098301,
      "z" : 1.0
    }, {
      "x" : -0.309017,
      "y" : -0.19098301,
      "z" : 1.0
    }, {
      "x" : 0.309017,
      "y" : -0.19098301,
      "z" : 1.0
    }, {
      "x" : 0.690983,
      "y" : -0.809017,
      "z" : 0.0
    }, {
      "x" : -0.809017,
      "y" : 0.0,
      "z" : -0.690983
    }, {
      "x" : -0.618034,
      "y" : -0.309017,
      "z" : -0.809017
    }, {
      "x" : -0.309017,
      "y" : -0.19098301,
      "z" : -1.0
    }, {
      "x" : -0.618034,
      "y" : 0.309017,
      "z" : -0.809017
    }, {
      "x" : -0.809017,
      "y" : -0.618034,
      "z" : -0.309017
    } ],
    "faces" : [ {
      "vertices" : [ 9, 40, 35, 34, 10 ]
    }, {
      "vertices" : [ 0, 1, 2 ]
    }, {
      "vertices" : [ 33, 51, 49 ]
    }, {
      "vertices" : [ 25, 36, 37, 38 ]
    }, {
      "vertices" : [ 41, 55, 42 ]
    }, {
      "vertices" : [ 9, 32, 59, 40 ]
    }, {
      "vertices" : [ 20, 21, 52, 48 ]
    }, {
      "vertices" : [ 26, 33, 30, 29, 27 ]
    }, {
      "vertices" : [ 3, 4, 5, 6 ]
    }, {
      "vertices" : [ 27, 29, 44, 46 ]
    }, {
      "vertices" : [ 50, 57, 56, 55, 58 ]
    }, {
      "vertices" : [ 26, 38, 51, 33 ]
    }, {
      "vertices" : [ 45, 47, 58 ]
    }, {
      "vertices" : [ 18, 28, 57, 50 ]
    }, {
      "vertices" : [ 40, 59, 56 ]
    }, {
      "vertices" : [ 31, 48, 37, 43 ]
    }, {
      "vertices" : [ 7, 8, 9, 10 ]
    }, {
      "vertices" : [ 36, 41, 42, 43 ]
    }, {
      "vertices" : [ 24, 46, 47, 45 ]
    }, {
      "vertices" : [ 4, 30, 5 ]
    }, {
      "vertices" : [ 15, 47, 46, 44, 16 ]
    }, {
      "vertices" : [ 15, 50, 58, 47 ]
    }, {
      "vertices" : [ 24, 45, 41, 36, 25 ]
    }, {
      "vertices" : [ 11, 14, 19 ]
    }, {
      "vertices" : [ 3, 6, 39 ]
    }, {
      "vertices" : [ 1, 39, 6, 2 ]
    }, {
      "vertices" : [ 8, 32, 9 ]
    }, {
      "vertices" : [ 11, 12, 13, 14 ]
    }, {
      "vertices" : [ 16, 22, 17 ]
    }, {
      "vertices" : [ 0, 21, 20, 8, 7 ]
    }, {
      "vertices" : [ 12, 34, 13 ]
    }, {
      "vertices" : [ 35, 40, 56, 57 ]
    }, {
      "vertices" : [ 0, 7, 54, 1 ]
    }, {
      "vertices" : [ 15, 16, 17, 18 ]
    }, {
      "vertices" : [ 3, 19, 22, 23, 4 ]
    }, {
      "vertices" : [ 7, 10, 54 ]
    }, {
      "vertices" : [ 41, 45, 58, 55 ]
    }, {
      "vertices" : [ 3, 39, 11, 19 ]
    }, {
      "vertices" : [ 14, 17, 22, 19 ]
    }, {
      "vertices" : [ 0, 2, 53, 21 ]
    }, {
      "vertices" : [ 49, 51, 52, 53 ]
    }, {
      "vertices" : [ 31, 43, 42, 59, 32 ]
    }, {
      "vertices" : [ 15, 18, 50 ]
    }, {
      "vertices" : [ 42, 55, 56, 59 ]
    }, {
      "vertices" : [ 4, 23, 29, 30 ]
    }, {
      "vertices" : [ 25, 38, 26 ]
    }, {
      "vertices" : [ 13, 28, 18, 17, 14 ]
    }, {
      "vertices" : [ 8, 20, 31, 32 ]
    }, {
      "vertices" : [ 23, 44, 29 ]
    }, {
      "vertices" : [ 24, 27, 46 ]
    }, {
      "vertices" : [ 37, 48, 52, 51, 38 ]
    }, {
      "vertices" : [ 20, 48, 31 ]
    }, {
      "vertices" : [ 24, 25, 26, 27 ]
    }, {
      "vertices" : [ 16, 44, 23, 22 ]
    }, {
      "vertices" : [ 13, 34, 35, 28 ]
    }, {
      "vertices" : [ 10, 34, 12, 54 ]
    }, {
      "vertices" : [ 2, 6, 5, 49, 53 ]
    }, {
      "vertices" : [ 36, 43, 37 ]
    }, {
      "vertices" : [ 5, 30, 33, 49 ]
    }, {
      "vertices" : [ 1, 54, 12, 11, 39 ]
    }, {
      "vertices" : [ 28, 35, 57 ]
    }, {
      "vertices" : [ 21, 53, 52 ]
    } ]
  }, {
    "id" : "a0f55f32-f3dc-499e-b61c-bc7eb6cea61c",
    "orbit" : "green",
    "orbitC" : "[[2,-1,1],[5,-3,1]]",
    "length" : "[1,0,1]",
    "name" : "g1",
    "vertices" : [ {
      "x" : 9.376644,
      "y" : 3.3905764,
      "z" : -1.486068
    }, {
      "x" : 10.399187,
      "y" : 3.427051,
      "z" : -1.618034
    }, {
      "x" : 9.376644,
      "y" : 3.3905764,
      "z" : -1.104102
    }, {
      "x" : 9.185661,
      "y" : 3.6995935,
      "z" : -1.604102
    }, {
      "x" : 9.185661,
      "y" : 3.6995935,
      "z" : -1.2221359
    }, {
      "x" : 0.809017,
      "y" : 0.618034,
      "z" : 0.309017
    }, {
      "x" : 1.0,
      "y" : 0.309017,
      "z" : 0.19098301
    }, {
      "x" : 1.9045085,
      "y" : 0.5364745,
      "z" : -0.013932022
    }, {
      "x" : 10.09017,
      "y" : 3.927051,
      "z" : -1.809017
    }, {
      "x" : 10.281153,
      "y" : 3.618034,
      "z" : -1.927051
    }, {
      "x" : 10.281153,
      "y" : 3.618034,
      "z" : -1.309017
    }, {
      "x" : 10.09017,
      "y" : 3.927051,
      "z" : -1.427051
    }, {
      "x" : 1.7135255,
      "y" : 0.8454915,
      "z" : -0.13196601
    }, {
      "x" : 0.690983,
      "y" : 0.809017,
      "z" : 0.0
    }, {
      "x" : 1.9045085,
      "y" : 0.5364745,
      "z" : -0.39589804
    }, {
      "x" : 1.7135255,
      "y" : 0.8454915,
      "z" : -0.51393205
    }, {
      "x" : 0.809017,
      "y" : 0.618034,
      "z" : -0.309017
    }, {
      "x" : 1.0,
      "y" : 0.309017,
      "z" : -0.19098301
    }, {
      "x" : 11.09017,
      "y" : 4.236068,
      "z" : -1.618034
    } ],
    "faces" : [ {
      "vertices" : [ 0, 14, 15, 3 ]
    }, {
      "vertices" : [ 3, 15, 12, 4 ]
    }, {
      "vertices" : [ 0, 1, 2 ]
    }, {
      "vertices" : [ 12, 15, 13 ]
    }, {
      "vertices" : [ 0, 9, 1 ]
    }, {
      "vertices" : [ 0, 3, 9 ]
    }, {
      "vertices" : [ 13, 15, 16 ]
    }, {
      "vertices" : [ 6, 17, 14, 7 ]
    }, {
      "vertices" : [ 1, 10, 2 ]
    }, {
      "vertices" : [ 5, 6, 7 ]
    }, {
      "vertices" : [ 3, 8, 9 ]
    }, {
      "vertices" : [ 0, 2, 7, 14 ]
    }, {
      "vertices" : [ 5, 7, 12 ]
    }, {
      "vertices" : [ 2, 4, 12, 7 ]
    }, {
      "vertices" : [ 3, 4, 11, 8 ]
    }, {
      "vertices" : [ 2, 10, 11, 4 ]
    }, {
      "vertices" : [ 5, 12, 13 ]
    }, {
      "vertices" : [ 14, 17, 16, 15 ]
    } ]
  }, {
    "id" : "5126b9fc-9dc4-4adc-928d-2748eb3b8f35",
    "orbit" : "blue",
    "orbitC" : "[[0,0,1],[0,0,1]]",
    "length" : "[-1,1,1]",
    "name" : "b0",
    "vertices" : [ {
      "x" : 4.236068,
      "y" : 0.309017,
      "z" : 0.19098301
    }, {
      "x" : 4.236068,
      "y" : 0.309017,
      "z" : -0.19098301
    }, {
      "x" : 1.0,
      "y" : 0.309017,
      "z" : -0.19098301
    }, {
      "x" : 1.0,
      "y" : 0.309017,
      "z" : 0.19098301
    }, {
      "x" : 4.236068,
      "y" : -0.309017,
      "z" : 0.19098301
    }, {
      "x" : 1.0,
      "y" : -0.309017,
      "z" : 0.19098301
    }, {
      "x" : 1.0,
      "y" : -0.309017,
      "z" : -0.19098301
    }, {
      "x" : 4.236068,
      "y" : -0.309017,
      "z" : -0.19098301
    }, {
      "x" : 5.236068,
      "y" : 0.0,
      "z" : 0.0
    } ],
    "faces" : [ {
      "vertices" : [ 1, 7, 6, 2 ]
    }, {
      "vertices" : [ 0, 1, 2, 3 ]
    }, {
      "vertices" : [ 4, 5, 6, 7 ]
    }, {
      "vertices" : [ 0, 3, 5, 4 ]
    } ]
  }, {
    "id" : "ff2156b3-3951-4dd2-b4dd-4c39a5df959f",
    "vertices" : [ {
      "x" : 0.0,
      "y" : 0.0,
      "z" : 0.0
    }, {
      "x" : 1.618034,
      "y" : 2.618034,
      "z" : 4.236068
    }, {
      "x" : 1.618034,
      "y" : -2.618034,
      "z" : 4.236068
    }, {
      "x" : -2.618034,
      "y" : -4.236068,
      "z" : -6.854102
    }, {
      "x" : -1.0,
      "y" : 6.854102,
      "z" : -2.618034
    } ],
    "faces" : [ {
      "vertices" : [ 0, 1, 2, 3, 4 ]
    }, {
      "vertices" : [ 0, 4, 3, 2, 1 ]
    } ]
  }, {
    "id" : "ba44bc33-bf0c-4b46-a7ca-9e8d9ce16a2e",
    "vertices" : [ {
      "x" : 0.0,
      "y" : 0.0,
      "z" : 0.0
    }, {
      "x" : 0.0,
      "y" : -5.236068,
      "z" : 0.0
    }, {
      "x" : -1.618034,
      "y" : -2.618034,
      "z" : -4.236068
    }, {
      "x" : 0.0,
      "y" : 8.472136,
      "z" : 0.0
    }, {
      "x" : 2.618034,
      "y" : -1.0,
      "z" : 6.854102
    } ],
    "faces" : [ {
      "vertices" : [ 0, 1, 2, 3, 4 ]
    }, {
      "vertices" : [ 0, 4, 3, 2, 1 ]
    } ]
  }, {
    "id" : "1698d34b-b4dd-43f0-b3ab-50e5b0397e1c",
    "orbit" : "green",
    "orbitC" : "[[2,-1,1],[5,-3,1]]",
    "length" : "[-1,1,1]",
    "name" : "g0",
    "vertices" : [ {
      "x" : 5.1405764,
      "y" : 1.7725425,
      "z" : -0.868034
    }, {
      "x" : 6.163119,
      "y" : 1.809017,
      "z" : -1.0
    }, {
      "x" : 5.1405764,
      "y" : 1.7725425,
      "z" : -0.48606798
    }, {
      "x" : 4.9495935,
      "y" : 2.0815594,
      "z" : -0.98606795
    }, {
      "x" : 4.9495935,
      "y" : 2.0815594,
      "z" : -0.60410196
    }, {
      "x" : 0.809017,
      "y" : 0.618034,
      "z" : 0.309017
    }, {
      "x" : 1.0,
      "y" : 0.309017,
      "z" : 0.19098301
    }, {
      "x" : 1.9045085,
      "y" : 0.5364745,
      "z" : -0.013932022
    }, {
      "x" : 5.854102,
      "y" : 2.309017,
      "z" : -1.190983
    }, {
      "x" : 6.045085,
      "y" : 2.0,
      "z" : -1.309017
    }, {
      "x" : 6.045085,
      "y" : 2.0,
      "z" : -0.690983
    }, {
      "x" : 5.854102,
      "y" : 2.309017,
      "z" : -0.809017
    }, {
      "x" : 1.7135255,
      "y" : 0.8454915,
      "z" : -0.13196601
    }, {
      "x" : 0.690983,
      "y" : 0.809017,
      "z" : 0.0
    }, {
      "x" : 1.9045085,
      "y" : 0.5364745,
      "z" : -0.39589804
    }, {
      "x" : 1.7135255,
      "y" : 0.8454915,
      "z" : -0.51393205
    }, {
      "x" : 0.809017,
      "y" : 0.618034,
      "z" : -0.309017
    }, {
      "x" : 1.0,
      "y" : 0.309017,
      "z" : -0.19098301
    }, {
      "x" : 6.854102,
      "y" : 2.618034,
      "z" : -1.0
    } ],
    "faces" : [ {
      "vertices" : [ 0, 14, 15, 3 ]
    }, {
      "vertices" : [ 3, 15, 12, 4 ]
    }, {
      "vertices" : [ 0, 1, 2 ]
    }, {
      "vertices" : [ 12, 15, 13 ]
    }, {
      "vertices" : [ 0, 9, 1 ]
    }, {
      "vertices" : [ 0, 3, 9 ]
    }, {
      "vertices" : [ 13, 15, 16 ]
    }, {
      "vertices" : [ 6, 17, 14, 7 ]
    }, {
      "vertices" : [ 1, 10, 2 ]
    }, {
      "vertices" : [ 5, 6, 7 ]
    }, {
      "vertices" : [ 3, 8, 9 ]
    }, {
      "vertices" : [ 0, 2, 7, 14 ]
    }, {
      "vertices" : [ 5, 7, 12 ]
    }, {
      "vertices" : [ 2, 4, 12, 7 ]
    }, {
      "vertices" : [ 3, 4, 11, 8 ]
    }, {
      "vertices" : [ 2, 10, 11, 4 ]
    }, {
      "vertices" : [ 5, 12, 13 ]
    }, {
      "vertices" : [ 14, 17, 16, 15 ]
    } ]
  }, {
    "id" : "a955836a-7667-416e-8224-ad877f8fa461",
    "orbit" : "blue",
    "orbitC" : "[[0,0,1],[0,0,1]]",
    "length" : "[1,0,1]",
    "name" : "b1",
    "vertices" : [ {
      "x" : 7.472136,
      "y" : 0.309017,
      "z" : 0.19098301
    }, {
      "x" : 7.472136,
      "y" : 0.309017,
      "z" : -0.19098301
    }, {
      "x" : 1.0,
      "y" : 0.309017,
      "z" : -0.19098301
    }, {
      "x" : 1.0,
      "y" : 0.309017,
      "z" : 0.19098301
    }, {
      "x" : 7.472136,
      "y" : -0.309017,
      "z" : 0.19098301
    }, {
      "x" : 1.0,
      "y" : -0.309017,
      "z" : 0.19098301
    }, {
      "x" : 1.0,
      "y" : -0.309017,
      "z" : -0.19098301
    }, {
      "x" : 7.472136,
      "y" : -0.309017,
      "z" : -0.19098301
    }, {
      "x" : 8.472136,
      "y" : 0.0,
      "z" : 0.0
    } ],
    "faces" : [ {
      "vertices" : [ 1, 7, 6, 2 ]
    }, {
      "vertices" : [ 0, 1, 2, 3 ]
    }, {
      "vertices" : [ 4, 5, 6, 7 ]
    }, {
      "vertices" : [ 0, 3, 5, 4 ]
    } ]
  }, {
    "id" : "112db742-9792-49b7-9215-1cdd2d043f51",
    "vertices" : [ {
      "x" : 0.0,
      "y" : 0.0,
      "z" : 0.0
    }, {
      "x" : -1.618034,
      "y" : 2.618034,
      "z" : -4.236068
    }, {
      "x" : 0.0,
      "y" : 5.236068,
      "z" : 0.0
    }, {
      "x" : 2.618034,
      "y" : -4.236068,
      "z" : 6.854102
    }, {
      "x" : -1.618034,
      "y" : -5.854102,
      "z" : -4.236068
    } ],
    "faces" : [ {
      "vertices" : [ 0, 1, 2, 3, 4 ]
    }, {
      "vertices" : [ 0, 4, 3, 2, 1 ]
    } ]
  } ],
  "instances" : [ {
    "shape" : "8c307e93-026f-4c46-908c-eb5b2844d148",
    "color" : "#F2F2F2",
    "position" : {
      "x" : -4.236068,
      "y" : -8.472136,
      "z" : 6.854102
    }
  }, {
    "shape" : "a0f55f32-f3dc-499e-b61c-bc7eb6cea61c",
    "color" : "#00993F",
    "position" : {
      "x" : 11.09017,
      "y" : 2.618034,
      "z" : -2.618034
    },
    "orientation" : 5
  }, {
    "shape" : "5126b9fc-9dc4-4adc-928d-2748eb3b8f35",
    "color" : "#008EC2",
    "position" : {
      "x" : -8.472136,
      "y" : 6.854102,
      "z" : -4.236068
    },
    "orientation" : 37
  }, {
    "shape" : "ff2156b3-3951-4dd2-b4dd-4c39a5df959f",
    "color" : "#800080",
    "position" : {
      "x" : -6.854102,
      "y" : 4.236068,
      "z" : 8.472136
    },
    "orientation" : 17
  }, {
    "shape" : "ba44bc33-bf0c-4b46-a7ca-9e8d9ce16a2e",
    "color" : "#FFA500",
    "position" : {
      "x" : -4.236068,
      "y" : 8.472136,
      "z" : -6.854102
    },
    "orientation" : 39
  }, {
    "shape" : "a0f55f32-f3dc-499e-b61c-bc7eb6cea61c",
    "color" : "#00993F",
    "position" : {
      "x" : -11.09017,
      "y" : 2.618034,
      "z" : -2.618034
    },
    "orientation" : 52
  }, {
    "shape" : "1698d34b-b4dd-43f0-b3ab-50e5b0397e1c",
    "color" : "#00993F",
    "position" : {
      "x" : -2.618034,
      "y" : -2.618034,
      "z" : 11.09017
    },
    "orientation" : 19
  }, {
    "shape" : "5126b9fc-9dc4-4adc-928d-2748eb3b8f35",
    "color" : "#008EC2",
    "position" : {
      "x" : -9.472136,
      "y" : 0.0,
      "z" : 6.854102
    },
    "orientation" : 0
  }, {
    "shape" : "8c307e93-026f-4c46-908c-eb5b2844d148",
    "color" : "#F2F2F2",
    "position" : {
      "x" : 11.09017,
      "y" : -2.618034,
      "z" : -2.618034
    }
  }, {
    "shape" : "1698d34b-b4dd-43f0-b3ab-50e5b0397e1c",
    "color" : "#00993F",
    "position" : {
      "x" : 2.618034,
      "y" : 11.09017,
      "z" : 2.618034
    },
    "orientation" : 18
  }, {
    "shape" : "a0f55f32-f3dc-499e-b61c-bc7eb6cea61c",
    "color" : "#00993F",
    "position" : {
      "x" : 0.0,
      "y" : 6.854102,
      "z" : -9.472136
    },
    "orientation" : 0
  }, {
    "shape" : "8c307e93-026f-4c46-908c-eb5b2844d148",
    "color" : "#F2F2F2",
    "position" : {
      "x" : -6.854102,
      "y" : -9.472136,
      "z" : 0.0
    }
  }, {
    "shape" : "8c307e93-026f-4c46-908c-eb5b2844d148",
    "color" : "#F2F2F2",
    "position" : {
      "x" : 4.236068,
      "y" : -8.472136,
      "z" : -6.854102
    }
  }, {
    "shape" : "5126b9fc-9dc4-4adc-928d-2748eb3b8f35",
    "color" : "#008EC2",
    "position" : {
      "x" : -2.618034,
      "y" : 11.09017,
      "z" : 2.618034
    },
    "orientation" : 21
  }, {
    "shape" : "ba44bc33-bf0c-4b46-a7ca-9e8d9ce16a2e",
    "color" : "#808000",
    "position" : {
      "x" : 11.09017,
      "y" : 2.618034,
      "z" : -2.618034
    },
    "orientation" : 19
  }, {
    "shape" : "5126b9fc-9dc4-4adc-928d-2748eb3b8f35",
    "color" : "#008EC2",
    "position" : {
      "x" : 11.09017,
      "y" : 2.618034,
      "z" : -2.618034
    },
    "orientation" : 38
  }, {
    "shape" : "8c307e93-026f-4c46-908c-eb5b2844d148",
    "color" : "#F2F2F2",
    "position" : {
      "x" : 2.618034,
      "y" : -2.618034,
      "z" : -11.09017
    }
  }, {
    "shape" : "a0f55f32-f3dc-499e-b61c-bc7eb6cea61c",
    "color" : "#00993F",
    "position" : {
      "x" : 2.618034,
      "y" : -2.618034,
      "z" : 11.09017
    },
    "orientation" : 4
  }, {
    "shape" : "ff2156b3-3951-4dd2-b4dd-4c39a5df959f",
    "color" : "#FFFFFF",
    "position" : {
      "x" : 2.618034,
      "y" : -11.09017,
      "z" : -2.618034
    },
    "orientation" : 7
  }, {
    "shape" : "8c307e93-026f-4c46-908c-eb5b2844d148",
    "color" : "#F2F2F2",
    "position" : {
      "x" : -6.854102,
      "y" : -4.236068,
      "z" : -8.472136
    }
  }, {
    "shape" : "8c307e93-026f-4c46-908c-eb5b2844d148",
    "color" : "#964B00",
    "position" : {
      "x" : 11.09017,
      "y" : -11.09017,
      "z" : 11.09017
    }
  }, {
    "shape" : "8c307e93-026f-4c46-908c-eb5b2844d148",
    "color" : "#F2F2F2",
    "position" : {
      "x" : -6.854102,
      "y" : 4.236068,
      "z" : 8.472136
    }
  }, {
    "shape" : "a0f55f32-f3dc-499e-b61c-bc7eb6cea61c",
    "color" : "#00993F",
    "position" : {
      "x" : -11.09017,
      "y" : 2.618034,
      "z" : 2.618034
    },
    "orientation" : 50
  }, {
    "shape" : "8c307e93-026f-4c46-908c-eb5b2844d148",
    "color" : "#F2F2F2",
    "position" : {
      "x" : -11.09017,
      "y" : -2.618034,
      "z" : 2.618034
    }
  }, {
    "shape" : "a0f55f32-f3dc-499e-b61c-bc7eb6cea61c",
    "color" : "#00993F",
    "position" : {
      "x" : 2.618034,
      "y" : -11.09017,
      "z" : -2.618034
    },
    "orientation" : 23
  }, {
    "shape" : "1698d34b-b4dd-43f0-b3ab-50e5b0397e1c",
    "color" : "#00993F",
    "position" : {
      "x" : 4.236068,
      "y" : -8.472136,
      "z" : 6.854102
    },
    "orientation" : 29
  }, {
    "shape" : "1698d34b-b4dd-43f0-b3ab-50e5b0397e1c",
    "color" : "#00993F",
    "position" : {
      "x" : 4.236068,
      "y" : 8.472136,
      "z" : 6.854102
    },
    "orientation" : 40
  }, {
    "shape" : "1698d34b-b4dd-43f0-b3ab-50e5b0397e1c",
    "color" : "#00993F",
    "position" : {
      "x" : -8.472136,
      "y" : -6.854102,
      "z" : 4.236068
    },
    "orientation" : 24
  }, {
    "shape" : "ff2156b3-3951-4dd2-b4dd-4c39a5df959f",
    "color" : "#FFA500",
    "position" : {
      "x" : 8.472136,
      "y" : -6.854102,
      "z" : -4.236068
    },
    "orientation" : 54
  }, {
    "shape" : "8c307e93-026f-4c46-908c-eb5b2844d148",
    "color" : "#F2F2F2",
    "position" : {
      "x" : -11.09017,
      "y" : 2.618034,
      "z" : -2.618034
    }
  }, {
    "shape" : "8c307e93-026f-4c46-908c-eb5b2844d148",
    "color" : "#F2F2F2",
    "position" : {
      "x" : -8.472136,
      "y" : -6.854102,
      "z" : -4.236068
    }
  }, {
    "shape" : "ff2156b3-3951-4dd2-b4dd-4c39a5df959f",
    "color" : "#FFA500",
    "position" : {
      "x" : -8.472136,
      "y" : -6.854102,
      "z" : 4.236068
    },
    "orientation" : 9
  }, {
    "shape" : "1698d34b-b4dd-43f0-b3ab-50e5b0397e1c",
    "color" : "#00993F",
    "position" : {
      "x" : 6.854102,
      "y" : 4.236068,
      "z" : -8.472136
    },
    "orientation" : 57
  }, {
    "shape" : "5126b9fc-9dc4-4adc-928d-2748eb3b8f35",
    "color" : "#008EC2",
    "position" : {
      "x" : 2.618034,
      "y" : 2.618034,
      "z" : -11.09017
    },
    "orientation" : 37
  }, {
    "shape" : "8c307e93-026f-4c46-908c-eb5b2844d148",
    "color" : "#F2F2F2",
    "position" : {
      "x" : 6.854102,
      "y" : 4.236068,
      "z" : 8.472136
    }
  }, {
    "shape" : "5126b9fc-9dc4-4adc-928d-2748eb3b8f35",
    "color" : "#008EC2",
    "position" : {
      "x" : 2.618034,
      "y" : 11.09017,
      "z" : 2.618034
    },
    "orientation" : 39
  }, {
    "shape" : "ba44bc33-bf0c-4b46-a7ca-9e8d9ce16a2e",
    "color" : "#808000",
    "position" : {
      "x" : 9.472136,
      "y" : 0.0,
      "z" : -6.854102
    },
    "orientation" : 2
  }, {
    "shape" : "5126b9fc-9dc4-4adc-928d-2748eb3b8f35",
    "color" : "#008EC2",
    "position" : {
      "x" : -4.236068,
      "y" : 8.472136,
      "z" : -6.854102
    },
    "orientation" : 8
  }, {
    "shape" : "a955836a-7667-416e-8224-ad877f8fa461",
    "color" : "#008EC2",
    "position" : {
      "x" : 6.854102,
      "y" : 4.236068,
      "z" : 0.0
    },
    "orientation" : 16
  }, {
    "shape" : "112db742-9792-49b7-9215-1cdd2d043f51",
    "color" : "#FFFFFF",
    "position" : {
      "x" : 0.0,
      "y" : 6.854102,
      "z" : 9.472136
    },
    "orientation" : 21
  }, {
    "shape" : "5126b9fc-9dc4-4adc-928d-2748eb3b8f35",
    "color" : "#008EC2",
    "position" : {
      "x" : -4.236068,
      "y" : -8.472136,
      "z" : 6.854102
    },
    "orientation" : 23
  }, {
    "shape" : "a0f55f32-f3dc-499e-b61c-bc7eb6cea61c",
    "color" : "#00993F",
    "position" : {
      "x" : -4.236068,
      "y" : 8.472136,
      "z" : -6.854102
    },
    "orientation" : 29
  }, {
    "shape" : "8c307e93-026f-4c46-908c-eb5b2844d148",
    "color" : "#F2F2F2",
    "position" : {
      "x" : 0.0,
      "y" : -6.854102,
      "z" : 9.472136
    }
  }, {
    "shape" : "8c307e93-026f-4c46-908c-eb5b2844d148",
    "color" : "#F2F2F2",
    "position" : {
      "x" : -8.472136,
      "y" : 6.854102,
      "z" : -4.236068
    }
  }, {
    "shape" : "112db742-9792-49b7-9215-1cdd2d043f51",
    "color" : "#FFA500",
    "position" : {
      "x" : -6.854102,
      "y" : 4.236068,
      "z" : -8.472136
    },
    "orientation" : 9
  }, {
    "shape" : "ba44bc33-bf0c-4b46-a7ca-9e8d9ce16a2e",
    "color" : "#800080",
    "position" : {
      "x" : 11.09017,
      "y" : -2.618034,
      "z" : 2.618034
    },
    "orientation" : 4
  }, {
    "shape" : "8c307e93-026f-4c46-908c-eb5b2844d148",
    "color" : "#F2F2F2",
    "position" : {
      "x" : 0.0,
      "y" : -6.854102,
      "z" : 4.236068
    }
  }, {
    "shape" : "a955836a-7667-416e-8224-ad877f8fa461",
    "color" : "#008EC2",
    "position" : {
      "x" : 0.0,
      "y" : 6.854102,
      "z" : 4.236068
    },
    "orientation" : 21
  }, {
    "shape" : "8c307e93-026f-4c46-908c-eb5b2844d148",
    "color" : "#F2F2F2",
    "position" : {
      "x" : -11.09017,
      "y" : 2.618034,
      "z" : 2.618034
    }
  }, {
    "shape" : "8c307e93-026f-4c46-908c-eb5b2844d148",
    "color" : "#F2F2F2",
    "position" : {
      "x" : -2.618034,
      "y" : 11.09017,
      "z" : 2.618034
    }
  }, {
    "shape" : "a0f55f32-f3dc-499e-b61c-bc7eb6cea61c",
    "color" : "#00993F",
    "position" : {
      "x" : -2.618034,
      "y" : -11.09017,
      "z" : 2.618034
    },
    "orientation" : 38
  }, {
    "shape" : "a0f55f32-f3dc-499e-b61c-bc7eb6cea61c",
    "color" : "#00993F",
    "position" : {
      "x" : -2.618034,
      "y" : 2.618034,
      "z" : -11.09017
    },
    "orientation" : 51
  }, {
    "shape" : "1698d34b-b4dd-43f0-b3ab-50e5b0397e1c",
    "color" : "#00993F",
    "position" : {
      "x" : -4.236068,
      "y" : -8.472136,
      "z" : -6.854102
    },
    "orientation" : 44
  }, {
    "shape" : "a0f55f32-f3dc-499e-b61c-bc7eb6cea61c",
    "color" : "#00993F",
    "position" : {
      "x" : 2.618034,
      "y" : 2.618034,
      "z" : -11.09017
    },
    "orientation" : 19
  }, {
    "shape" : "8c307e93-026f-4c46-908c-eb5b2844d148",
    "color" : "#F2F2F2",
    "position" : {
      "x" : 0.0,
      "y" : 6.854102,
      "z" : 4.236068
    }
  }, {
    "shape" : "a955836a-7667-416e-8224-ad877f8fa461",
    "color" : "#008EC2",
    "position" : {
      "x" : 4.236068,
      "y" : 0.0,
      "z" : -6.854102
    },
    "orientation" : 37
  }, {
    "shape" : "5126b9fc-9dc4-4adc-928d-2748eb3b8f35",
    "color" : "#008EC2",
    "position" : {
      "x" : 6.854102,
      "y" : 4.236068,
      "z" : -8.472136
    },
    "orientation" : 39
  }, {
    "shape" : "ff2156b3-3951-4dd2-b4dd-4c39a5df959f",
    "color" : "#FFFFFF",
    "position" : {
      "x" : 8.472136,
      "y" : 6.854102,
      "z" : -4.236068
    },
    "orientation" : 30
  }, {
    "shape" : "112db742-9792-49b7-9215-1cdd2d043f51",
    "color" : "#964B00",
    "position" : {
      "x" : 6.854102,
      "y" : 9.472136,
      "z" : 0.0
    },
    "orientation" : 38
  }, {
    "shape" : "8c307e93-026f-4c46-908c-eb5b2844d148",
    "color" : "#F2F2F2",
    "position" : {
      "x" : 6.854102,
      "y" : -4.236068,
      "z" : 8.472136
    }
  }, {
    "shape" : "1698d34b-b4dd-43f0-b3ab-50e5b0397e1c",
    "color" : "#00993F",
    "position" : {
      "x" : 8.472136,
      "y" : 6.854102,
      "z" : -4.236068
    },
    "orientation" : 28
  }, {
    "shape" : "1698d34b-b4dd-43f0-b3ab-50e5b0397e1c",
    "color" : "#00993F",
    "position" : {
      "x" : -4.236068,
      "y" : 8.472136,
      "z" : 6.854102
    },
    "orientation" : 59
  }, {
    "shape" : "8c307e93-026f-4c46-908c-eb5b2844d148",
    "color" : "#FFA500",
    "position" : {
      "x" : 11.09017,
      "y" : 11.09017,
      "z" : 11.09017
    }
  }, {
    "shape" : "5126b9fc-9dc4-4adc-928d-2748eb3b8f35",
    "color" : "#008EC2",
    "position" : {
      "x" : 2.618034,
      "y" : -11.09017,
      "z" : -2.618034
    },
    "orientation" : 54
  }, {
    "shape" : "a0f55f32-f3dc-499e-b61c-bc7eb6cea61c",
    "color" : "#00993F",
    "position" : {
      "x" : 0.0,
      "y" : -6.854102,
      "z" : -9.472136
    },
    "orientation" : 30
  }, {
    "shape" : "8c307e93-026f-4c46-908c-eb5b2844d148",
    "color" : "#F2F2F2",
    "position" : {
      "x" : 0.0,
      "y" : 6.854102,
      "z" : 9.472136
    }
  }, {
    "shape" : "8c307e93-026f-4c46-908c-eb5b2844d148",
    "color" : "#F2F2F2",
    "position" : {
      "x" : 2.618034,
      "y" : -11.09017,
      "z" : 2.618034
    }
  }, {
    "shape" : "5126b9fc-9dc4-4adc-928d-2748eb3b8f35",
    "color" : "#008EC2",
    "position" : {
      "x" : 0.0,
      "y" : 6.854102,
      "z" : 9.472136
    },
    "orientation" : 47
  }, {
    "shape" : "8c307e93-026f-4c46-908c-eb5b2844d148",
    "color" : "#999999",
    "position" : {
      "x" : 11.09017,
      "y" : 11.09017,
      "z" : -11.09017
    }
  }, {
    "shape" : "a955836a-7667-416e-8224-ad877f8fa461",
    "color" : "#008EC2",
    "position" : {
      "x" : -4.236068,
      "y" : 0.0,
      "z" : -6.854102
    },
    "orientation" : 40
  }, {
    "shape" : "a0f55f32-f3dc-499e-b61c-bc7eb6cea61c",
    "color" : "#00993F",
    "position" : {
      "x" : 9.472136,
      "y" : 0.0,
      "z" : 6.854102
    },
    "orientation" : 31
  }, {
    "shape" : "112db742-9792-49b7-9215-1cdd2d043f51",
    "color" : "#FFA500",
    "position" : {
      "x" : 6.854102,
      "y" : 4.236068,
      "z" : 8.472136
    },
    "orientation" : 54
  }, {
    "shape" : "8c307e93-026f-4c46-908c-eb5b2844d148",
    "color" : "#F2F2F2",
    "position" : {
      "x" : 4.236068,
      "y" : 8.472136,
      "z" : 6.854102
    }
  }, {
    "shape" : "8c307e93-026f-4c46-908c-eb5b2844d148",
    "color" : "#F2F2F2",
    "position" : {
      "x" : -8.472136,
      "y" : 6.854102,
      "z" : 4.236068
    }
  }, {
    "shape" : "a955836a-7667-416e-8224-ad877f8fa461",
    "color" : "#008EC2",
    "position" : {
      "x" : 0.0,
      "y" : -6.854102,
      "z" : -4.236068
    },
    "orientation" : 2
  }, {
