{
  "polygons" : "true",
  "field" : "golden",
  "symmetry" : "icosahedral",
  "orientations" : [ [ 1.0, 0.0, 0.0, 0.0, 0.0, 1.0, 0.0, 0.0, 0.0, 0.0, 1.0, 0.0, 0.0, 0.0, 0.0, 1.0 ], [ 0.0, 0.0, 1.0, 0.0, 1.0, 0.0, 0.0, 0.0, 0.0, 1.0, 0.0, 0.0, 0.0, 0.0, 0.0, 1.0 ], [ 0.0, 1.0, 0.0, 0.0, 0.0, 0.0, 1.0, 0.0, 1.0, 0.0, 0.0, 0.0, 0.0, 0.0, 0.0, 1.0 ], [ 0.809017, 0.309017, 0.5, 0.0, 0.309017, 0.5, -0.809017, 0.0, -0.5, 0.809017, 0.309017, 0.0, 0.0, 0.0, 0.0, 1.0 ], [ -0.5, 0.809017, 0.309017, 0.0, 0.809017, 0.309017, 0.5, 0.0, 0.309017, 0.5, -0.809017, 0.0, 0.0, 0.0, 0.0, 1.0 ], [ 0.309017, 0.5, -0.809017, 0.0, -0.5, 0.809017, 0.309017, 0.0, 0.809017, 0.309017, 0.5, 0.0, 0.0, 0.0, 0.0, 1.0 ], [ 0.5, 0.809017, 0.309017, 0.0, 0.809017, -0.309017, -0.5, 0.0, -0.309017, 0.5, -0.809017, 0.0, 0.0, 0.0, 0.0, 1.0 ], [ -0.309017, 0.5, -0.809017, 0.0, 0.5, 0.809017, 0.309017, 0.0, 0.809017, -0.309017, -0.5, 0.0, 0.0, 0.0, 0.0, 1.0 ], [ 0.809017, -0.309017, -0.5, 0.0, -0.309017, 0.5, -0.809017, 0.0, 0.5, 0.809017, 0.309017, 0.0, 0.0, 0.0, 0.0, 1.0 ], [ 0.5, 0.809017, -0.309017, 0.0, 0.809017, -0.309017, 0.5, 0.0, 0.309017, -0.5, -0.809017, 0.0, 0.0, 0.0, 0.0, 1.0 ], [ 0.309017, -0.5, -0.809017, 0.0, 0.5, 0.809017, -0.309017, 0.0, 0.809017, -0.309017, 0.5, 0.0, 0.0, 0.0, 0.0, 1.0 ], [ 0.809017, -0.309017, 0.5, 0.0, 0.309017, -0.5, -0.809017, 0.0, 0.5, 0.809017, -0.309017, 0.0, 0.0, 0.0, 0.0, 1.0 ], [ 0.809017, 0.309017, -0.5, 0.0, 0.309017, 0.5, 0.809017, 0.0, 0.5, -0.809017, 0.309017, 0.0, 0.0, 0.0, 0.0, 1.0 ], [ 0.5, -0.809017, 0.309017, 0.0, 0.809017, 0.309017, -0.5, 0.0, 0.309017, 0.5, 0.809017, 0.0, 0.0, 0.0, 0.0, 1.0 ], [ 0.309017, 0.5, 0.809017, 0.0, 0.5, -0.809017, 0.309017, 0.0, 0.809017, 0.309017, -0.5, 0.0, 0.0, 0.0, 0.0, 1.0 ], [ 1.0, 0.0, 0.0, 0.0, 0.0, -1.0, 0.0, 0.0, 0.0, 0.0, -1.0, 0.0, 0.0, 0.0, 0.0, 1.0 ], [ 0.0, 0.0, 1.0, 0.0, -1.0, 0.0, 0.0, 0.0, 0.0, -1.0, 0.0, 0.0, 0.0, 0.0, 0.0, 1.0 ], [ 0.0, 1.0, 0.0, 0.0, 0.0, 0.0, -1.0, 0.0, -1.0, 0.0, 0.0, 0.0, 0.0, 0.0, 0.0, 1.0 ], [ 0.809017, 0.309017, 0.5, 0.0, -0.309017, -0.5, 0.809017, 0.0, 0.5, -0.809017, -0.309017, 0.0, 0.0, 0.0, 0.0, 1.0 ], [ -0.5, 0.809017, 0.309017, 0.0, -0.809017, -0.309017, -0.5, 0.0, -0.309017, -0.5, 0.809017, 0.0, 0.0, 0.0, 0.0, 1.0 ], [ 0.309017, 0.5, -0.809017, 0.0, 0.5, -0.809017, -0.309017, 0.0, -0.809017, -0.309017, -0.5, 0.0, 0.0, 0.0, 0.0, 1.0 ], [ 0.5, 0.809017, 0.309017, 0.0, -0.809017, 0.309017, 0.5, 0.0, 0.309017, -0.5, 0.809017, 0.0, 0.0, 0.0, 0.0, 1.0 ], [ -0.309017, 0.5, -0.809017, 0.0, -0.5, -0.809017, -0.309017, 0.0, -0.809017, 0.309017, 0.5, 0.0, 0.0, 0.0, 0.0, 1.0 ], [ 0.809017, -0.309017, -0.5, 0.0, 0.309017, -0.5, 0.809017, 0.0, -0.5, -0.809017, -0.309017, 0.0, 0.0, 0.0, 0.0, 1.0 ], [ 0.5, 0.809017, -0.309017, 0.0, -0.809017, 0.309017, -0.5, 0.0, -0.309017, 0.5, 0.809017, 0.0, 0.0, 0.0, 0.0, 1.0 ], [ 0.309017, -0.5, -0.809017, 0.0, -0.5, -0.809017, 0.309017, 0.0, -0.809017, 0.309017, -0.5, 0.0, 0.0, 0.0, 0.0, 1.0 ], [ 0.809017, -0.309017, 0.5, 0.0, -0.309017, 0.5, 0.809017, 0.0, -0.5, -0.809017, 0.309017, 0.0, 0.0, 0.0, 0.0, 1.0 ], [ 0.809017, 0.309017, -0.5, 0.0, -0.309017, -0.5, -0.809017, 0.0, -0.5, 0.809017, -0.309017, 0.0, 0.0, 0.0, 0.0, 1.0 ], [ 0.5, -0.809017, 0.309017, 0.0, -0.809017, -0.309017, 0.5, 0.0, -0.309017, -0.5, -0.809017, 0.0, 0.0, 0.0, 0.0, 1.0 ], [ 0.309017, 0.5, 0.809017, 0.0, -0.5, 0.809017, -0.309017, 0.0, -0.809017, -0.309017, 0.5, 0.0, 0.0, 0.0, 0.0, 1.0 ], [ -1.0, 0.0, 0.0, 0.0, 0.0, -1.0, 0.0, 0.0, 0.0, 0.0, 1.0, 0.0, 0.0, 0.0, 0.0, 1.0 ], [ 0.0, 0.0, -1.0, 0.0, -1.0, 0.0, 0.0, 0.0, 0.0, 1.0, 0.0, 0.0, 0.0, 0.0, 0.0, 1.0 ], [ 0.0, -1.0, 0.0, 0.0, 0.0, 0.0, -1.0, 0.0, 1.0, 0.0, 0.0, 0.0, 0.0, 0.0, 0.0, 1.0 ], [ -0.809017, -0.309017, -0.5, 0.0, -0.309017, -0.5, 0.809017, 0.0, -0.5, 0.809017, 0.309017, 0.0, 0.0, 0.0, 0.0, 1.0 ], [ 0.5, -0.809017, -0.309017, 0.0, -0.809017, -0.309017, -0.5, 0.0, 0.309017, 0.5, -0.809017, 0.0, 0.0, 0.0, 0.0, 1.0 ], [ -0.309017, -0.5, 0.809017, 0.0, 0.5, -0.809017, -0.309017, 0.0, 0.809017, 0.309017, 0.5, 0.0, 0.0, 0.0, 0.0, 1.0 ], [ -0.5, -0.809017, -0.309017, 0.0, -0.809017, 0.309017, 0.5, 0.0, -0.309017, 0.5, -0.809017, 0.0, 0.0, 0.0, 0.0, 1.0 ], [ 0.309017, -0.5, 0.809017, 0.0, -0.5, -0.809017, -0.309017, 0.0, 0.809017, -0.309017, -0.5, 0.0, 0.0, 0.0, 0.0, 1.0 ], [ -0.809017, 0.309017, 0.5, 0.0, 0.309017, -0.5, 0.809017, 0.0, 0.5, 0.809017, 0.309017, 0.0, 0.0, 0.0, 0.0, 1.0 ], [ -0.5, -0.809017, 0.309017, 0.0, -0.809017, 0.309017, -0.5, 0.0, 0.309017, -0.5, -0.809017, 0.0, 0.0, 0.0, 0.0, 1.0 ], [ -0.309017, 0.5, 0.809017, 0.0, -0.5, -0.809017, 0.309017, 0.0, 0.809017, -0.309017, 0.5, 0.0, 0.0, 0.0, 0.0, 1.0 ], [ -0.809017, 0.309017, -0.5, 0.0, -0.309017, 0.5, 0.809017, 0.0, 0.5, 0.809017, -0.309017, 0.0, 0.0, 0.0, 0.0, 1.0 ], [ -0.809017, -0.309017, 0.5, 0.0, -0.309017, -0.5, -0.809017, 0.0, 0.5, -0.809017, 0.309017, 0.0, 0.0, 0.0, 0.0, 1.0 ], [ -0.5, 0.809017, -0.309017, 0.0, -0.809017, -0.309017, 0.5, 0.0, 0.309017, 0.5, 0.809017, 0.0, 0.0, 0.0, 0.0, 1.0 ], [ -0.309017, -0.5, -0.809017, 0.0, -0.5, 0.809017, -0.309017, 0.0, 0.809017, 0.309017, -0.5, 0.0, 0.0, 0.0, 0.0, 1.0 ], [ -1.0, 0.0, 0.0, 0.0, 0.0, 1.0, 0.0, 0.0, 0.0, 0.0, -1.0, 0.0, 0.0, 0.0, 0.0, 1.0 ], [ 0.0, 0.0, -1.0, 0.0, 1.0, 0.0, 0.0, 0.0, 0.0, -1.0, 0.0, 0.0, 0.0, 0.0, 0.0, 1.0 ], [ 0.0, -1.0, 0.0, 0.0, 0.0, 0.0, 1.0, 0.0, -1.0, 0.0, 0.0, 0.0, 0.0, 0.0, 0.0, 1.0 ], [ -0.809017, -0.309017, -0.5, 0.0, 0.309017, 0.5, -0.809017, 0.0, 0.5, -0.809017, -0.309017, 0.0, 0.0, 0.0, 0.0, 1.0 ], [ 0.5, -0.809017, -0.309017, 0.0, 0.809017, 0.309017, 0.5, 0.0, -0.309017, -0.5, 0.809017, 0.0, 0.0, 0.0, 0.0, 1.0 ], [ -0.309017, -0.5, 0.809017, 0.0, -0.5, 0.809017, 0.309017, 0.0, -0.809017, -0.309017, -0.5, 0.0, 0.0, 0.0, 0.0, 1.0 ], [ -0.5, -0.809017, -0.309017, 0.0, 0.809017, -0.309017, -0.5, 0.0, 0.309017, -0.5, 0.809017, 0.0, 0.0, 0.0, 0.0, 1.0 ], [ 0.309017, -0.5, 0.809017, 0.0, 0.5, 0.809017, 0.309017, 0.0, -0.809017, 0.309017, 0.5, 0.0, 0.0, 0.0, 0.0, 1.0 ], [ -0.809017, 0.309017, 0.5, 0.0, -0.309017, 0.5, -0.809017, 0.0, -0.5, -0.809017, -0.309017, 0.0, 0.0, 0.0, 0.0, 1.0 ], [ -0.5, -0.809017, 0.309017, 0.0, 0.809017, -0.309017, 0.5, 0.0, -0.309017, 0.5, 0.809017, 0.0, 0.0, 0.0, 0.0, 1.0 ], [ -0.309017, 0.5, 0.809017, 0.0, 0.5, 0.809017, -0.309017, 0.0, -0.809017, 0.309017, -0.5, 0.0, 0.0, 0.0, 0.0, 1.0 ], [ -0.809017, 0.309017, -0.5, 0.0, 0.309017, -0.5, -0.809017, 0.0, -0.5, -0.809017, 0.309017, 0.0, 0.0, 0.0, 0.0, 1.0 ], [ -0.809017, -0.309017, 0.5, 0.0, 0.309017, 0.5, 0.809017, 0.0, -0.5, 0.809017, -0.309017, 0.0, 0.0, 0.0, 0.0, 1.0 ], [ -0.5, 0.809017, -0.309017, 0.0, 0.809017, 0.309017, -0.5, 0.0, -0.309017, -0.5, -0.809017, 0.0, 0.0, 0.0, 0.0, 1.0 ], [ -0.309017, -0.5, -0.809017, 0.0, 0.5, -0.809017, 0.309017, 0.0, -0.809017, -0.309017, 0.5, 0.0, 0.0, 0.0, 0.0, 1.0 ] ],
  "lights" : {
    "directionalLights" : [ {
      "direction" : [ 1.0, -1.0, -1.0 ],
      "color" : "#EBEBE4"
    }, {
      "direction" : [ -1.0, 0.0, 0.0 ],
      "color" : "#E4E4EB"
    }, {
      "direction" : [ 0.0, 0.0, -1.0 ],
      "color" : "#1E1E1E"
    } ],
    "ambientColor" : "#292929",
    "backgroundColor" : "#AFC8DC"
  },
  "camera" : {
    "position" : {
      "x" : 107.90153,
      "y" : -80.188484,
      "z" : 156.35599
    },
    "width" : 92.79305,
    "viewDistance" : 206.20677,
    "lookAtPointRV" : {
      "x" : 0.0,
      "y" : 0.0,
      "z" : 0.0,
      "zero" : true
    },
    "fieldOfView" : 0.4426289,
    "upDirectionRV" : {
      "x" : -0.38386366,
      "y" : 0.68683445,
      "z" : 0.6171701,
      "zero" : false
    },
    "perspective" : true,
    "lookDirectionRV" : {
      "x" : -0.5232686,
      "y" : 0.38887414,
      "z" : -0.75824857,
      "zero" : false
    },
    "nearClipDistance" : 0.515517,
    "lookDirection" : {
      "x" : -0.5232686,
      "y" : 0.38887414,
      "z" : -0.75824857
    },
    "lookAtPoint" : {
      "x" : 0.0,
      "y" : 0.0,
      "z" : 0.0
    },
    "farClipDistance" : 412.41275,
    "upDirection" : {
      "x" : -0.38386366,
      "y" : 0.68683445,
      "z" : 0.6171701
    },
    "stereo" : false
  },
  "embedding" : [ 1.0, 0.0, 0.0, 0.0, 0.0, 1.0, 0.0, 0.0, 0.0, 0.0, 1.0, 0.0, 0.0, 0.0, 0.0, 1.0 ],
  "shapes" : [ {
    "id" : "60225a20-4ec7-476f-b589-24747ec8defc",
    "vertices" : [ {
      "x" : 0.0,
      "y" : 0.0,
      "z" : 0.0
    }, {
      "x" : 11.09017,
      "y" : 4.236068,
      "z" : 29.034441
    }, {
      "x" : 11.09017,
      "y" : -4.236068,
      "z" : 29.034441
    } ],
    "faces" : [ {
      "vertices" : [ 0, 1, 2 ]
    }, {
      "vertices" : [ 0, 2, 1 ]
    } ]
  }, {
    "id" : "604be760-4d06-4af2-96ea-595690a98110",
    "vertices" : [ {
      "x" : 0.0,
      "y" : 0.0,
      "z" : 0.0
    }, {
      "x" : -0.5854102,
      "y" : 2.118034,
      "z" : -1.5326238
    }, {
      "x" : -0.2763932,
      "y" : 4.236068,
      "z" : -0.7236068
    }, {
      "x" : 0.7236068,
      "y" : 2.618034,
      "z" : 1.8944272
    } ],
    "faces" : [ {
      "vertices" : [ 0, 1, 2, 3 ]
    }, {
      "vertices" : [ 0, 3, 2, 1 ]
    } ]
  }, {
    "id" : "4ce13b2c-947f-4995-88da-0998e604e8cb",
    "vertices" : [ {
      "x" : 0.0,
      "y" : 0.0,
      "z" : 0.0
    }, {
      "x" : -0.5854102,
      "y" : 4.012461,
      "z" : -1.5326238
    }, {
      "x" : 1.309017,
      "y" : 4.736068,
      "z" : 3.427051
    }, {
      "x" : 0.5854102,
      "y" : -0.2236068,
      "z" : 1.5326238
    } ],
    "faces" : [ {
      "vertices" : [ 0, 1, 2, 3 ]
    }, {
      "vertices" : [ 0, 3, 2, 1 ]
    } ]
  }, {
    "id" : "3d9b01c2-9217-4816-82de-f3e9e3dc6f3f",
    "vertices" : [ {
      "x" : 0.0,
      "y" : 0.0,
      "z" : 0.0
    }, {
      "x" : 0.2763932,
      "y" : 1.8944272,
      "z" : 0.7236068
    }, {
      "x" : 5.236068,
      "y" : 0.0,
      "z" : 13.708204
    }, {
      "x" : 0.2763932,
      "y" : -1.8944272,
      "z" : 0.7236068
    } ],
    "faces" : [ {
      "vertices" : [ 0, 1, 2, 3 ]
    }, {
      "vertices" : [ 0, 3, 2, 1 ]
    } ]
  }, {
    "id" : "165efa15-9c0a-4f4f-a72b-c75ec237648e",
    "vertices" : [ {
      "x" : 0.0,
      "y" : 0.0,
      "z" : 0.0
    }, {
      "x" : -0.3618034,
      "y" : -2.4798374,
      "z" : -0.9472136
    }, {
      "x" : -1.1708204,
      "y" : -2.7888544,
      "z" : -3.0652475
    }, {
      "x" : -1.1708204,
      "y" : 0.4472136,
      "z" : -3.0652475
    } ],
    "faces" : [ {
      "vertices" : [ 0, 1, 2, 3 ]
    }, {
      "vertices" : [ 0, 3, 2, 1 ]
    } ]
  }, {
    "id" : "35f8d5e4-28ff-480a-a786-d2a925fe8ab5",
    "vertices" : [ {
      "x" : 0.0,
      "y" : 0.0,
      "z" : 0.0
    }, {
      "x" : 4.959675,
      "y" : -1.8944272,
      "z" : 12.984597
    }, {
      "x" : 4.236068,
      "y" : -6.854102,
      "z" : 11.09017
    } ],
    "faces" : [ {
      "vertices" : [ 0, 1, 2 ]
    }, {
      "vertices" : [ 0, 2, 1 ]
    } ]
  }, {
    "id" : "75378438-060c-4410-8680-38c1d1fcd9eb",
    "vertices" : [ {
      "x" : 0.0,
      "y" : 0.0,
      "z" : 0.0
    }, {
      "x" : -4.959675,
      "y" : 1.8944272,
      "z" : -12.984597
    }, {
      "x" : -4.236068,
      "y" : 6.854102,
      "z" : -11.09017
    } ],
    "faces" : [ {
      "vertices" : [ 0, 1, 2 ]
    }, {
      "vertices" : [ 0, 2, 1 ]
    } ]
  }, {
    "id" : "1cc2eee4-ce00-4264-a3d4-051bd757cd6c",
    "vertices" : [ {
      "x" : 0.0,
      "y" : 0.0,
      "z" : 0.0
    }, {
      "x" : 0.809017,
      "y" : 5.545085,
      "z" : 2.118034
    }, {
      "x" : 0.809017,
      "y" : 0.309017,
      "z" : 2.118034
    } ],
    "faces" : [ {
      "vertices" : [ 0, 1, 2 ]
    }, {
      "vertices" : [ 0, 2, 1 ]
    } ]
  }, {
    "id" : "fe257d0e-ae7c-4af0-9d51-321177a7b492",
    "vertices" : [ {
      "x" : 0.0,
      "y" : 0.0,
      "z" : 0.0
    }, {
      "x" : -1.8944272,
      "y" : -0.7236068,
      "z" : -4.959675
    }, {
      "x" : -2.118034,
      "y" : 0.809017,
      "z" : -5.545085
    } ],
    "faces" : [ {
      "vertices" : [ 0, 1, 2 ]
    }, {
      "vertices" : [ 0, 2, 1 ]
    } ]
  }, {
    "id" : "ec6a3977-aff9-43f9-8cee-77c626caff3b",
    "vertices" : [ {
      "x" : 0.0,
      "y" : 0.0,
      "z" : 0.0
    }, {
      "x" : -0.309017,
      "y" : -2.118034,
      "z" : -0.809017
    }, {
      "x" : -1.618034,
      "y" : -2.618034,
      "z" : -4.236068
    }, {
      "x" : -1.618034,
      "y" : 2.618034,
      "z" : -4.236068
    }, {
      "x" : -0.309017,
      "y" : 2.118034,
      "z" : -0.809017
    } ],
    "faces" : [ {
      "vertices" : [ 0, 1, 2, 3, 4 ]
    }, {
      "vertices" : [ 0, 4, 3, 2, 1 ]
    } ]
  }, {
    "id" : "eac01f28-087e-4ef7-a23a-c54f735a44c9",
    "vertices" : [ {
      "x" : 0.0,
      "y" : 0.0,
      "z" : 0.0
    }, {
      "x" : -4.959675,
      "y" : 1.8944272,
      "z" : -12.984597
    }, {
      "x" : -11.813777,
      "y" : 12.984597,
      "z" : -30.92887
    }, {
      "x" : -0.7236068,
      "y" : 8.748529,
      "z" : -1.8944272
    }, {
      "x" : 0.5854102,
      "y" : 4.012461,
      "z" : 1.5326238
    } ],
    "faces" : [ {
      "vertices" : [ 0, 1, 2, 3, 4 ]
    }, {
      "vertices" : [ 0, 4, 3, 2, 1 ]
    } ]
  }, {
    "id" : "8f3f9246-a8cb-46f5-bec4-8744aa13478c",
    "vertices" : [ {
      "x" : 0.0,
      "y" : 0.0,
      "z" : 0.0
    }, {
      "x" : -4.236068,
      "y" : -29.034441,
      "z" : -11.09017
    }, {
      "x" : -6.854102,
      "y" : -24.798374,
      "z" : -17.944271
    } ],
    "faces" : [ {
      "vertices" : [ 0, 1, 2 ]
    }, {
      "vertices" : [ 0, 2, 1 ]
    } ]
  }, {
    "id" : "61930039-aef0-48d0-b58c-060fad6b0a06",
    "vertices" : [ {
      "x" : 0.0,
      "y" : 0.0,
      "z" : 0.0
    }, {
      "x" : 0.5,
      "y" : -3.427051,
      "z" : 1.309017
    }, {
      "x" : -0.4472136,
      "y" : -3.0652475,
      "z" : -1.1708204
    } ],
    "faces" : [ {
      "vertices" : [ 0, 1, 2 ]
    }, {
      "vertices" : [ 0, 2, 1 ]
    } ]
  }, {
    "id" : "b217da74-7a16-4ded-9811-f0564bb9e7e1",
    "vertices" : [ {
      "x" : 0.0,
      "y" : 0.0,
      "z" : 0.0
    }, {
      "x" : -1.5326238,
      "y" : 0.5854102,
      "z" : -4.012461
    }, {
      "x" : -0.809017,
      "y" : 5.545085,
      "z" : -2.118034
    }, {
      "x" : 0.3618034,
      "y" : 1.309017,
      "z" : 0.9472136
    } ],
    "faces" : [ {
      "vertices" : [ 0, 1, 2, 3 ]
    }, {
      "vertices" : [ 0, 3, 2, 1 ]
    } ]
  }, {
    "id" : "db1eacde-8433-459a-ac7e-de98895217c3",
    "vertices" : [ {
      "x" : 0.0,
      "y" : 0.0,
      "z" : 0.0
    }, {
      "x" : -1.8944272,
      "y" : 12.984597,
      "z" : -4.959675
    }, {
      "x" : 0.0,
      "y" : 13.708204,
      "z" : 0.0
    } ],
    "faces" : [ {
      "vertices" : [ 0, 1, 2 ]
    }, {
      "vertices" : [ 0, 2, 1 ]
    } ]
  }, {
    "id" : "50643454-5ee0-44b1-b50a-1d573a7dd038",
    "vertices" : [ {
      "x" : 0.0,
      "y" : 0.0,
      "z" : 0.0
    }, {
      "x" : 1.309017,
      "y" : -4.736068,
      "z" : 3.427051
    }, {
      "x" : -0.309017,
      "y" : -2.118034,
      "z" : -0.809017
    } ],
    "faces" : [ {
      "vertices" : [ 0, 1, 2 ]
    }, {
      "vertices" : [ 0, 2, 1 ]
    } ]
  }, {
    "id" : "8603abd5-3a21-4915-bee1-f12a76ca3ed2",
    "vertices" : [ {
      "x" : 0.0,
      "y" : 0.0,
      "z" : 0.0
    }, {
      "x" : 1.309017,
      "y" : -0.5,
      "z" : 3.427051
    }, {
      "x" : 0.7236068,
      "y" : -2.618034,
      "z" : 1.8944272
    } ],
    "faces" : [ {
      "vertices" : [ 0, 1, 2 ]
    }, {
      "vertices" : [ 0, 2, 1 ]
    } ]
  }, {
    "id" : "a4a09e22-b958-4ffc-bdea-98c52b9ac20e",
    "vertices" : [ {
      "x" : 0.0,
      "y" : 0.0,
      "z" : 0.0
    }, {
      "x" : -1.8944272,
      "y" : 12.984597,
      "z" : -4.959675
    }, {
      "x" : -1.8944272,
      "y" : 35.164936,
      "z" : -4.959675
    }, {
      "x" : 2.3416407,
      "y" : 6.130495,
      "z" : 6.130495
    }, {
      "x" : 1.5326238,
      "y" : 0.5854102,
      "z" : 4.012461
    } ],
    "faces" : [ {
      "vertices" : [ 0, 1, 2, 3, 4 ]
    }, {
      "vertices" : [ 0, 4, 3, 2, 1 ]
    } ]
  }, {
    "id" : "33524a9c-aadd-442e-9a88-8e90f5c87825",
    "vertices" : [ {
      "x" : 0.0,
      "y" : 0.0,
      "z" : 0.0
    }, {
      "x" : -1.309017,
      "y" : 0.5,
      "z" : -3.427051
    }, {
      "x" : -0.7236068,
      "y" : 2.618034,
      "z" : -1.8944272
    } ],
    "faces" : [ {
      "vertices" : [ 0, 1, 2 ]
    }, {
      "vertices" : [ 0, 2, 1 ]
    } ]
  }, {
    "id" : "079f961a-56ca-4b82-96f7-a95f050fa9a4",
    "vertices" : [ {
      "x" : 0.0,
      "y" : 0.0,
      "z" : 0.0
    }, {
      "x" : 0.2236068,
      "y" : -1.5326238,
      "z" : 0.5854102
    }, {
      "x" : -1.309017,
      "y" : -2.118034,
      "z" : -3.427051
    }, {
      "x" : -0.9472136,
      "y" : 0.3618034,
      "z" : -2.4798374
    } ],
    "faces" : [ {
      "vertices" : [ 0, 1, 2, 3 ]
    }, {
      "vertices" : [ 0, 3, 2, 1 ]
    } ]
  }, {
    "id" : "2153517a-dca0-4f79-a915-2dd7d807b7f6",
    "vertices" : [ {
      "x" : 0.0,
      "y" : 0.0,
      "z" : 0.0
    }, {
      "x" : -1.309017,
      "y" : -4.736068,
      "z" : -3.427051
    }, {
      "x" : -2.618034,
      "y" : -4.236068,
      "z" : -6.854102
    }, {
      "x" : -3.427051,
      "y" : -1.309017,
      "z" : -8.972136
    }, {
      "x" : -2.618034,
      "y" : 4.236068,
      "z" : -6.854102
    } ],
    "faces" : [ {
      "vertices" : [ 0, 1, 2, 3, 4 ]
    }, {
      "vertices" : [ 0, 4, 3, 2, 1 ]
    } ]
  }, {
    "id" : "492c0ba1-598d-443d-9653-794ec9bf96fc",
    "vertices" : [ {
      "x" : 0.0,
      "y" : 0.0,
      "z" : 0.0
    }, {
      "x" : -1.309017,
      "y" : 4.736068,
      "z" : -3.427051
    }, {
      "x" : 0.309017,
      "y" : 2.118034,
      "z" : 0.809017
    } ],
    "faces" : [ {
      "vertices" : [ 0, 1, 2 ]
    }, {
      "vertices" : [ 0, 2, 1 ]
    } ]
  }, {
    "id" : "929fcec7-67b3-477c-8ce3-4b7187e73e65",
    "vertices" : [ {
      "x" : 0.0,
      "y" : 0.0,
      "z" : 0.0
    }, {
      "x" : 1.8944272,
      "y" : -12.984597,
      "z" : 4.959675
    }, {
      "x" : 0.0,
      "y" : -13.708204,
      "z" : 0.0
    } ],
    "faces" : [ {
      "vertices" : [ 0, 1, 2 ]
    }, {
      "vertices" : [ 0, 2, 1 ]
    } ]
  }, {
    "id" : "a7af98c8-a622-4528-9b9f-c618a8f585b0",
    "vertices" : [ {
      "x" : 0.0,
      "y" : 0.0,
      "z" : 0.0
    }, {
      "x" : -0.2236068,
      "y" : 1.5326238,
      "z" : -0.5854102
    }, {
      "x" : 1.309017,
      "y" : 2.118034,
      "z" : 3.427051
    }, {
      "x" : 0.9472136,
      "y" : -0.3618034,
      "z" : 2.4798374
    } ],
    "faces" : [ {
      "vertices" : [ 0, 1, 2, 3 ]
    }, {
      "vertices" : [ 0, 3, 2, 1 ]
    } ]
  }, {
    "id" : "894a0c4e-0a31-4486-862c-d517699763f9",
    "vertices" : [ {
      "x" : 0.0,
      "y" : 0.0,
      "z" : 0.0
    }, {
      "x" : -0.809017,
      "y" : 0.309017,
      "z" : -2.118034
    }, {
      "x" : -0.4472136,
      "y" : 1.618034,
      "z" : -1.1708204
    } ],
    "faces" : [ {
      "vertices" : [ 0, 1, 2 ]
    }, {
      "vertices" : [ 0, 2, 1 ]
    } ]
  }, {
    "id" : "20d007c6-8dd9-4748-8d2f-662d921a288d",
    "vertices" : [ {
      "x" : 0.0,
      "y" : 0.0,
      "z" : 0.0
    }, {
      "x" : -0.7236068,
      "y" : -0.2763932,
      "z" : -1.8944272
    }, {
      "x" : -1.309017,
      "y" : 3.736068,
      "z" : -3.427051
    }, {
      "x" : 0.0,
      "y" : 3.236068,
      "z" : 0.0
    } ],
    "faces" : [ {
      "vertices" : [ 0, 1, 2, 3 ]
    }, {
      "vertices" : [ 0, 3, 2, 1 ]
    } ]
  }, {
    "id" : "e5e1336e-2726-4463-9276-11ddf76e2c67",
    "vertices" : [ {
      "x" : 0.0,
      "y" : 0.0,
      "z" : 0.0
    }, {
      "x" : 2.118034,
      "y" : -0.809017,
      "z" : 5.545085
    }, {
      "x" : 2.618034,
      "y" : -4.236068,
      "z" : 6.854102
    }, {
      "x" : 2.118034,
      "y" : -7.663119,
      "z" : 5.545085
    }, {
      "x" : 0.0,
      "y" : -8.472136,
      "z" : 0.0
    } ],
    "faces" : [ {
      "vertices" : [ 0, 1, 2, 3, 4 ]
    }, {
      "vertices" : [ 0, 4, 3, 2, 1 ]
    } ]
  }, {
    "id" : "ab5d2444-b826-4664-b7b0-2571bf016350",
    "vertices" : [ {
      "x" : 0.0,
      "y" : 0.0,
      "z" : 0.0
    }, {
      "x" : 1.5326238,
      "y" : -0.5854102,
      "z" : 4.012461
    }, {
      "x" : 0.809017,
      "y" : -5.545085,
      "z" : 2.118034
    }, {
      "x" : -0.3618034,
      "y" : -1.309017,
      "z" : -0.9472136
    } ],
    "faces" : [ {
      "vertices" : [ 0, 1, 2, 3 ]
    }, {
      "vertices" : [ 0, 3, 2, 1 ]
    } ]
  }, {
    "id" : "65e6b3b9-29ac-4496-884e-b8662dbbdcc7",
    "vertices" : [ {
      "x" : 0.0,
      "y" : 0.0,
      "z" : 0.0
    }, {
      "x" : -0.5,
      "y" : 1.809017,
      "z" : -1.309017
    }, {
      "x" : 0.0,
      "y" : 5.236068,
      "z" : 0.0
    }, {
      "x" : 1.618034,
      "y" : 2.618034,
      "z" : 4.236068
    }, {
      "x" : 0.809017,
      "y" : -0.309017,
      "z" : 2.118034
    } ],
    "faces" : [ {
      "vertices" : [ 0, 1, 2, 3, 4 ]
    }, {
      "vertices" : [ 0, 4, 3, 2, 1 ]
    } ]
  }, {
    "id" : "d127c127-a2ad-467e-9529-6577619c8537",
    "vertices" : [ {
      "x" : 0.0,
      "y" : 0.0,
      "z" : 0.0
    }, {
      "x" : 0.3618034,
      "y" : 2.4798374,
      "z" : 0.9472136
    }, {
      "x" : 1.1708204,
      "y" : 2.7888544,
      "z" : 3.0652475
    }, {
      "x" : 1.1708204,
      "y" : -0.4472136,
      "z" : 3.0652475
    } ],
    "faces" : [ {
      "vertices" : [ 0, 1, 2, 3 ]
    }, {
      "vertices" : [ 0, 3, 2, 1 ]
    } ]
  }, {
    "id" : "edf51fee-cdda-4329-8998-6b67e3bc1f43",
    "vertices" : [ {
      "x" : 0.0,
      "y" : 0.0,
      "z" : 0.0
    }, {
      "x" : -0.2763932,
      "y" : -1.8944272,
      "z" : -0.7236068
    }, {
      "x" : -1.809017,
      "y" : -1.309017,
      "z" : -4.736068
    }, {
      "x" : -1.0,
      "y" : 1.618034,
      "z" : -2.618034
    } ],
    "faces" : [ {
      "vertices" : [ 0, 1, 2, 3 ]
    }, {
      "vertices" : [ 0, 3, 2, 1 ]
    } ]
  }, {
    "id" : "368bbdba-6c8a-47c7-aafa-8c7b752f346a",
    "vertices" : [ {
      "x" : 0.0,
      "y" : 0.0,
      "z" : 0.0
    }, {
      "x" : 0.5854102,
      "y" : -4.012461,
      "z" : 1.5326238
    }, {
      "x" : -1.309017,
      "y" : -4.736068,
      "z" : -3.427051
    }, {
      "x" : -0.5854102,
      "y" : 0.2236068,
      "z" : -1.5326238
    } ],
    "faces" : [ {
      "vertices" : [ 0, 1, 2, 3 ]
    }, {
      "vertices" : [ 0, 3, 2, 1 ]
    } ]
  }, {
    "id" : "937a30e0-6a3c-4d29-a2ae-eb3875800eaf",
    "vertices" : [ {
      "x" : 0.0,
      "y" : 0.0,
      "z" : 0.0
    }, {
      "x" : -0.809017,
      "y" : -5.545085,
      "z" : -2.118034
    }, {
      "x" : -0.809017,
      "y" : -0.309017,
      "z" : -2.118034
    } ],
    "faces" : [ {
      "vertices" : [ 0, 1, 2 ]
    }, {
      "vertices" : [ 0, 2, 1 ]
    } ]
  }, {
    "id" : "c465e48f-61ee-4e1d-8b1f-adacf5123565",
    "vertices" : [ {
      "x" : 0.0,
      "y" : 0.0,
      "z" : 0.0
    }, {
      "x" : -0.4472136,
      "y" : -3.0652475,
      "z" : -1.1708204
    }, {
      "x" : -1.618034,
      "y" : -2.618034,
      "z" : -4.236068
    }, {
      "x" : -2.3416407,
      "y" : 0.0,
      "z" : -6.130495
    }, {
      "x" : -1.618034,
      "y" : 2.618034,
      "z" : -4.236068
    } ],
    "faces" : [ {
      "vertices" : [ 0, 1, 2, 3, 4 ]
    }, {
      "vertices" : [ 0, 4, 3, 2, 1 ]
    } ]
  }, {
    "id" : "b957afca-8ddf-4dc5-8b34-107637ca8fe1",
    "vertices" : [ {
      "x" : 0.0,
      "y" : 0.0,
      "z" : 0.0
    }, {
      "x" : 0.5854102,
      "y" : -0.2236068,
      "z" : 1.5326238
    }, {
      "x" : 0.0,
      "y" : -4.236068,
      "z" : 0.0
    }, {
      "x" : -0.5854102,
      "y" : -2.118034,
      "z" : -1.5326238
    } ],
    "faces" : [ {
      "vertices" : [ 0, 1, 2, 3 ]
    }, {
      "vertices" : [ 0, 3, 2, 1 ]
    } ]
  }, {
    "id" : "a762b658-87a5-413b-960f-13aeb6cf9307",
    "vertices" : [ {
      "x" : 0.0,
      "y" : 0.0,
      "z" : 0.0
    }, {
      "x" : -0.309017,
      "y" : 2.118034,
      "z" : -0.809017
    }, {
      "x" : 0.2763932,
      "y" : 1.8944272,
      "z" : 0.7236068
    } ],
    "faces" : [ {
      "vertices" : [ 0, 1, 2 ]
    }, {
      "vertices" : [ 0, 2, 1 ]
    } ]
  }, {
    "id" : "94d4bd43-6911-4bd3-9164-e5804afb1cb0",
    "vertices" : [ {
      "x" : 0.0,
      "y" : 0.0,
      "z" : 0.0
    }, {
      "x" : -1.8944272,
      "y" : 0.7236068,
      "z" : -4.959675
    }, {
      "x" : -1.618034,
      "y" : 2.618034,
      "z" : -4.236068
    } ],
    "faces" : [ {
      "vertices" : [ 0, 1, 2 ]
    }, {
      "vertices" : [ 0, 2, 1 ]
    } ]
  }, {
    "id" : "241f559b-e916-4e25-bc62-845e2df64af8",
    "vertices" : [ {
      "x" : 0.0,
      "y" : 0.0,
      "z" : 0.0
    }, {
      "x" : 0.809017,
      "y" : -0.309017,
      "z" : 2.118034
    }, {
      "x" : 0.4472136,
      "y" : -1.618034,
      "z" : 1.1708204
    } ],
    "faces" : [ {
      "vertices" : [ 0, 1, 2 ]
    }, {
      "vertices" : [ 0, 2, 1 ]
    } ]
  }, {
    "id" : "5619c1f8-4264-44f7-ab91-04ea88cf6a22",
    "vertices" : [ {
      "x" : 0.0,
      "y" : 0.0,
      "z" : 0.0
    }, {
      "x" : 0.4472136,
      "y" : -1.618034,
      "z" : 1.1708204
    }, {
      "x" : -2.618034,
      "y" : -12.708204,
      "z" : -6.854102
    }, {
      "x" : -0.7236068,
      "y" : 0.2763932,
      "z" : -1.8944272
    } ],
    "faces" : [ {
      "vertices" : [ 0, 1, 2, 3 ]
    }, {
      "vertices" : [ 0, 3, 2, 1 ]
    } ]
  }, {
    "id" : "594c5dba-e928-42a5-847e-857cdcfb5267",
    "vertices" : [ {
      "x" : 0.0,
      "y" : 0.0,
      "z" : 0.0
    }, {
      "x" : 0.7236068,
      "y" : 0.2763932,
      "z" : 1.8944272
    }, {
      "x" : 1.309017,
      "y" : -3.736068,
      "z" : 3.427051
    }, {
      "x" : 0.0,
      "y" : -3.236068,
      "z" : 0.0
    } ],
    "faces" : [ {
      "vertices" : [ 0, 1, 2, 3 ]
    }, {
      "vertices" : [ 0, 3, 2, 1 ]
    } ]
  }, {
    "id" : "6e9664d4-6e38-4aeb-9577-2ae8e827d28b",
    "vertices" : [ {
      "x" : 0.0,
      "y" : 0.0,
      "z" : 0.0
    }, {
      "x" : -0.7236068,
      "y" : -4.959675,
      "z" : -1.8944272
    }, {
      "x" : -1.309017,
      "y" : -4.736068,
      "z" : -3.427051
    } ],
    "faces" : [ {
      "vertices" : [ 0, 1, 2 ]
    }, {
      "vertices" : [ 0, 2, 1 ]
    } ]
  }, {
    "id" : "666fad86-7cc8-4b2d-a5b1-c56479f709f8",
    "vertices" : [ {
      "x" : 0.0,
      "y" : 0.0,
      "z" : 0.0
    }, {
      "x" : 0.7236068,
      "y" : 4.959675,
      "z" : 1.8944272
    }, {
      "x" : 1.309017,
      "y" : 4.736068,
      "z" : 3.427051
    } ],
    "faces" : [ {
      "vertices" : [ 0, 1, 2 ]
    }, {
      "vertices" : [ 0, 2, 1 ]
    } ]
  }, {
    "id" : "86efbaaf-df4e-47b8-8490-17f47d9dd724",
    "vertices" : [ {
      "x" : 0.0,
      "y" : 0.0,
      "z" : 0.0
    }, {
      "x" : 0.2763932,
      "y" : 1.8944272,
      "z" : 0.7236068
    }, {
      "x" : 1.809017,
      "y" : 1.309017,
      "z" : 4.736068
    }, {
      "x" : 1.0,
      "y" : -1.618034,
      "z" : 2.618034
    } ],
    "faces" : [ {
      "vertices" : [ 0, 1, 2, 3 ]
    }, {
      "vertices" : [ 0, 3, 2, 1 ]
    } ]
  }, {
    "id" : "b71391be-dc93-43a7-8e1f-65e20e50e9cc",
    "vertices" : [ {
      "x" : 0.0,
      "y" : 0.0,
      "z" : 0.0
    }, {
      "x" : 0.7236068,
      "y" : -4.959675,
      "z" : 1.8944272
    }, {
      "x" : 0.0,
      "y" : -5.236068,
      "z" : 0.0
    } ],
    "faces" : [ {
      "vertices" : [ 0, 1, 2 ]
    }, {
      "vertices" : [ 0, 2, 1 ]
    } ]
  }, {
    "id" : "3e551fc7-0ac2-4262-ada5-3d41255b433c",
    "vertices" : [ {
      "x" : 0.0,
      "y" : 0.0,
      "z" : 0.0
    }, {
      "x" : 0.309017,
      "y" : -2.118034,
      "z" : 0.809017
    }, {
      "x" : -0.2763932,
      "y" : -1.8944272,
      "z" : -0.7236068
    } ],
    "faces" : [ {
      "vertices" : [ 0, 1, 2 ]
    }, {
      "vertices" : [ 0, 2, 1 ]
    } ]
  }, {
    "id" : "4e357b4c-39f5-43e4-8709-2277ad99016b",
    "vertices" : [ {
      "x" : 0.0,
      "y" : 0.0,
      "z" : 0.0
    }, {
      "x" : 0.5854102,
      "y" : -2.118034,
      "z" : 1.5326238
    }, {
      "x" : 0.2763932,
      "y" : -4.236068,
      "z" : 0.7236068
    }, {
      "x" : -0.7236068,
      "y" : -2.618034,
      "z" : -1.8944272
    } ],
    "faces" : [ {
      "vertices" : [ 0, 1, 2, 3 ]
    }, {
      "vertices" : [ 0, 3, 2, 1 ]
    } ]
  }, {
    "id" : "59cf7d18-29d1-4f10-b3ee-12e1dcad669c",
    "vertices" : [ {
      "x" : 0.0,
      "y" : 0.0,
      "z" : 0.0
    }, {
      "x" : 1.1708204,
      "y" : 0.4472136,
      "z" : 3.0652475
    }, {
      "x" : 1.618034,
      "y" : -2.618034,
      "z" : 4.236068
    }, {
      "x" : 1.1708204,
      "y" : -5.6832814,
      "z" : 3.0652475
    }, {
      "x" : 0.0,
      "y" : -5.236068,
      "z" : 0.0
    } ],
    "faces" : [ {
      "vertices" : [ 0, 1, 2, 3, 4 ]
    }, {
      "vertices" : [ 0, 4, 3, 2, 1 ]
    } ]
  }, {
    "id" : "aa9e82f3-8f70-4795-9e2b-d26d0af86ef6",
    "vertices" : [ {
      "x" : 0.0,
      "y" : 0.0,
      "z" : 0.0
    }, {
      "x" : -0.7236068,
      "y" : 4.959675,
      "z" : -1.8944272
    }, {
      "x" : 0.0,
      "y" : 5.236068,
      "z" : 0.0
    } ],
    "faces" : [ {
      "vertices" : [ 0, 1, 2 ]
    }, {
      "vertices" : [ 0, 2, 1 ]
    } ]
  }, {
    "id" : "aacc41f0-86de-4416-a0e8-121fc8407dae",
    "vertices" : [ {
      "x" : 0.0,
      "y" : 0.0,
      "z" : 0.0
    }, {
      "x" : 1.8944272,
      "y" : -0.7236068,
      "z" : 4.959675
    }, {
      "x" : 1.618034,
      "y" : -2.618034,
      "z" : 4.236068
    } ],
    "faces" : [ {
      "vertices" : [ 0, 1, 2 ]
    }, {
      "vertices" : [ 0, 2, 1 ]
    } ]
  }, {
    "id" : "20ab8430-2881-4130-a728-d9a84e3983f3",
    "vertices" : [ {
      "x" : 0.0,
      "y" : 0.0,
      "z" : 0.0
    }, {
      "x" : -0.5854102,
      "y" : 0.2236068,
      "z" : -1.5326238
    }, {
      "x" : 0.0,
      "y" : 4.236068,
      "z" : 0.0
    }, {
      "x" : 0.5854102,
      "y" : 2.118034,
      "z" : 1.5326238
    } ],
    "faces" : [ {
      "vertices" : [ 0, 1, 2, 3 ]
    }, {
      "vertices" : [ 0, 3, 2, 1 ]
    } ]
  }, {
    "id" : "2508e2cb-6728-4f2a-8d65-e2f033529a43",
    "vertices" : [ {
      "x" : 0.0,
      "y" : 0.0,
      "z" : 0.0
    }, {
      "x" : 1.8944272,
      "y" : 0.7236068,
      "z" : 4.959675
    }, {
      "x" : 2.118034,
      "y" : -0.809017,
      "z" : 5.545085
    } ],
    "faces" : [ {
      "vertices" : [ 0, 1, 2 ]
    }, {
      "vertices" : [ 0, 2, 1 ]
    } ]
  }, {
    "id" : "ff09b19f-8f4d-4516-bd8a-86f0c7d9fe65",
    "vertices" : [ {
      "x" : 0.0,
      "y" : 0.0,
      "z" : 0.0
    }, {
      "x" : 4.959675,
      "y" : -1.8944272,
      "z" : 12.984597
    }, {
      "x" : 11.813777,
      "y" : -12.984597,
      "z" : 30.92887
    }, {
      "x" : 0.7236068,
      "y" : -8.748529,
      "z" : 1.8944272
    }, {
      "x" : -0.5854102,
      "y" : -4.012461,
      "z" : -1.5326238
    } ],
    "faces" : [ {
      "vertices" : [ 0, 1, 2, 3, 4 ]
    }, {
      "vertices" : [ 0, 4, 3, 2, 1 ]
    } ]
  }, {
    "id" : "c3f498b5-a711-43f8-b4d3-aebaccba84eb",
    "vertices" : [ {
      "x" : 0.0,
      "y" : 0.0,
      "z" : 0.0
    }, {
      "x" : 1.8944272,
      "y" : -12.984597,
      "z" : 4.959675
    }, {
      "x" : 1.8944272,
      "y" : -35.164936,
      "z" : 4.959675
    }, {
      "x" : -2.3416407,
      "y" : -6.130495,
      "z" : -6.130495
    }, {
      "x" : -1.5326238,
      "y" : -0.5854102,
      "z" : -4.012461
    } ],
    "faces" : [ {
      "vertices" : [ 0, 1, 2, 3, 4 ]
    }, {
      "vertices" : [ 0, 4, 3, 2, 1 ]
    } ]
  }, {
    "id" : "8deda344-a337-4279-aab8-7730a1c202e1",
    "vertices" : [ {
      "x" : 0.0,
      "y" : 0.0,
      "z" : 0.0
    }, {
      "x" : -0.5,
      "y" : 3.427051,
      "z" : -1.309017
    }, {
      "x" : 0.4472136,
      "y" : 3.0652475,
      "z" : 1.1708204
    } ],
    "faces" : [ {
      "vertices" : [ 0, 1, 2 ]
    }, {
      "vertices" : [ 0, 2, 1 ]
    } ]
  } ],
  "instances" : [ {
    "shape" : "60225a20-4ec7-476f-b589-24747ec8defc",
    "color" : "#5E43B7",
    "position" : {
      "x" : -40.12461,
      "y" : 11.09017,
      "z" : 0.0
    },
    "orientation" : 16
  }, {
    "shape" : "604be760-4d06-4af2-96ea-595690a98110",
    "color" : "#C12E1F",
    "position" : {
      "x" : 3.0652475,
      "y" : -3.0652475,
      "z" : -3.0652475
    },
    "orientation" : 38
  }, {
    "shape" : "4ce13b2c-947f-4995-88da-0998e604e8cb",
    "color" : "#00AE42",
    "position" : {
      "x" : 5.545085,
      "y" : 2.118034,
      "z" : 3.427051
    },
    "orientation" : 0
  }, {
    "shape" : "3d9b01c2-9217-4816-82de-f3e9e3dc6f3f",
    "color" : "#5E43B7",
    "position" : {
      "x" : 0.0,
      "y" : -4.236068,
      "z" : -5.854102
    },
    "orientation" : 17
  }, {
    "shape" : "165efa15-9c0a-4f4f-a72b-c75ec237648e",
    "color" : "#C12E1F",
    "position" : {
      "x" : 3.0652475,
      "y" : 3.0652475,
      "z" : 3.0652475
    },
    "orientation" : 16
  }, {
    "shape" : "35f8d5e4-28ff-480a-a786-d2a925fe8ab5",
    "color" : "#0A2989",
    "position" : {
      "x" : 0.0,
      "y" : -17.944271,
      "z" : -11.09017
    },
    "orientation" : 38
  }, {
    "shape" : "75378438-060c-4410-8680-38c1d1fcd9eb",
    "color" : "#0A2989",
    "position" : {
      "x" : -17.944271,
      "y" : -11.09017,
      "z" : 0.0
    },
    "orientation" : 22
  }, {
    "shape" : "1cc2eee4-ce00-4264-a3d4-051bd757cd6c",
    "color" : "#BECF00",
    "position" : {
      "x" : 5.545085,
      "y" : 2.118034,
      "z" : -3.427051
    },
    "orientation" : 17
  }, {
    "shape" : "fe257d0e-ae7c-4af0-9d51-321177a7b492",
    "color" : "#00B1B7",
    "position" : {
      "x" : 0.0,
      "y" : -4.236068,
      "z" : 11.09017
    },
    "orientation" : 0
  }, {
    "shape" : "ec6a3977-aff9-43f9-8cee-77c626caff3b",
    "color" : "#C12E1F",
    "position" : {
      "x" : 0.0,
      "y" : 4.236068,
      "z" : 5.854102
    },
    "orientation" : 2
  }, {
    "shape" : "eac01f28-087e-4ef7-a23a-c54f735a44c9",
    "color" : "#5E43B7",
    "position" : {
      "x" : 4.959675,
      "y" : 6.130495,
      "z" : 1.8944272
    },
    "orientation" : 22
  }, {
    "shape" : "8f3f9246-a8cb-46f5-bec4-8744aa13478c",
    "color" : "#5E43B7",
    "position" : {
      "x" : 0.0,
      "y" : -40.12461,
      "z" : 11.09017
    },
    "orientation" : 22
  }, {
    "shape" : "35f8d5e4-28ff-480a-a786-d2a925fe8ab5",
    "color" : "#0A2989",
    "position" : {
      "x" : -11.09017,
      "y" : 0.0,
      "z" : 17.944271
    },
    "orientation" : 6
  }, {
    "shape" : "61930039-aef0-48d0-b58c-060fad6b0a06",
    "color" : "#C12E1F",
    "position" : {
      "x" : -2.618034,
      "y" : 0.0,
      "z" : 4.236068
    },
    "orientation" : 0
  }, {
    "shape" : "b217da74-7a16-4ded-9811-f0564bb9e7e1",
    "color" : "#00AE42",
    "position" : {
      "x" : 2.118034,
      "y" : 3.427051,
      "z" : -5.545085
    },
    "orientation" : 7
  }, {
    "shape" : "db1eacde-8433-459a-ac7e-de98895217c3",
    "color" : "#0A2989",
    "position" : {
      "x" : -17.944271,
      "y" : -11.09017,
      "z" : 0.0
    },
    "orientation" : 17
  }, {
    "shape" : "50643454-5ee0-44b1-b50a-1d573a7dd038",
    "color" : "#BECF00",
    "position" : {
      "x" : 2.118034,
      "y" : 3.427051,
      "z" : -5.545085
    },
    "orientation" : 6
  }, {
    "shape" : "8603abd5-3a21-4915-bee1-f12a76ca3ed2",
    "color" : "#C12E1F",
    "position" : {
      "x" : 0.0,
      "y" : -4.236068,
      "z" : -2.618034
    },
    "orientation" : 22
  }, {
    "shape" : "a4a09e22-b958-4ffc-bdea-98c52b9ac20e",
    "color" : "#5E43B7",
    "position" : {
      "x" : -1.8944272,
      "y" : -4.959675,
      "z" : -6.130495
    },
    "orientation" : 30
  }, {
    "shape" : "db1eacde-8433-459a-ac7e-de98895217c3",
    "color" : "#0A2989",
    "position" : {
      "x" : 11.09017,
      "y" : 0.0,
      "z" : -17.944271
    },
    "orientation" : 1
  }, {
    "shape" : "db1eacde-8433-459a-ac7e-de98895217c3",
    "color" : "#0A2989",
    "position" : {
      "x" : -17.944271,
      "y" : 11.09017,
      "z" : 0.0
    },
    "orientation" : 2
  }, {
    "shape" : "33524a9c-aadd-442e-9a88-8e90f5c87825",
    "color" : "#C12E1F",
    "position" : {
      "x" : -4.236068,
      "y" : 2.618034,
      "z" : 0.0
    },
    "orientation" : 21
  }, {
    "shape" : "079f961a-56ca-4b82-96f7-a95f050fa9a4",
    "color" : "#FF6A13",
    "position" : {
      "x" : 2.118034,
      "y" : 3.427051,
      "z" : 5.545085
    },
    "orientation" : 30
  }, {
    "shape" : "2153517a-dca0-4f79-a915-2dd7d807b7f6",
    "color" : "#BECF00",
    "position" : {
      "x" : 0.0,
      "y" : -4.236068,
      "z" : 11.09017
    },
    "orientation" : 8
  }, {
    "shape" : "492c0ba1-598d-443d-9653-794ec9bf96fc",
    "color" : "#BECF00",
    "position" : {
      "x" : 5.545085,
      "y" : -2.118034,
      "z" : -3.427051
    },
    "orientation" : 7
  }, {
    "shape" : "929fcec7-67b3-477c-8ce3-4b7187e73e65",
    "color" : "#0A2989",
    "position" : {
      "x" : -11.09017,
      "y" : 0.0,
      "z" : -17.944271
    },
    "orientation" : 16
  }, {
    "shape" : "1cc2eee4-ce00-4264-a3d4-051bd757cd6c",
    "color" : "#BECF00",
    "position" : {
      "x" : 5.545085,
      "y" : -2.118034,
      "z" : 3.427051
    },
    "orientation" : 2
  }, {
    "shape" : "a7af98c8-a622-4528-9b9f-c618a8f585b0",
    "color" : "#FF6A13",
    "position" : {
      "x" : -2.118034,
      "y" : -3.427051,
      "z" : -5.545085
    },
    "orientation" : 30
  }, {
    "shape" : "894a0c4e-0a31-4486-862c-d517699763f9",
    "color" : "#FF6A13",
    "position" : {
      "x" : -5.854102,
      "y" : 0.0,
      "z" : 4.236068
    },
    "orientation" : 8
  }, {
    "shape" : "20d007c6-8dd9-4748-8d2f-662d921a288d",
    "color" : "#FF6A13",
    "position" : {
      "x" : 4.236068,
      "y" : 5.854102,
      "z" : 0.0
    },
    "orientation" : 30
  }, {
    "shape" : "e5e1336e-2726-4463-9276-11ddf76e2c67",
    "color" : "#BECF00",
    "position" : {
      "x" : 0.0,
      "y" : -4.236068,
      "z" : -11.09017
    },
    "orientation" : 30
  }, {
    "shape" : "ab5d2444-b826-4664-b7b0-2571bf016350",
