{
  "polygons" : "true",
  "field" : "golden",
  "symmetry" : "icosahedral",
  "orientations" : [ [ 1.0, 0.0, 0.0, 0.0, 0.0, 1.0, 0.0, 0.0, 0.0, 0.0, 1.0, 0.0, 0.0, 0.0, 0.0, 1.0 ], [ 0.0, 0.0, 1.0, 0.0, 1.0, 0.0, 0.0, 0.0, 0.0, 1.0, 0.0, 0.0, 0.0, 0.0, 0.0, 1.0 ], [ 0.0, 1.0, 0.0, 0.0, 0.0, 0.0, 1.0, 0.0, 1.0, 0.0, 0.0, 0.0, 0.0, 0.0, 0.0, 1.0 ], [ 0.809017, 0.309017, 0.5, 0.0, 0.309017, 0.5, -0.809017, 0.0, -0.5, 0.809017, 0.309017, 0.0, 0.0, 0.0, 0.0, 1.0 ], [ -0.5, 0.809017, 0.309017, 0.0, 0.809017, 0.309017, 0.5, 0.0, 0.309017, 0.5, -0.809017, 0.0, 0.0, 0.0, 0.0, 1.0 ], [ 0.309017, 0.5, -0.809017, 0.0, -0.5, 0.809017, 0.309017, 0.0, 0.809017, 0.309017, 0.5, 0.0, 0.0, 0.0, 0.0, 1.0 ], [ 0.5, 0.809017, 0.309017, 0.0, 0.809017, -0.309017, -0.5, 0.0, -0.309017, 0.5, -0.809017, 0.0, 0.0, 0.0, 0.0, 1.0 ], [ -0.309017, 0.5, -0.809017, 0.0, 0.5, 0.809017, 0.309017, 0.0, 0.809017, -0.309017, -0.5, 0.0, 0.0, 0.0, 0.0, 1.0 ], [ 0.809017, -0.309017, -0.5, 0.0, -0.309017, 0.5, -0.809017, 0.0, 0.5, 0.809017, 0.309017, 0.0, 0.0, 0.0, 0.0, 1.0 ], [ 0.5, 0.809017, -0.309017, 0.0, 0.809017, -0.309017, 0.5, 0.0, 0.309017, -0.5, -0.809017, 0.0, 0.0, 0.0, 0.0, 1.0 ], [ 0.309017, -0.5, -0.809017, 0.0, 0.5, 0.809017, -0.309017, 0.0, 0.809017, -0.309017, 0.5, 0.0, 0.0, 0.0, 0.0, 1.0 ], [ 0.809017, -0.309017, 0.5, 0.0, 0.309017, -0.5, -0.809017, 0.0, 0.5, 0.809017, -0.309017, 0.0, 0.0, 0.0, 0.0, 1.0 ], [ 0.809017, 0.309017, -0.5, 0.0, 0.309017, 0.5, 0.809017, 0.0, 0.5, -0.809017, 0.309017, 0.0, 0.0, 0.0, 0.0, 1.0 ], [ 0.5, -0.809017, 0.309017, 0.0, 0.809017, 0.309017, -0.5, 0.0, 0.309017, 0.5, 0.809017, 0.0, 0.0, 0.0, 0.0, 1.0 ], [ 0.309017, 0.5, 0.809017, 0.0, 0.5, -0.809017, 0.309017, 0.0, 0.809017, 0.309017, -0.5, 0.0, 0.0, 0.0, 0.0, 1.0 ], [ 1.0, 0.0, 0.0, 0.0, 0.0, -1.0, 0.0, 0.0, 0.0, 0.0, -1.0, 0.0, 0.0, 0.0, 0.0, 1.0 ], [ 0.0, 0.0, 1.0, 0.0, -1.0, 0.0, 0.0, 0.0, 0.0, -1.0, 0.0, 0.0, 0.0, 0.0, 0.0, 1.0 ], [ 0.0, 1.0, 0.0, 0.0, 0.0, 0.0, -1.0, 0.0, -1.0, 0.0, 0.0, 0.0, 0.0, 0.0, 0.0, 1.0 ], [ 0.809017, 0.309017, 0.5, 0.0, -0.309017, -0.5, 0.809017, 0.0, 0.5, -0.809017, -0.309017, 0.0, 0.0, 0.0, 0.0, 1.0 ], [ -0.5, 0.809017, 0.309017, 0.0, -0.809017, -0.309017, -0.5, 0.0, -0.309017, -0.5, 0.809017, 0.0, 0.0, 0.0, 0.0, 1.0 ], [ 0.309017, 0.5, -0.809017, 0.0, 0.5, -0.809017, -0.309017, 0.0, -0.809017, -0.309017, -0.5, 0.0, 0.0, 0.0, 0.0, 1.0 ], [ 0.5, 0.809017, 0.309017, 0.0, -0.809017, 0.309017, 0.5, 0.0, 0.309017, -0.5, 0.809017, 0.0, 0.0, 0.0, 0.0, 1.0 ], [ -0.309017, 0.5, -0.809017, 0.0, -0.5, -0.809017, -0.309017, 0.0, -0.809017, 0.309017, 0.5, 0.0, 0.0, 0.0, 0.0, 1.0 ], [ 0.809017, -0.309017, -0.5, 0.0, 0.309017, -0.5, 0.809017, 0.0, -0.5, -0.809017, -0.309017, 0.0, 0.0, 0.0, 0.0, 1.0 ], [ 0.5, 0.809017, -0.309017, 0.0, -0.809017, 0.309017, -0.5, 0.0, -0.309017, 0.5, 0.809017, 0.0, 0.0, 0.0, 0.0, 1.0 ], [ 0.309017, -0.5, -0.809017, 0.0, -0.5, -0.809017, 0.309017, 0.0, -0.809017, 0.309017, -0.5, 0.0, 0.0, 0.0, 0.0, 1.0 ], [ 0.809017, -0.309017, 0.5, 0.0, -0.309017, 0.5, 0.809017, 0.0, -0.5, -0.809017, 0.309017, 0.0, 0.0, 0.0, 0.0, 1.0 ], [ 0.809017, 0.309017, -0.5, 0.0, -0.309017, -0.5, -0.809017, 0.0, -0.5, 0.809017, -0.309017, 0.0, 0.0, 0.0, 0.0, 1.0 ], [ 0.5, -0.809017, 0.309017, 0.0, -0.809017, -0.309017, 0.5, 0.0, -0.309017, -0.5, -0.809017, 0.0, 0.0, 0.0, 0.0, 1.0 ], [ 0.309017, 0.5, 0.809017, 0.0, -0.5, 0.809017, -0.309017, 0.0, -0.809017, -0.309017, 0.5, 0.0, 0.0, 0.0, 0.0, 1.0 ], [ -1.0, 0.0, 0.0, 0.0, 0.0, -1.0, 0.0, 0.0, 0.0, 0.0, 1.0, 0.0, 0.0, 0.0, 0.0, 1.0 ], [ 0.0, 0.0, -1.0, 0.0, -1.0, 0.0, 0.0, 0.0, 0.0, 1.0, 0.0, 0.0, 0.0, 0.0, 0.0, 1.0 ], [ 0.0, -1.0, 0.0, 0.0, 0.0, 0.0, -1.0, 0.0, 1.0, 0.0, 0.0, 0.0, 0.0, 0.0, 0.0, 1.0 ], [ -0.809017, -0.309017, -0.5, 0.0, -0.309017, -0.5, 0.809017, 0.0, -0.5, 0.809017, 0.309017, 0.0, 0.0, 0.0, 0.0, 1.0 ], [ 0.5, -0.809017, -0.309017, 0.0, -0.809017, -0.309017, -0.5, 0.0, 0.309017, 0.5, -0.809017, 0.0, 0.0, 0.0, 0.0, 1.0 ], [ -0.309017, -0.5, 0.809017, 0.0, 0.5, -0.809017, -0.309017, 0.0, 0.809017, 0.309017, 0.5, 0.0, 0.0, 0.0, 0.0, 1.0 ], [ -0.5, -0.809017, -0.309017, 0.0, -0.809017, 0.309017, 0.5, 0.0, -0.309017, 0.5, -0.809017, 0.0, 0.0, 0.0, 0.0, 1.0 ], [ 0.309017, -0.5, 0.809017, 0.0, -0.5, -0.809017, -0.309017, 0.0, 0.809017, -0.309017, -0.5, 0.0, 0.0, 0.0, 0.0, 1.0 ], [ -0.809017, 0.309017, 0.5, 0.0, 0.309017, -0.5, 0.809017, 0.0, 0.5, 0.809017, 0.309017, 0.0, 0.0, 0.0, 0.0, 1.0 ], [ -0.5, -0.809017, 0.309017, 0.0, -0.809017, 0.309017, -0.5, 0.0, 0.309017, -0.5, -0.809017, 0.0, 0.0, 0.0, 0.0, 1.0 ], [ -0.309017, 0.5, 0.809017, 0.0, -0.5, -0.809017, 0.309017, 0.0, 0.809017, -0.309017, 0.5, 0.0, 0.0, 0.0, 0.0, 1.0 ], [ -0.809017, 0.309017, -0.5, 0.0, -0.309017, 0.5, 0.809017, 0.0, 0.5, 0.809017, -0.309017, 0.0, 0.0, 0.0, 0.0, 1.0 ], [ -0.809017, -0.309017, 0.5, 0.0, -0.309017, -0.5, -0.809017, 0.0, 0.5, -0.809017, 0.309017, 0.0, 0.0, 0.0, 0.0, 1.0 ], [ -0.5, 0.809017, -0.309017, 0.0, -0.809017, -0.309017, 0.5, 0.0, 0.309017, 0.5, 0.809017, 0.0, 0.0, 0.0, 0.0, 1.0 ], [ -0.309017, -0.5, -0.809017, 0.0, -0.5, 0.809017, -0.309017, 0.0, 0.809017, 0.309017, -0.5, 0.0, 0.0, 0.0, 0.0, 1.0 ], [ -1.0, 0.0, 0.0, 0.0, 0.0, 1.0, 0.0, 0.0, 0.0, 0.0, -1.0, 0.0, 0.0, 0.0, 0.0, 1.0 ], [ 0.0, 0.0, -1.0, 0.0, 1.0, 0.0, 0.0, 0.0, 0.0, -1.0, 0.0, 0.0, 0.0, 0.0, 0.0, 1.0 ], [ 0.0, -1.0, 0.0, 0.0, 0.0, 0.0, 1.0, 0.0, -1.0, 0.0, 0.0, 0.0, 0.0, 0.0, 0.0, 1.0 ], [ -0.809017, -0.309017, -0.5, 0.0, 0.309017, 0.5, -0.809017, 0.0, 0.5, -0.809017, -0.309017, 0.0, 0.0, 0.0, 0.0, 1.0 ], [ 0.5, -0.809017, -0.309017, 0.0, 0.809017, 0.309017, 0.5, 0.0, -0.309017, -0.5, 0.809017, 0.0, 0.0, 0.0, 0.0, 1.0 ], [ -0.309017, -0.5, 0.809017, 0.0, -0.5, 0.809017, 0.309017, 0.0, -0.809017, -0.309017, -0.5, 0.0, 0.0, 0.0, 0.0, 1.0 ], [ -0.5, -0.809017, -0.309017, 0.0, 0.809017, -0.309017, -0.5, 0.0, 0.309017, -0.5, 0.809017, 0.0, 0.0, 0.0, 0.0, 1.0 ], [ 0.309017, -0.5, 0.809017, 0.0, 0.5, 0.809017, 0.309017, 0.0, -0.809017, 0.309017, 0.5, 0.0, 0.0, 0.0, 0.0, 1.0 ], [ -0.809017, 0.309017, 0.5, 0.0, -0.309017, 0.5, -0.809017, 0.0, -0.5, -0.809017, -0.309017, 0.0, 0.0, 0.0, 0.0, 1.0 ], [ -0.5, -0.809017, 0.309017, 0.0, 0.809017, -0.309017, 0.5, 0.0, -0.309017, 0.5, 0.809017, 0.0, 0.0, 0.0, 0.0, 1.0 ], [ -0.309017, 0.5, 0.809017, 0.0, 0.5, 0.809017, -0.309017, 0.0, -0.809017, 0.309017, -0.5, 0.0, 0.0, 0.0, 0.0, 1.0 ], [ -0.809017, 0.309017, -0.5, 0.0, 0.309017, -0.5, -0.809017, 0.0, -0.5, -0.809017, 0.309017, 0.0, 0.0, 0.0, 0.0, 1.0 ], [ -0.809017, -0.309017, 0.5, 0.0, 0.309017, 0.5, 0.809017, 0.0, -0.5, 0.809017, -0.309017, 0.0, 0.0, 0.0, 0.0, 1.0 ], [ -0.5, 0.809017, -0.309017, 0.0, 0.809017, 0.309017, -0.5, 0.0, -0.309017, -0.5, -0.809017, 0.0, 0.0, 0.0, 0.0, 1.0 ], [ -0.309017, -0.5, -0.809017, 0.0, 0.5, -0.809017, 0.309017, 0.0, -0.809017, -0.309017, 0.5, 0.0, 0.0, 0.0, 0.0, 1.0 ] ],
  "lights" : {
    "directionalLights" : [ {
      "direction" : [ 1.0, -1.0, -1.0 ],
      "color" : "#EBEBE4"
    }, {
      "direction" : [ -1.0, 0.0, 0.0 ],
      "color" : "#E4E4EB"
    }, {
      "direction" : [ 0.0, 0.0, -1.0 ],
      "color" : "#1E1E1E"
    } ],
    "backgroundColor" : "#AFC8DC",
    "ambientColor" : "#292929"
  },
  "camera" : {
    "position" : {
      "x" : 145.00082,
      "y" : -20.287754,
      "z" : 139.34761
    },
    "nearClipDistance" : 0.505309,
    "width" : 90.9556,
    "perspective" : true,
    "fieldOfView" : 0.44262877,
    "viewDistance" : 202.12361,
    "lookAtPointRV" : {
      "x" : 0.0,
      "y" : 0.0,
      "z" : 0.0,
      "zero" : true
    },
    "upDirectionRV" : {
      "x" : -0.26524103,
      "y" : -0.954401,
      "z" : 0.13704261,
      "zero" : false
    },
    "lookDirectionRV" : {
      "x" : -0.71738684,
      "y" : 0.10037301,
      "z" : -0.6894178,
      "zero" : false
    },
    "lookAtPoint" : {
      "x" : 0.0,
      "y" : 0.0,
      "z" : 0.0
    },
    "lookDirection" : {
      "x" : -0.71738684,
      "y" : 0.10037301,
      "z" : -0.6894178
    },
    "upDirection" : {
      "x" : -0.26524103,
      "y" : -0.954401,
      "z" : 0.13704261
    },
    "stereo" : false,
    "farClipDistance" : 404.24713
  },
  "embedding" : [ 1.0, 0.0, 0.0, 0.0, 0.0, 1.0, 0.0, 0.0, 0.0, 0.0, 1.0, 0.0, 0.0, 0.0, 0.0, 1.0 ],
  "shapes" : [ {
    "id" : "24e4d1f4-f942-494d-b7d7-dbb877ee0d24",
    "name" : "ball",
    "vertices" : [ {
      "x" : 0.309017,
      "y" : -0.809017,
      "z" : 0.618034
    }, {
      "x" : 0.809017,
      "y" : -0.618034,
      "z" : 0.309017
    }, {
      "x" : 0.618034,
      "y" : -0.309017,
      "z" : 0.809017
    }, {
      "x" : 1.0,
      "y" : 0.309017,
      "z" : 0.19098301
    }, {
      "x" : 0.809017,
      "y" : 0.618034,
      "z" : 0.309017
    }, {
      "x" : 0.618034,
      "y" : 0.309017,
      "z" : 0.809017
    }, {
      "x" : 0.809017,
      "y" : 0.0,
      "z" : 0.690983
    }, {
      "x" : 0.19098301,
      "y" : -1.0,
      "z" : 0.309017
    }, {
      "x" : -0.19098301,
      "y" : -1.0,
      "z" : 0.309017
    }, {
      "x" : -0.19098301,
      "y" : -1.0,
      "z" : -0.309017
    }, {
      "x" : 0.19098301,
      "y" : -1.0,
      "z" : -0.309017
    }, {
      "x" : 1.0,
      "y" : -0.309017,
      "z" : -0.19098301
    }, {
      "x" : 0.809017,
      "y" : -0.618034,
      "z" : -0.309017
    }, {
      "x" : 0.618034,
      "y" : -0.309017,
      "z" : -0.809017
    }, {
      "x" : 0.809017,
      "y" : 0.0,
      "z" : -0.690983
    }, {
      "x" : 0.0,
      "y" : 0.690983,
      "z" : -0.809017
    }, {
      "x" : 0.309017,
      "y" : 0.809017,
      "z" : -0.618034
    }, {
      "x" : 0.618034,
      "y" : 0.309017,
      "z" : -0.809017
    }, {
      "x" : 0.309017,
      "y" : 0.19098301,
      "z" : -1.0
    }, {
      "x" : 1.0,
      "y" : 0.309017,
      "z" : -0.19098301
    }, {
      "x" : -0.309017,
      "y" : -0.809017,
      "z" : 0.618034
    }, {
      "x" : 0.0,
      "y" : -0.690983,
      "z" : 0.809017
    }, {
      "x" : 0.809017,
      "y" : 0.618034,
      "z" : -0.309017
    }, {
      "x" : 0.690983,
      "y" : 0.809017,
      "z" : 0.0
    }, {
      "x" : -0.690983,
      "y" : 0.809017,
      "z" : 0.0
    }, {
      "x" : -0.809017,
      "y" : 0.618034,
      "z" : 0.309017
    }, {
      "x" : -0.309017,
      "y" : 0.809017,
      "z" : 0.618034
    }, {
      "x" : -0.19098301,
      "y" : 1.0,
      "z" : 0.309017
    }, {
      "x" : 0.309017,
      "y" : -0.19098301,
      "z" : -1.0
    }, {
      "x" : 0.19098301,
      "y" : 1.0,
      "z" : 0.309017
    }, {
      "x" : 0.309017,
      "y" : 0.809017,
      "z" : 0.618034
    }, {
      "x" : -0.809017,
      "y" : -0.618034,
      "z" : 0.309017
    }, {
      "x" : -0.690983,
      "y" : -0.809017,
      "z" : 0.0
    }, {
      "x" : 0.0,
      "y" : 0.690983,
      "z" : 0.809017
    }, {
      "x" : 0.309017,
      "y" : -0.809017,
      "z" : -0.618034
    }, {
      "x" : 0.0,
      "y" : -0.690983,
      "z" : -0.809017
    }, {
      "x" : -1.0,
      "y" : 0.309017,
      "z" : 0.19098301
    }, {
      "x" : -0.809017,
      "y" : 0.0,
      "z" : 0.690983
    }, {
      "x" : -0.618034,
      "y" : 0.309017,
      "z" : 0.809017
    }, {
      "x" : 1.0,
      "y" : -0.309017,
      "z" : 0.19098301
    }, {
      "x" : -0.309017,
      "y" : -0.809017,
      "z" : -0.618034
    }, {
      "x" : -1.0,
      "y" : 0.309017,
      "z" : -0.19098301
    }, {
      "x" : -1.0,
      "y" : -0.309017,
      "z" : -0.19098301
    }, {
      "x" : -1.0,
      "y" : -0.309017,
      "z" : 0.19098301
    }, {
      "x" : 0.19098301,
      "y" : 1.0,
      "z" : -0.309017
    }, {
      "x" : -0.809017,
      "y" : 0.618034,
      "z" : -0.309017
    }, {
      "x" : -0.19098301,
      "y" : 1.0,
      "z" : -0.309017
    }, {
      "x" : -0.309017,
      "y" : 0.809017,
      "z" : -0.618034
    }, {
      "x" : -0.618034,
      "y" : -0.309017,
      "z" : 0.809017
    }, {
      "x" : 0.309017,
      "y" : 0.19098301,
      "z" : 1.0
    }, {
      "x" : -0.309017,
      "y" : 0.19098301,
      "z" : -1.0
    }, {
      "x" : -0.309017,
      "y" : 0.19098301,
      "z" : 1.0
    }, {
      "x" : -0.309017,
      "y" : -0.19098301,
      "z" : 1.0
    }, {
      "x" : 0.309017,
      "y" : -0.19098301,
      "z" : 1.0
    }, {
      "x" : 0.690983,
      "y" : -0.809017,
      "z" : 0.0
    }, {
      "x" : -0.809017,
      "y" : 0.0,
      "z" : -0.690983
    }, {
      "x" : -0.618034,
      "y" : -0.309017,
      "z" : -0.809017
    }, {
      "x" : -0.309017,
      "y" : -0.19098301,
      "z" : -1.0
    }, {
      "x" : -0.618034,
      "y" : 0.309017,
      "z" : -0.809017
    }, {
      "x" : -0.809017,
      "y" : -0.618034,
      "z" : -0.309017
    } ],
    "faces" : [ {
      "vertices" : [ 9, 40, 35, 34, 10 ]
    }, {
      "vertices" : [ 0, 1, 2 ]
    }, {
      "vertices" : [ 33, 51, 49 ]
    }, {
      "vertices" : [ 25, 36, 37, 38 ]
    }, {
      "vertices" : [ 41, 55, 42 ]
    }, {
      "vertices" : [ 9, 32, 59, 40 ]
    }, {
      "vertices" : [ 20, 21, 52, 48 ]
    }, {
      "vertices" : [ 26, 33, 30, 29, 27 ]
    }, {
      "vertices" : [ 3, 4, 5, 6 ]
    }, {
      "vertices" : [ 27, 29, 44, 46 ]
    }, {
      "vertices" : [ 50, 57, 56, 55, 58 ]
    }, {
      "vertices" : [ 26, 38, 51, 33 ]
    }, {
      "vertices" : [ 45, 47, 58 ]
    }, {
      "vertices" : [ 18, 28, 57, 50 ]
    }, {
      "vertices" : [ 40, 59, 56 ]
    }, {
      "vertices" : [ 31, 48, 37, 43 ]
    }, {
      "vertices" : [ 7, 8, 9, 10 ]
    }, {
      "vertices" : [ 36, 41, 42, 43 ]
    }, {
      "vertices" : [ 24, 46, 47, 45 ]
    }, {
      "vertices" : [ 4, 30, 5 ]
    }, {
      "vertices" : [ 15, 47, 46, 44, 16 ]
    }, {
      "vertices" : [ 15, 50, 58, 47 ]
    }, {
      "vertices" : [ 24, 45, 41, 36, 25 ]
    }, {
      "vertices" : [ 11, 14, 19 ]
    }, {
      "vertices" : [ 3, 6, 39 ]
    }, {
      "vertices" : [ 1, 39, 6, 2 ]
    }, {
      "vertices" : [ 8, 32, 9 ]
    }, {
      "vertices" : [ 11, 12, 13, 14 ]
    }, {
      "vertices" : [ 16, 22, 17 ]
    }, {
      "vertices" : [ 0, 21, 20, 8, 7 ]
    }, {
      "vertices" : [ 12, 34, 13 ]
    }, {
      "vertices" : [ 35, 40, 56, 57 ]
    }, {
      "vertices" : [ 0, 7, 54, 1 ]
    }, {
      "vertices" : [ 15, 16, 17, 18 ]
    }, {
      "vertices" : [ 3, 19, 22, 23, 4 ]
    }, {
      "vertices" : [ 7, 10, 54 ]
    }, {
      "vertices" : [ 41, 45, 58, 55 ]
    }, {
      "vertices" : [ 3, 39, 11, 19 ]
    }, {
      "vertices" : [ 14, 17, 22, 19 ]
    }, {
      "vertices" : [ 0, 2, 53, 21 ]
    }, {
      "vertices" : [ 49, 51, 52, 53 ]
    }, {
      "vertices" : [ 31, 43, 42, 59, 32 ]
    }, {
      "vertices" : [ 15, 18, 50 ]
    }, {
      "vertices" : [ 42, 55, 56, 59 ]
    }, {
      "vertices" : [ 4, 23, 29, 30 ]
    }, {
      "vertices" : [ 25, 38, 26 ]
    }, {
      "vertices" : [ 13, 28, 18, 17, 14 ]
    }, {
      "vertices" : [ 8, 20, 31, 32 ]
    }, {
      "vertices" : [ 23, 44, 29 ]
    }, {
      "vertices" : [ 24, 27, 46 ]
    }, {
      "vertices" : [ 37, 48, 52, 51, 38 ]
    }, {
      "vertices" : [ 20, 48, 31 ]
    }, {
      "vertices" : [ 24, 25, 26, 27 ]
    }, {
      "vertices" : [ 16, 44, 23, 22 ]
    }, {
      "vertices" : [ 13, 34, 35, 28 ]
    }, {
      "vertices" : [ 10, 34, 12, 54 ]
    }, {
      "vertices" : [ 2, 6, 5, 49, 53 ]
    }, {
      "vertices" : [ 36, 43, 37 ]
    }, {
      "vertices" : [ 5, 30, 33, 49 ]
    }, {
      "vertices" : [ 1, 54, 12, 11, 39 ]
    }, {
      "vertices" : [ 28, 35, 57 ]
    }, {
      "vertices" : [ 21, 53, 52 ]
    } ]
  }, {
    "id" : "5d69ff66-d635-4421-ba56-0c28569d6cc1",
    "orbit" : "yellow",
    "orbitC" : "[[0,0,1],[2,-1,1]]",
    "length" : "[1,1,1]",
    "name" : "y3",
    "vertices" : [ {
      "x" : 0.809017,
      "y" : 0.0,
      "z" : -0.690983
    }, {
      "x" : 1.0,
      "y" : 0.309017,
      "z" : -0.19098301
    }, {
      "x" : 8.163119,
      "y" : 0.309017,
      "z" : -2.927051
    }, {
      "x" : 7.972136,
      "y" : 0.0,
      "z" : -3.427051
    }, {
      "x" : 16.944271,
      "y" : 0.309017,
      "z" : -6.663119
    }, {
      "x" : 1.0,
      "y" : -0.309017,
      "z" : -0.19098301
    }, {
      "x" : 8.163119,
      "y" : -0.309017,
      "z" : -2.927051
    }, {
      "x" : 9.781153,
      "y" : 0.309017,
      "z" : -3.927051
    }, {
      "x" : 9.972136,
      "y" : 0.0,
      "z" : -3.427051
    }, {
      "x" : 17.944271,
      "y" : 0.0,
      "z" : -6.854102
    }, {
      "x" : 9.781153,
      "y" : -0.309017,
      "z" : -3.927051
    }, {
      "x" : 17.135256,
      "y" : 0.0,
      "z" : -6.163119
    }, {
      "x" : 16.944271,
      "y" : -0.309017,
      "z" : -6.663119
    } ],
    "faces" : [ {
      "vertices" : [ 2, 6, 8 ]
    }, {
      "vertices" : [ 4, 12, 10, 7 ]
    }, {
      "vertices" : [ 2, 8, 7 ]
    }, {
      "vertices" : [ 3, 10, 6 ]
    }, {
      "vertices" : [ 3, 7, 10 ]
    }, {
      "vertices" : [ 0, 1, 2, 3 ]
    }, {
      "vertices" : [ 6, 10, 8 ]
    }, {
      "vertices" : [ 8, 10, 12, 11 ]
    }, {
      "vertices" : [ 2, 7, 3 ]
    }, {
      "vertices" : [ 0, 3, 6, 5 ]
    }, {
      "vertices" : [ 1, 5, 6, 2 ]
    }, {
      "vertices" : [ 4, 7, 8, 11 ]
    } ]
  }, {
    "id" : "04f3be01-1fa5-439f-8d8c-a91f80c34b88",
    "orbit" : "purple",
    "orbitC" : "[[2,-1,1],[0,0,1]]",
    "length" : "[8578,0,7429]",
    "name" : " :8578/7429",
    "vertices" : [ {
      "x" : 0.690983,
      "y" : 0.809017,
      "z" : 0.0
    }, {
      "x" : 0.809017,
      "y" : 0.618034,
      "z" : -0.309017
    }, {
      "x" : 0.809017,
      "y" : 0.618034,
      "z" : 0.309017
    }, {
      "x" : 1.0,
      "y" : 0.309017,
      "z" : -0.19098301
    }, {
      "x" : 1.0,
      "y" : 0.309017,
      "z" : 0.19098301
    }, {
      "x" : 1.618034,
      "y" : 0.42705098,
      "z" : -0.309017
    }, {
      "x" : 1.618034,
      "y" : 0.42705098,
      "z" : 0.309017
    }, {
      "x" : 1.618034,
      "y" : 0.809017,
      "z" : -0.309017
    }, {
      "x" : 1.618034,
      "y" : 0.809017,
      "z" : 0.309017
    }, {
      "x" : 6.2961516,
      "y" : 2.213933,
      "z" : -0.309017
    }, {
      "x" : 6.2961516,
      "y" : 2.213933,
      "z" : 0.309017
    }, {
      "x" : 6.2961516,
      "y" : 2.595899,
      "z" : -0.309017
    }, {
      "x" : 6.2961516,
      "y" : 2.595899,
      "z" : 0.309017
    }, {
      "x" : 6.914186,
      "y" : 2.713933,
      "z" : -0.19098301
    }, {
      "x" : 6.914186,
      "y" : 2.713933,
      "z" : 0.19098301
    }, {
      "x" : 7.105169,
      "y" : 2.404916,
      "z" : -0.309017
    }, {
      "x" : 7.105169,
      "y" : 2.404916,
      "z" : 0.309017
    }, {
      "x" : 7.2232027,
      "y" : 2.213933,
      "z" : 0.0
    }, {
      "x" : 7.914186,
      "y" : 3.02295,
      "z" : 0.0
    } ],
    "faces" : [ {
      "vertices" : [ 5, 7, 11, 9 ]
    }, {
      "vertices" : [ 9, 11, 15 ]
    }, {
      "vertices" : [ 9, 17, 10 ]
    }, {
      "vertices" : [ 6, 10, 12, 8 ]
    }, {
      "vertices" : [ 10, 16, 12 ]
    }, {
      "vertices" : [ 7, 8, 12, 11 ]
    }, {
      "vertices" : [ 11, 13, 15 ]
    }, {
      "vertices" : [ 0, 7, 1 ]
    }, {
      "vertices" : [ 1, 5, 3 ]
    }, {
      "vertices" : [ 9, 15, 17 ]
    }, {
      "vertices" : [ 0, 2, 8 ]
    }, {
      "vertices" : [ 12, 16, 14 ]
    }, {
      "vertices" : [ 0, 1, 3, 4, 2 ]
    }, {
      "vertices" : [ 10, 17, 16 ]
    }, {
      "vertices" : [ 13, 14, 16, 17, 15 ]
    }, {
      "vertices" : [ 2, 4, 6 ]
    }, {
      "vertices" : [ 1, 7, 5 ]
    }, {
      "vertices" : [ 0, 8, 7 ]
    }, {
      "vertices" : [ 2, 6, 8 ]
    }, {
      "vertices" : [ 3, 5, 6, 4 ]
    }, {
      "vertices" : [ 11, 12, 14, 13 ]
    }, {
      "vertices" : [ 5, 9, 10, 6 ]
    } ]
  }, {
    "id" : "0e82bdd5-4a6c-44fa-93f8-0b95a5b9d636",
    "orbit" : "blue",
    "orbitC" : "[[0,0,1],[0,0,1]]",
    "length" : "[1,0,1]",
    "name" : "b1",
    "vertices" : [ {
      "x" : 7.472136,
      "y" : 0.309017,
      "z" : 0.19098301
    }, {
      "x" : 7.472136,
      "y" : 0.309017,
      "z" : -0.19098301
    }, {
      "x" : 1.0,
      "y" : 0.309017,
      "z" : -0.19098301
    }, {
      "x" : 1.0,
      "y" : 0.309017,
      "z" : 0.19098301
    }, {
      "x" : 7.472136,
      "y" : -0.309017,
      "z" : 0.19098301
    }, {
      "x" : 1.0,
      "y" : -0.309017,
      "z" : 0.19098301
    }, {
      "x" : 1.0,
      "y" : -0.309017,
      "z" : -0.19098301
    }, {
      "x" : 7.472136,
      "y" : -0.309017,
      "z" : -0.19098301
    }, {
      "x" : 8.472136,
      "y" : 0.0,
      "z" : 0.0
    } ],
    "faces" : [ {
      "vertices" : [ 1, 7, 6, 2 ]
    }, {
      "vertices" : [ 0, 1, 2, 3 ]
    }, {
      "vertices" : [ 4, 5, 6, 7 ]
    }, {
      "vertices" : [ 0, 3, 5, 4 ]
    } ]
  }, {
    "id" : "5d45730c-83a1-40c2-8ac3-1b2d7294a1e2",
    "orbit" : "yellow",
    "orbitC" : "[[0,0,1],[2,-1,1]]",
    "length" : "[1,0,1]",
    "name" : "y1",
    "vertices" : [ {
      "x" : 0.809017,
      "y" : 0.0,
      "z" : -0.690983
    }, {
      "x" : 1.0,
      "y" : 0.309017,
      "z" : -0.19098301
    }, {
      "x" : 2.618034,
      "y" : 0.309017,
      "z" : -0.809017
    }, {
      "x" : 2.427051,
      "y" : 0.0,
      "z" : -1.309017
    }, {
      "x" : 5.854102,
      "y" : 0.309017,
      "z" : -2.427051
    }, {
      "x" : 1.0,
      "y" : -0.309017,
      "z" : -0.19098301
    }, {
      "x" : 2.618034,
      "y" : -0.309017,
      "z" : -0.809017
    }, {
      "x" : 4.236068,
      "y" : 0.309017,
      "z" : -1.809017
    }, {
      "x" : 4.427051,
      "y" : 0.0,
      "z" : -1.309017
    }, {
      "x" : 6.854102,
      "y" : 0.0,
      "z" : -2.618034
    }, {
      "x" : 4.236068,
      "y" : -0.309017,
      "z" : -1.809017
    }, {
      "x" : 6.045085,
      "y" : 0.0,
      "z" : -1.927051
    }, {
      "x" : 5.854102,
      "y" : -0.309017,
      "z" : -2.427051
    } ],
    "faces" : [ {
      "vertices" : [ 2, 6, 8 ]
    }, {
      "vertices" : [ 4, 12, 10, 7 ]
    }, {
      "vertices" : [ 2, 8, 7 ]
    }, {
      "vertices" : [ 3, 10, 6 ]
    }, {
      "vertices" : [ 3, 7, 10 ]
    }, {
      "vertices" : [ 0, 1, 2, 3 ]
    }, {
      "vertices" : [ 6, 10, 8 ]
    }, {
      "vertices" : [ 8, 10, 12, 11 ]
    }, {
      "vertices" : [ 2, 7, 3 ]
    }, {
      "vertices" : [ 0, 3, 6, 5 ]
    }, {
      "vertices" : [ 1, 5, 6, 2 ]
    }, {
      "vertices" : [ 4, 7, 8, 11 ]
    } ]
  } ],
  "instances" : [ {
    "shape" : "24e4d1f4-f942-494d-b7d7-dbb877ee0d24",
    "color" : "#FF0000",
    "position" : {
      "x" : 7.384144,
      "y" : 7.460661,
      "z" : -2.445618
    }
  }, {
    "shape" : "5d69ff66-d635-4421-ba56-0c28569d6cc1",
    "color" : "#FF0000",
    "position" : {
      "x" : -7.384144,
      "y" : -7.460661,
      "z" : -2.445618
    },
    "orientation" : 6
  }, {
    "shape" : "24e4d1f4-f942-494d-b7d7-dbb877ee0d24",
    "color" : "#0000FF",
    "position" : {
      "x" : -1.5879921,
      "y" : -7.05656,
      "z" : 7.990703
    }
  }, {
    "shape" : "24e4d1f4-f942-494d-b7d7-dbb877ee0d24",
    "color" : "#00FFFF",
    "position" : {
      "x" : 8.972136,
      "y" : 4.891236,
      "z" : 3.427051
    }
  }, {
    "shape" : "24e4d1f4-f942-494d-b7d7-dbb877ee0d24",
    "color" : "#FFFF00",
    "position" : {
      "x" : -4.891236,
      "y" : 3.427051,
      "z" : -8.972136
    }
  }, {
    "shape" : "04f3be01-1fa5-439f-8d8c-a91f80c34b88",
    "color" : "#000000",
    "position" : {
      "x" : 7.05656,
      "y" : 7.990703,
      "z" : 1.5879921
    },
    "orientation" : 37
  }, {
    "shape" : "5d69ff66-d635-4421-ba56-0c28569d6cc1",
    "color" : "#FFFF00",
    "position" : {
      "x" : 2.445618,
      "y" : 0.53004193,
      "z" : 10.483611
    },
    "orientation" : 17
  }, {
    "shape" : "5d69ff66-d635-4421-ba56-0c28569d6cc1",
    "color" : "#8000FF",
    "position" : {
      "x" : -0.53004193,
      "y" : -10.483611,
      "z" : 2.445618
    },
    "orientation" : 1
  }, {
    "shape" : "04f3be01-1fa5-439f-8d8c-a91f80c34b88",
    "color" : "#FF0000",
    "position" : {
      "x" : 0.53004193,
      "y" : -10.483611,
      "z" : -2.445618
    },
    "orientation" : 45
  }, {
    "shape" : "04f3be01-1fa5-439f-8d8c-a91f80c34b88",
    "color" : "#FF0000",
    "position" : {
      "x" : 3.427051,
      "y" : 8.972136,
      "z" : 4.891236
    },
    "orientation" : 59
  }, {
    "shape" : "04f3be01-1fa5-439f-8d8c-a91f80c34b88",
    "color" : "#00FFFF",
    "position" : {
      "x" : -10.483611,
      "y" : -2.445618,
      "z" : 0.53004193
    },
    "orientation" : 17
  }, {
    "shape" : "04f3be01-1fa5-439f-8d8c-a91f80c34b88",
    "color" : "#FF0000",
    "position" : {
      "x" : -0.53004193,
      "y" : 10.483611,
      "z" : -2.445618
    },
    "orientation" : 15
  }, {
    "shape" : "04f3be01-1fa5-439f-8d8c-a91f80c34b88",
    "color" : "#00FFFF",
    "position" : {
      "x" : -7.460661,
      "y" : -2.445618,
      "z" : -7.384144
    },
    "orientation" : 4
  }, {
    "shape" : "04f3be01-1fa5-439f-8d8c-a91f80c34b88",
    "color" : "#FFFFFF",
    "position" : {
      "x" : 8.972136,
      "y" : -4.891236,
      "z" : -3.427051
    },
    "orientation" : 13
  }, {
    "shape" : "5d69ff66-d635-4421-ba56-0c28569d6cc1",
    "color" : "#FFFFFF",
    "position" : {
      "x" : 7.460661,
      "y" : 2.445618,
      "z" : -7.384144
    },
    "orientation" : 38
  }, {
    "shape" : "04f3be01-1fa5-439f-8d8c-a91f80c34b88",
    "color" : "#000000",
    "position" : {
      "x" : 1.5879921,
      "y" : 7.05656,
      "z" : 7.990703
    },
    "orientation" : 23
  }, {
    "shape" : "5d69ff66-d635-4421-ba56-0c28569d6cc1",
    "color" : "#FF0000",
    "position" : {
      "x" : 3.427051,
      "y" : 8.972136,
      "z" : 4.891236
    },
    "orientation" : 16
  }, {
    "shape" : "04f3be01-1fa5-439f-8d8c-a91f80c34b88",
    "color" : "#FFA000",
    "position" : {
      "x" : -4.03361,
      "y" : 3.099467,
      "z" : 9.502178
    },
    "orientation" : 56
  }, {
    "shape" : "24e4d1f4-f942-494d-b7d7-dbb877ee0d24",
    "color" : "#FFA000",
    "position" : {
      "x" : 7.990703,
      "y" : -1.5879921,
      "z" : -7.05656
    }
  }, {
    "shape" : "24e4d1f4-f942-494d-b7d7-dbb877ee0d24",
    "color" : "#00FFFF",
    "position" : {
      "x" : 10.483611,
      "y" : -2.445618,
      "z" : -0.53004193
    }
  }, {
    "shape" : "04f3be01-1fa5-439f-8d8c-a91f80c34b88",
    "color" : "#808080",
    "position" : {
      "x" : -1.5879921,
      "y" : 7.05656,
      "z" : -7.990703
    },
    "orientation" : 38
  }, {
    "shape" : "04f3be01-1fa5-439f-8d8c-a91f80c34b88",
    "color" : "#8000FF",
    "position" : {
      "x" : -0.53004193,
      "y" : -10.483611,
      "z" : 2.445618
    },
    "orientation" : 0
  }, {
    "shape" : "04f3be01-1fa5-439f-8d8c-a91f80c34b88",
    "color" : "#FF0000",
    "position" : {
      "x" : 7.384144,
      "y" : 7.460661,
      "z" : -2.445618
    },
    "orientation" : 35
  }, {
    "shape" : "24e4d1f4-f942-494d-b7d7-dbb877ee0d24",
    "color" : "#000000",
    "position" : {
      "x" : 7.990703,
      "y" : 1.5879921,
      "z" : 7.05656
    }
  }, {
    "shape" : "5d69ff66-d635-4421-ba56-0c28569d6cc1",
    "color" : "#00FFFF",
    "position" : {
      "x" : 10.483611,
      "y" : -2.445618,
      "z" : -0.53004193
    },
    "orientation" : 30
  }, {
    "shape" : "24e4d1f4-f942-494d-b7d7-dbb877ee0d24",
    "color" : "#00FF00",
    "position" : {
      "x" : -2.445618,
      "y" : -7.384144,
      "z" : -7.460661
    }
  }, {
    "shape" : "24e4d1f4-f942-494d-b7d7-dbb877ee0d24",
    "color" : "#FFFFFF",
    "position" : {
      "x" : 7.460661,
      "y" : 2.445618,
      "z" : -7.384144
    }
  }, {
    "shape" : "24e4d1f4-f942-494d-b7d7-dbb877ee0d24",
    "color" : "#00FFFF",
    "position" : {
      "x" : -8.972136,
      "y" : 4.891236,
      "z" : -3.427051
    }
  }, {
    "shape" : "24e4d1f4-f942-494d-b7d7-dbb877ee0d24",
    "color" : "#FFFF00",
    "position" : {
      "x" : 2.445618,
      "y" : -0.53004193,
      "z" : -10.483611
    }
  }, {
    "shape" : "24e4d1f4-f942-494d-b7d7-dbb877ee0d24",
    "color" : "#FFFF00",
    "position" : {
      "x" : 2.445618,
      "y" : -7.384144,
      "z" : 7.460661
    }
  }, {
    "shape" : "04f3be01-1fa5-439f-8d8c-a91f80c34b88",
    "color" : "#808080",
    "position" : {
      "x" : 9.502178,
      "y" : -4.03361,
      "z" : 3.099467
    },
    "orientation" : 39
  }, {
    "shape" : "04f3be01-1fa5-439f-8d8c-a91f80c34b88",
    "color" : "#00FF00",
    "position" : {
      "x" : 4.891236,
      "y" : -3.427051,
      "z" : -8.972136
    },
    "orientation" : 57
  }, {
    "shape" : "5d69ff66-d635-4421-ba56-0c28569d6cc1",
    "color" : "#8000FF",
    "position" : {
      "x" : 0.53004193,
      "y" : 10.483611,
      "z" : 2.445618
    },
    "orientation" : 21
  }, {
    "shape" : "5d69ff66-d635-4421-ba56-0c28569d6cc1",
    "color" : "#808080",
    "position" : {
      "x" : 9.502178,
      "y" : -4.03361,
      "z" : 3.099467
    },
    "orientation" : 54
  }, {
    "shape" : "04f3be01-1fa5-439f-8d8c-a91f80c34b88",
    "color" : "#8000FF",
    "position" : {
      "x" : -3.427051,
      "y" : 8.972136,
      "z" : -4.891236
    },
    "orientation" : 14
  }, {
    "shape" : "04f3be01-1fa5-439f-8d8c-a91f80c34b88",
    "color" : "#808080",
    "position" : {
      "x" : -7.990703,
      "y" : 1.5879921,
      "z" : -7.05656
    },
    "orientation" : 6
  }, {
    "shape" : "04f3be01-1fa5-439f-8d8c-a91f80c34b88",
    "color" : "#00FFFF",
    "position" : {
      "x" : 8.972136,
      "y" : 4.891236,
      "z" : 3.427051
    },
    "orientation" : 28
  }, {
    "shape" : "5d69ff66-d635-4421-ba56-0c28569d6cc1",
    "color" : "#8000FF",
    "position" : {
      "x" : 3.427051,
      "y" : -8.972136,
      "z" : -4.891236
    },
    "orientation" : 1
  }, {
    "shape" : "24e4d1f4-f942-494d-b7d7-dbb877ee0d24",
    "color" : "#00FF00",
    "position" : {
      "x" : 4.891236,
      "y" : -3.427051,
      "z" : -8.972136
    }
  }, {
    "shape" : "5d69ff66-d635-4421-ba56-0c28569d6cc1",
    "color" : "#FFFFFF",
    "position" : {
      "x" : 8.972136,
      "y" : -4.891236,
      "z" : -3.427051
    },
    "orientation" : 38
  }, {
    "shape" : "24e4d1f4-f942-494d-b7d7-dbb877ee0d24",
    "color" : "#00FF00",
    "position" : {
      "x" : -2.445618,
      "y" : 0.53004193,
      "z" : -10.483611
    }
  }, {
    "shape" : "04f3be01-1fa5-439f-8d8c-a91f80c34b88",
    "color" : "#808080",
    "position" : {
      "x" : 4.03361,
      "y" : -3.099467,
      "z" : 9.502178
    },
    "orientation" : 26
  }, {
    "shape" : "5d69ff66-d635-4421-ba56-0c28569d6cc1",
    "color" : "#FF0000",
    "position" : {
      "x" : 7.384144,
      "y" : 7.460661,
      "z" : -2.445618
    },
    "orientation" : 16
  }, {
    "shape" : "04f3be01-1fa5-439f-8d8c-a91f80c34b88",
    "color" : "#FFFF00",
    "position" : {
      "x" : 2.445618,
      "y" : 0.53004193,
      "z" : 10.483611
    },
    "orientation" : 16
  }, {
    "shape" : "5d69ff66-d635-4421-ba56-0c28569d6cc1",
    "color" : "#0000FF",
    "position" : {
      "x" : 4.03361,
      "y" : 3.099467,
      "z" : -9.502178
    },
    "orientation" : 39
  }, {
    "shape" : "04f3be01-1fa5-439f-8d8c-a91f80c34b88",
    "color" : "#8000FF",
    "position" : {
      "x" : 7.384144,
      "y" : -7.460661,
      "z" : 2.445618
    },
    "orientation" : 50
  }, {
    "shape" : "04f3be01-1fa5-439f-8d8c-a91f80c34b88",
    "color" : "#FFA000",
    "position" : {
      "x" : 7.05656,
      "y" : -7.990703,
      "z" : -1.5879921
    },
    "orientation" : 52
  }, {
    "shape" : "24e4d1f4-f942-494d-b7d7-dbb877ee0d24",
    "color" : "#FFFFFF",
    "position" : {
      "x" : 8.972136,
      "y" : -4.891236,
      "z" : -3.427051
    }
  }, {
    "shape" : "04f3be01-1fa5-439f-8d8c-a91f80c34b88",
    "color" : "#FF0000",
    "position" : {
      "x" : -7.384144,
      "y" : -7.460661,
      "z" : -2.445618
    },
    "orientation" : 5
  }, {
    "shape" : "24e4d1f4-f942-494d-b7d7-dbb877ee0d24",
    "color" : "#FF0000",
    "position" : {
      "x" : -3.427051,
      "y" : -8.972136,
      "z" : 4.891236
    }
  }, {
    "shape" : "24e4d1f4-f942-494d-b7d7-dbb877ee0d24",
    "color" : "#FF0000",
    "position" : {
      "x" : -7.384144,
      "y" : -7.460661,
      "z" : -2.445618
    }
  }, {
    "shape" : "5d69ff66-d635-4421-ba56-0c28569d6cc1",
    "color" : "#00FF00",
    "position" : {
      "x" : -2.445618,
      "y" : -7.384144,
      "z" : -7.460661
    },
    "orientation" : 7
  }, {
    "shape" : "04f3be01-1fa5-439f-8d8c-a91f80c34b88",
    "color" : "#0000FF",
    "position" : {
      "x" : -7.990703,
      "y" : -1.5879921,
      "z" : 7.05656
    },
    "orientation" : 21
  }, {
    "shape" : "04f3be01-1fa5-439f-8d8c-a91f80c34b88",
    "color" : "#00FF00",
    "position" : {
      "x" : -2.445618,
      "y" : -0.53004193,
      "z" : 10.483611
    },
    "orientation" : 46
  }, {
    "shape" : "04f3be01-1fa5-439f-8d8c-a91f80c34b88",
    "color" : "#0000FF",
    "position" : {
      "x" : -7.05656,
      "y" : -7.990703,
      "z" : 1.5879921
    },
    "orientation" : 7
  }, {
    "shape" : "24e4d1f4-f942-494d-b7d7-dbb877ee0d24",
    "color" : "#FF0000",
    "position" : {
      "x" : 0.53004193,
      "y" : -10.483611,
      "z" : -2.445618
    }
  }, {
    "shape" : "5d69ff66-d635-4421-ba56-0c28569d6cc1",
    "color" : "#FFFF00",
    "position" : {
      "x" : 2.445618,
      "y" : -0.53004193,
      "z" : -10.483611
    },
    "orientation" : 2
  }, {
    "shape" : "04f3be01-1fa5-439f-8d8c-a91f80c34b88",
    "color" : "#0000FF",
    "position" : {
      "x" : 4.03361,
      "y" : 3.099467,
      "z" : -9.502178
    },
    "orientation" : 11
  }, {
    "shape" : "5d69ff66-d635-4421-ba56-0c28569d6cc1",
    "color" : "#FFA000",
    "position" : {
      "x" : 7.05656,
      "y" : -7.990703,
      "z" : -1.5879921
    },
    "orientation" : 4
  }, {
    "shape" : "5d69ff66-d635-4421-ba56-0c28569d6cc1",
    "color" : "#00FF00",
    "position" : {
      "x" : 4.891236,
      "y" : 3.427051,
      "z" : 8.972136
    },
    "orientation" : 22
  }, {
    "shape" : "04f3be01-1fa5-439f-8d8c-a91f80c34b88",
    "color" : "#00FFFF",
    "position" : {
      "x" : -8.972136,
      "y" : 4.891236,
      "z" : -3.427051
    },
    "orientation" : 43
  }, {
    "shape" : "04f3be01-1fa5-439f-8d8c-a91f80c34b88",
    "color" : "#FFFF00",
    "position" : {
      "x" : 2.445618,
      "y" : -0.53004193,
      "z" : -10.483611
    },
    "orientation" : 1
  }, {
    "shape" : "5d69ff66-d635-4421-ba56-0c28569d6cc1",
    "color" : "#00FF00",
    "position" : {
      "x" : -2.445618,
      "y" : 7.384144,
      "z" : 7.460661
    },
    "orientation" : 22
  }, {
    "shape" : "24e4d1f4-f942-494d-b7d7-dbb877ee0d24",
    "color" : "#00FF00",
    "position" : {
      "x" : 4.891236,
      "y" : 3.427051,
      "z" : 8.972136
    }
  }, {
    "shape" : "04f3be01-1fa5-439f-8d8c-a91f80c34b88",
    "color" : "#00FF00",
    "position" : {
      "x" : -2.445618,
      "y" : 7.384144,
      "z" : 7.460661
    },
    "orientation" : 18
  }, {
    "shape" : "04f3be01-1fa5-439f-8d8c-a91f80c34b88",
    "color" : "#FFFFFF",
    "position" : {
      "x" : -10.483611,
      "y" : 2.445618,
      "z" : -0.53004193
    },
    "orientation" : 2
  }, {
    "shape" : "04f3be01-1fa5-439f-8d8c-a91f80c34b88",
    "color" : "#00FFFF",
    "position" : {
      "x" : 7.460661,
      "y" : -2.445618,
      "z" : 7.384144
    },
    "orientation" : 49
  }, {
    "shape" : "24e4d1f4-f942-494d-b7d7-dbb877ee0d24",
    "color" : "#000000",
    "position" : {
      "x" : -4.03361,
      "y" : -3.099467,
      "z" : -9.502178
    }
  }, {
    "shape" : "24e4d1f4-f942-494d-b7d7-dbb877ee0d24",
    "color" : "#FF0000",
    "position" : {
      "x" : 3.427051,
      "y" : 8.972136,
      "z" : 4.891236
    }
  }, {
    "shape" : "24e4d1f4-f942-494d-b7d7-dbb877ee0d24",
    "color" : "#8000FF",
    "position" : {
      "x" : -7.384144,
      "y" : 7.460661,
      "z" : 2.445618
    }
  }, {
    "shape" : "5d69ff66-d635-4421-ba56-0c28569d6cc1",
    "color" : "#808080",
    "position" : {
      "x" : 4.03361,
      "y" : -3.099467,
      "z" : 9.502178
    },
    "orientation" : 54
  }, {
    "shape" : "24e4d1f4-f942-494d-b7d7-dbb877ee0d24",
    "color" : "#000000",
    "position" : {
      "x" : -3.099467,
      "y" : -9.502178,
      "z" : -4.03361
    }
  }, {
    "shape" : "04f3be01-1fa5-439f-8d8c-a91f80c34b88",
    "color" : "#00FFFF",
    "position" : {
      "x" : 10.483611,
      "y" : -2.445618,
      "z" : -0.53004193
    },
    "orientation" : 32
  }, {
    "shape" : "24e4d1f4-f942-494d-b7d7-dbb877ee0d24",
    "color" : "#0000FF",
    "position" : {
      "x" : -7.990703,
      "y" : -1.5879921,
      "z" : 7.05656
    }
  }, {
    "shape" : "24e4d1f4-f942-494d-b7d7-dbb877ee0d24",
    "color" : "#8000FF",
    "position" : {
      "x" : 0.53004193,
      "y" : 10.483611,
      "z" : 2.445618
    }
  }, {
    "shape" : "24e4d1f4-f942-494d-b7d7-dbb877ee0d24",
    "color" : "#FFFF00",
    "position" : {
      "x" : 2.445618,
      "y" : 0.53004193,
      "z" : 10.483611
    }
  }, {
    "shape" : "24e4d1f4-f942-494d-b7d7-dbb877ee0d24",
    "color" : "#FFFF00",
    "position" : {
      "x" : 2.445618,
      "y" : 7.384144,
      "z" : -7.460661
    }
  }, {
    "shape" : "24e4d1f4-f942-494d-b7d7-dbb877ee0d24",
    "color" : "#00FF00",
    "position" : {
      "x" : -2.445618,
      "y" : 7.384144,
      "z" : 7.460661
    }
  }, {
    "shape" : "24e4d1f4-f942-494d-b7d7-dbb877ee0d24",
    "color" : "#0000FF",
    "position" : {
      "x" : 9.502178,
      "y" : 4.03361,
      "z" : -3.099467
    }
  }, {
    "shape" : "24e4d1f4-f942-494d-b7d7-dbb877ee0d24",
    "color" : "#FFFFFF",
    "position" : {
      "x" : -10.483611,
      "y" : 2.445618,
      "z" : -0.53004193
    }
  }, {
    "shape" : "04f3be01-1fa5-439f-8d8c-a91f80c34b88",
    "color" : "#000000",
    "position" : {
      "x" : 7.990703,
      "y" : 1.5879921,
      "z" : 7.05656
    },
    "orientation" : 51
  }, {
    "shape" : "04f3be01-1fa5-439f-8d8c-a91f80c34b88",
    "color" : "#FFFF00",
    "position" : {
      "x" : -4.891236,
      "y" : 3.427051,
      "z" : -8.972136
    },
    "orientation" : 27
  }, {
    "shape" : "24e4d1f4-f942-494d-b7d7-dbb877ee0d24",
    "color" : "#0000FF",
    "position" : {
      "x" : 3.099467,
      "y" : 9.502178,
