{
  "polygons" : "true",
  "field" : "golden",
  "symmetry" : "icosahedral",
  "orientations" : [ [ 1.0, 0.0, 0.0, 0.0, 0.0, 1.0, 0.0, 0.0, 0.0, 0.0, 1.0, 0.0, 0.0, 0.0, 0.0, 1.0 ], [ 0.0, 0.0, 1.0, 0.0, 1.0, 0.0, 0.0, 0.0, 0.0, 1.0, 0.0, 0.0, 0.0, 0.0, 0.0, 1.0 ], [ 0.0, 1.0, 0.0, 0.0, 0.0, 0.0, 1.0, 0.0, 1.0, 0.0, 0.0, 0.0, 0.0, 0.0, 0.0, 1.0 ], [ 0.809017, 0.309017, 0.5, 0.0, 0.309017, 0.5, -0.809017, 0.0, -0.5, 0.809017, 0.309017, 0.0, 0.0, 0.0, 0.0, 1.0 ], [ -0.5, 0.809017, 0.309017, 0.0, 0.809017, 0.309017, 0.5, 0.0, 0.309017, 0.5, -0.809017, 0.0, 0.0, 0.0, 0.0, 1.0 ], [ 0.309017, 0.5, -0.809017, 0.0, -0.5, 0.809017, 0.309017, 0.0, 0.809017, 0.309017, 0.5, 0.0, 0.0, 0.0, 0.0, 1.0 ], [ 0.5, 0.809017, 0.309017, 0.0, 0.809017, -0.309017, -0.5, 0.0, -0.309017, 0.5, -0.809017, 0.0, 0.0, 0.0, 0.0, 1.0 ], [ -0.309017, 0.5, -0.809017, 0.0, 0.5, 0.809017, 0.309017, 0.0, 0.809017, -0.309017, -0.5, 0.0, 0.0, 0.0, 0.0, 1.0 ], [ 0.809017, -0.309017, -0.5, 0.0, -0.309017, 0.5, -0.809017, 0.0, 0.5, 0.809017, 0.309017, 0.0, 0.0, 0.0, 0.0, 1.0 ], [ 0.5, 0.809017, -0.309017, 0.0, 0.809017, -0.309017, 0.5, 0.0, 0.309017, -0.5, -0.809017, 0.0, 0.0, 0.0, 0.0, 1.0 ], [ 0.309017, -0.5, -0.809017, 0.0, 0.5, 0.809017, -0.309017, 0.0, 0.809017, -0.309017, 0.5, 0.0, 0.0, 0.0, 0.0, 1.0 ], [ 0.809017, -0.309017, 0.5, 0.0, 0.309017, -0.5, -0.809017, 0.0, 0.5, 0.809017, -0.309017, 0.0, 0.0, 0.0, 0.0, 1.0 ], [ 0.809017, 0.309017, -0.5, 0.0, 0.309017, 0.5, 0.809017, 0.0, 0.5, -0.809017, 0.309017, 0.0, 0.0, 0.0, 0.0, 1.0 ], [ 0.5, -0.809017, 0.309017, 0.0, 0.809017, 0.309017, -0.5, 0.0, 0.309017, 0.5, 0.809017, 0.0, 0.0, 0.0, 0.0, 1.0 ], [ 0.309017, 0.5, 0.809017, 0.0, 0.5, -0.809017, 0.309017, 0.0, 0.809017, 0.309017, -0.5, 0.0, 0.0, 0.0, 0.0, 1.0 ], [ 1.0, 0.0, 0.0, 0.0, 0.0, -1.0, 0.0, 0.0, 0.0, 0.0, -1.0, 0.0, 0.0, 0.0, 0.0, 1.0 ], [ 0.0, 0.0, 1.0, 0.0, -1.0, 0.0, 0.0, 0.0, 0.0, -1.0, 0.0, 0.0, 0.0, 0.0, 0.0, 1.0 ], [ 0.0, 1.0, 0.0, 0.0, 0.0, 0.0, -1.0, 0.0, -1.0, 0.0, 0.0, 0.0, 0.0, 0.0, 0.0, 1.0 ], [ 0.809017, 0.309017, 0.5, 0.0, -0.309017, -0.5, 0.809017, 0.0, 0.5, -0.809017, -0.309017, 0.0, 0.0, 0.0, 0.0, 1.0 ], [ -0.5, 0.809017, 0.309017, 0.0, -0.809017, -0.309017, -0.5, 0.0, -0.309017, -0.5, 0.809017, 0.0, 0.0, 0.0, 0.0, 1.0 ], [ 0.309017, 0.5, -0.809017, 0.0, 0.5, -0.809017, -0.309017, 0.0, -0.809017, -0.309017, -0.5, 0.0, 0.0, 0.0, 0.0, 1.0 ], [ 0.5, 0.809017, 0.309017, 0.0, -0.809017, 0.309017, 0.5, 0.0, 0.309017, -0.5, 0.809017, 0.0, 0.0, 0.0, 0.0, 1.0 ], [ -0.309017, 0.5, -0.809017, 0.0, -0.5, -0.809017, -0.309017, 0.0, -0.809017, 0.309017, 0.5, 0.0, 0.0, 0.0, 0.0, 1.0 ], [ 0.809017, -0.309017, -0.5, 0.0, 0.309017, -0.5, 0.809017, 0.0, -0.5, -0.809017, -0.309017, 0.0, 0.0, 0.0, 0.0, 1.0 ], [ 0.5, 0.809017, -0.309017, 0.0, -0.809017, 0.309017, -0.5, 0.0, -0.309017, 0.5, 0.809017, 0.0, 0.0, 0.0, 0.0, 1.0 ], [ 0.309017, -0.5, -0.809017, 0.0, -0.5, -0.809017, 0.309017, 0.0, -0.809017, 0.309017, -0.5, 0.0, 0.0, 0.0, 0.0, 1.0 ], [ 0.809017, -0.309017, 0.5, 0.0, -0.309017, 0.5, 0.809017, 0.0, -0.5, -0.809017, 0.309017, 0.0, 0.0, 0.0, 0.0, 1.0 ], [ 0.809017, 0.309017, -0.5, 0.0, -0.309017, -0.5, -0.809017, 0.0, -0.5, 0.809017, -0.309017, 0.0, 0.0, 0.0, 0.0, 1.0 ], [ 0.5, -0.809017, 0.309017, 0.0, -0.809017, -0.309017, 0.5, 0.0, -0.309017, -0.5, -0.809017, 0.0, 0.0, 0.0, 0.0, 1.0 ], [ 0.309017, 0.5, 0.809017, 0.0, -0.5, 0.809017, -0.309017, 0.0, -0.809017, -0.309017, 0.5, 0.0, 0.0, 0.0, 0.0, 1.0 ], [ -1.0, 0.0, 0.0, 0.0, 0.0, -1.0, 0.0, 0.0, 0.0, 0.0, 1.0, 0.0, 0.0, 0.0, 0.0, 1.0 ], [ 0.0, 0.0, -1.0, 0.0, -1.0, 0.0, 0.0, 0.0, 0.0, 1.0, 0.0, 0.0, 0.0, 0.0, 0.0, 1.0 ], [ 0.0, -1.0, 0.0, 0.0, 0.0, 0.0, -1.0, 0.0, 1.0, 0.0, 0.0, 0.0, 0.0, 0.0, 0.0, 1.0 ], [ -0.809017, -0.309017, -0.5, 0.0, -0.309017, -0.5, 0.809017, 0.0, -0.5, 0.809017, 0.309017, 0.0, 0.0, 0.0, 0.0, 1.0 ], [ 0.5, -0.809017, -0.309017, 0.0, -0.809017, -0.309017, -0.5, 0.0, 0.309017, 0.5, -0.809017, 0.0, 0.0, 0.0, 0.0, 1.0 ], [ -0.309017, -0.5, 0.809017, 0.0, 0.5, -0.809017, -0.309017, 0.0, 0.809017, 0.309017, 0.5, 0.0, 0.0, 0.0, 0.0, 1.0 ], [ -0.5, -0.809017, -0.309017, 0.0, -0.809017, 0.309017, 0.5, 0.0, -0.309017, 0.5, -0.809017, 0.0, 0.0, 0.0, 0.0, 1.0 ], [ 0.309017, -0.5, 0.809017, 0.0, -0.5, -0.809017, -0.309017, 0.0, 0.809017, -0.309017, -0.5, 0.0, 0.0, 0.0, 0.0, 1.0 ], [ -0.809017, 0.309017, 0.5, 0.0, 0.309017, -0.5, 0.809017, 0.0, 0.5, 0.809017, 0.309017, 0.0, 0.0, 0.0, 0.0, 1.0 ], [ -0.5, -0.809017, 0.309017, 0.0, -0.809017, 0.309017, -0.5, 0.0, 0.309017, -0.5, -0.809017, 0.0, 0.0, 0.0, 0.0, 1.0 ], [ -0.309017, 0.5, 0.809017, 0.0, -0.5, -0.809017, 0.309017, 0.0, 0.809017, -0.309017, 0.5, 0.0, 0.0, 0.0, 0.0, 1.0 ], [ -0.809017, 0.309017, -0.5, 0.0, -0.309017, 0.5, 0.809017, 0.0, 0.5, 0.809017, -0.309017, 0.0, 0.0, 0.0, 0.0, 1.0 ], [ -0.809017, -0.309017, 0.5, 0.0, -0.309017, -0.5, -0.809017, 0.0, 0.5, -0.809017, 0.309017, 0.0, 0.0, 0.0, 0.0, 1.0 ], [ -0.5, 0.809017, -0.309017, 0.0, -0.809017, -0.309017, 0.5, 0.0, 0.309017, 0.5, 0.809017, 0.0, 0.0, 0.0, 0.0, 1.0 ], [ -0.309017, -0.5, -0.809017, 0.0, -0.5, 0.809017, -0.309017, 0.0, 0.809017, 0.309017, -0.5, 0.0, 0.0, 0.0, 0.0, 1.0 ], [ -1.0, 0.0, 0.0, 0.0, 0.0, 1.0, 0.0, 0.0, 0.0, 0.0, -1.0, 0.0, 0.0, 0.0, 0.0, 1.0 ], [ 0.0, 0.0, -1.0, 0.0, 1.0, 0.0, 0.0, 0.0, 0.0, -1.0, 0.0, 0.0, 0.0, 0.0, 0.0, 1.0 ], [ 0.0, -1.0, 0.0, 0.0, 0.0, 0.0, 1.0, 0.0, -1.0, 0.0, 0.0, 0.0, 0.0, 0.0, 0.0, 1.0 ], [ -0.809017, -0.309017, -0.5, 0.0, 0.309017, 0.5, -0.809017, 0.0, 0.5, -0.809017, -0.309017, 0.0, 0.0, 0.0, 0.0, 1.0 ], [ 0.5, -0.809017, -0.309017, 0.0, 0.809017, 0.309017, 0.5, 0.0, -0.309017, -0.5, 0.809017, 0.0, 0.0, 0.0, 0.0, 1.0 ], [ -0.309017, -0.5, 0.809017, 0.0, -0.5, 0.809017, 0.309017, 0.0, -0.809017, -0.309017, -0.5, 0.0, 0.0, 0.0, 0.0, 1.0 ], [ -0.5, -0.809017, -0.309017, 0.0, 0.809017, -0.309017, -0.5, 0.0, 0.309017, -0.5, 0.809017, 0.0, 0.0, 0.0, 0.0, 1.0 ], [ 0.309017, -0.5, 0.809017, 0.0, 0.5, 0.809017, 0.309017, 0.0, -0.809017, 0.309017, 0.5, 0.0, 0.0, 0.0, 0.0, 1.0 ], [ -0.809017, 0.309017, 0.5, 0.0, -0.309017, 0.5, -0.809017, 0.0, -0.5, -0.809017, -0.309017, 0.0, 0.0, 0.0, 0.0, 1.0 ], [ -0.5, -0.809017, 0.309017, 0.0, 0.809017, -0.309017, 0.5, 0.0, -0.309017, 0.5, 0.809017, 0.0, 0.0, 0.0, 0.0, 1.0 ], [ -0.309017, 0.5, 0.809017, 0.0, 0.5, 0.809017, -0.309017, 0.0, -0.809017, 0.309017, -0.5, 0.0, 0.0, 0.0, 0.0, 1.0 ], [ -0.809017, 0.309017, -0.5, 0.0, 0.309017, -0.5, -0.809017, 0.0, -0.5, -0.809017, 0.309017, 0.0, 0.0, 0.0, 0.0, 1.0 ], [ -0.809017, -0.309017, 0.5, 0.0, 0.309017, 0.5, 0.809017, 0.0, -0.5, 0.809017, -0.309017, 0.0, 0.0, 0.0, 0.0, 1.0 ], [ -0.5, 0.809017, -0.309017, 0.0, 0.809017, 0.309017, -0.5, 0.0, -0.309017, -0.5, -0.809017, 0.0, 0.0, 0.0, 0.0, 1.0 ], [ -0.309017, -0.5, -0.809017, 0.0, 0.5, -0.809017, 0.309017, 0.0, -0.809017, -0.309017, 0.5, 0.0, 0.0, 0.0, 0.0, 1.0 ] ],
  "lights" : {
    "directionalLights" : [ {
      "direction" : [ 1.0, -1.0, -1.0 ],
      "color" : "#EBEBE4"
    }, {
      "direction" : [ -1.0, 0.0, 0.0 ],
      "color" : "#E4E4EB"
    }, {
      "direction" : [ 0.0, 0.0, -1.0 ],
      "color" : "#1E1E1E"
    } ],
    "backgroundColor" : "#AFC8DC",
    "ambientColor" : "#292929"
  },
  "camera" : {
    "width" : 54.07499,
    "position" : {
      "x" : 30.591087,
      "y" : 1.1373619,
      "z" : 116.20185
    },
    "lookAtPoint" : {
      "x" : 0.0,
      "y" : 0.0,
      "z" : 0.0
    },
    "lookDirection" : {
      "x" : -0.2545722,
      "y" : -0.009464872,
      "z" : -0.9670059
    },
    "upDirection" : {
      "x" : -0.42674118,
      "y" : 0.89842635,
      "z" : 0.1035492
    },
    "farClipDistance" : 240.33328,
    "nearClipDistance" : 0.3004166,
    "stereo" : false,
    "perspective" : true,
    "lookDirectionRV" : {
      "x" : -0.2545722,
      "y" : -0.009464872,
      "z" : -0.9670059,
      "zero" : false
    },
    "lookAtPointRV" : {
      "x" : 0.0,
      "y" : 0.0,
      "z" : 0.0,
      "zero" : true
    },
    "upDirectionRV" : {
      "x" : -0.42674118,
      "y" : 0.89842635,
      "z" : 0.1035492,
      "zero" : false
    },
    "viewDistance" : 120.16664,
    "fieldOfView" : 0.4426289
  },
  "embedding" : [ 1.0, 0.0, 0.0, 0.0, 0.0, 1.0, 0.0, 0.0, 0.0, 0.0, 1.0, 0.0, 0.0, 0.0, 0.0, 1.0 ],
  "shapes" : [ {
    "id" : "2fdc709d-6a8c-47dd-85ed-b15912ea0eba",
    "orbit" : "green",
    "orbitC" : "[[2,-1,1],[5,-3,1]]",
    "length" : "[1,0,2]",
    "name" : " :1/2",
    "vertices" : [ {
      "x" : 3.8315594,
      "y" : 1.2725425,
      "z" : -0.677051
    }, {
      "x" : 4.854102,
      "y" : 1.309017,
      "z" : -0.809017
    }, {
      "x" : 3.8315594,
      "y" : 1.2725425,
      "z" : -0.29508498
    }, {
      "x" : 3.6405764,
      "y" : 1.5815595,
      "z" : -0.79508495
    }, {
      "x" : 3.6405764,
      "y" : 1.5815595,
      "z" : -0.41311896
    }, {
      "x" : 0.809017,
      "y" : 0.618034,
      "z" : 0.309017
    }, {
      "x" : 1.0,
      "y" : 0.309017,
      "z" : 0.19098301
    }, {
      "x" : 1.9045085,
      "y" : 0.5364745,
      "z" : -0.013932022
    }, {
      "x" : 4.545085,
      "y" : 1.809017,
      "z" : -1.0
    }, {
      "x" : 4.736068,
      "y" : 1.5,
      "z" : -1.118034
    }, {
      "x" : 4.736068,
      "y" : 1.5,
      "z" : -0.5
    }, {
      "x" : 4.545085,
      "y" : 1.809017,
      "z" : -0.618034
    }, {
      "x" : 1.7135255,
      "y" : 0.8454915,
      "z" : -0.13196601
    }, {
      "x" : 0.690983,
      "y" : 0.809017,
      "z" : 0.0
    }, {
      "x" : 1.9045085,
      "y" : 0.5364745,
      "z" : -0.39589804
    }, {
      "x" : 1.7135255,
      "y" : 0.8454915,
      "z" : -0.51393205
    }, {
      "x" : 0.809017,
      "y" : 0.618034,
      "z" : -0.309017
    }, {
      "x" : 1.0,
      "y" : 0.309017,
      "z" : -0.19098301
    }, {
      "x" : 5.545085,
      "y" : 2.118034,
      "z" : -0.809017
    } ],
    "faces" : [ {
      "vertices" : [ 0, 14, 15, 3 ]
    }, {
      "vertices" : [ 3, 15, 12, 4 ]
    }, {
      "vertices" : [ 0, 1, 2 ]
    }, {
      "vertices" : [ 12, 15, 13 ]
    }, {
      "vertices" : [ 0, 9, 1 ]
    }, {
      "vertices" : [ 0, 3, 9 ]
    }, {
      "vertices" : [ 13, 15, 16 ]
    }, {
      "vertices" : [ 6, 17, 14, 7 ]
    }, {
      "vertices" : [ 1, 10, 2 ]
    }, {
      "vertices" : [ 5, 6, 7 ]
    }, {
      "vertices" : [ 3, 8, 9 ]
    }, {
      "vertices" : [ 0, 2, 7, 14 ]
    }, {
      "vertices" : [ 5, 7, 12 ]
    }, {
      "vertices" : [ 2, 4, 12, 7 ]
    }, {
      "vertices" : [ 3, 4, 11, 8 ]
    }, {
      "vertices" : [ 2, 10, 11, 4 ]
    }, {
      "vertices" : [ 5, 12, 13 ]
    }, {
      "vertices" : [ 14, 17, 16, 15 ]
    } ]
  }, {
    "id" : "ca8c1f24-39a1-4bb8-b3db-bc466510779f",
    "vertices" : [ {
      "x" : 0.0,
      "y" : 0.0,
      "z" : 0.0
    }, {
      "x" : -1.118034,
      "y" : -7.663119,
      "z" : -2.927051
    }, {
      "x" : -2.118034,
      "y" : -0.809017,
      "z" : -5.545085
    } ],
    "faces" : [ {
      "vertices" : [ 0, 1, 2 ]
    }, {
      "vertices" : [ 0, 2, 1 ]
    } ]
  }, {
    "id" : "1b1b42bb-1029-428e-b4f3-7bcc05349ab4",
    "orbit" : "green",
    "orbitC" : "[[2,-1,1],[5,-3,1]]",
    "length" : "[-1,1,1]",
    "name" : "g0",
    "vertices" : [ {
      "x" : 5.1405764,
      "y" : 1.7725425,
      "z" : -0.868034
    }, {
      "x" : 6.163119,
      "y" : 1.809017,
      "z" : -1.0
    }, {
      "x" : 5.1405764,
      "y" : 1.7725425,
      "z" : -0.48606798
    }, {
      "x" : 4.9495935,
      "y" : 2.0815594,
      "z" : -0.98606795
    }, {
      "x" : 4.9495935,
      "y" : 2.0815594,
      "z" : -0.60410196
    }, {
      "x" : 0.809017,
      "y" : 0.618034,
      "z" : 0.309017
    }, {
      "x" : 1.0,
      "y" : 0.309017,
      "z" : 0.19098301
    }, {
      "x" : 1.9045085,
      "y" : 0.5364745,
      "z" : -0.013932022
    }, {
      "x" : 5.854102,
      "y" : 2.309017,
      "z" : -1.190983
    }, {
      "x" : 6.045085,
      "y" : 2.0,
      "z" : -1.309017
    }, {
      "x" : 6.045085,
      "y" : 2.0,
      "z" : -0.690983
    }, {
      "x" : 5.854102,
      "y" : 2.309017,
      "z" : -0.809017
    }, {
      "x" : 1.7135255,
      "y" : 0.8454915,
      "z" : -0.13196601
    }, {
      "x" : 0.690983,
      "y" : 0.809017,
      "z" : 0.0
    }, {
      "x" : 1.9045085,
      "y" : 0.5364745,
      "z" : -0.39589804
    }, {
      "x" : 1.7135255,
      "y" : 0.8454915,
      "z" : -0.51393205
    }, {
      "x" : 0.809017,
      "y" : 0.618034,
      "z" : -0.309017
    }, {
      "x" : 1.0,
      "y" : 0.309017,
      "z" : -0.19098301
    }, {
      "x" : 6.854102,
      "y" : 2.618034,
      "z" : -1.0
    } ],
    "faces" : [ {
      "vertices" : [ 0, 14, 15, 3 ]
    }, {
      "vertices" : [ 3, 15, 12, 4 ]
    }, {
      "vertices" : [ 0, 1, 2 ]
    }, {
      "vertices" : [ 12, 15, 13 ]
    }, {
      "vertices" : [ 0, 9, 1 ]
    }, {
      "vertices" : [ 0, 3, 9 ]
    }, {
      "vertices" : [ 13, 15, 16 ]
    }, {
      "vertices" : [ 6, 17, 14, 7 ]
    }, {
      "vertices" : [ 1, 10, 2 ]
    }, {
      "vertices" : [ 5, 6, 7 ]
    }, {
      "vertices" : [ 3, 8, 9 ]
    }, {
      "vertices" : [ 0, 2, 7, 14 ]
    }, {
      "vertices" : [ 5, 7, 12 ]
    }, {
      "vertices" : [ 2, 4, 12, 7 ]
    }, {
      "vertices" : [ 3, 4, 11, 8 ]
    }, {
      "vertices" : [ 2, 10, 11, 4 ]
    }, {
      "vertices" : [ 5, 12, 13 ]
    }, {
      "vertices" : [ 14, 17, 16, 15 ]
    } ]
  }, {
    "id" : "4c5603ea-6a17-4433-a518-b946303c83d3",
    "name" : "ball",
    "vertices" : [ {
      "x" : 0.309017,
      "y" : -0.809017,
      "z" : 0.618034
    }, {
      "x" : 0.809017,
      "y" : -0.618034,
      "z" : 0.309017
    }, {
      "x" : 0.618034,
      "y" : -0.309017,
      "z" : 0.809017
    }, {
      "x" : 1.0,
      "y" : 0.309017,
      "z" : 0.19098301
    }, {
      "x" : 0.809017,
      "y" : 0.618034,
      "z" : 0.309017
    }, {
      "x" : 0.618034,
      "y" : 0.309017,
      "z" : 0.809017
    }, {
      "x" : 0.809017,
      "y" : 0.0,
      "z" : 0.690983
    }, {
      "x" : 0.19098301,
      "y" : -1.0,
      "z" : 0.309017
    }, {
      "x" : -0.19098301,
      "y" : -1.0,
      "z" : 0.309017
    }, {
      "x" : -0.19098301,
      "y" : -1.0,
      "z" : -0.309017
    }, {
      "x" : 0.19098301,
      "y" : -1.0,
      "z" : -0.309017
    }, {
      "x" : 1.0,
      "y" : -0.309017,
      "z" : -0.19098301
    }, {
      "x" : 0.809017,
      "y" : -0.618034,
      "z" : -0.309017
    }, {
      "x" : 0.618034,
      "y" : -0.309017,
      "z" : -0.809017
    }, {
      "x" : 0.809017,
      "y" : 0.0,
      "z" : -0.690983
    }, {
      "x" : 0.0,
      "y" : 0.690983,
      "z" : -0.809017
    }, {
      "x" : 0.309017,
      "y" : 0.809017,
      "z" : -0.618034
    }, {
      "x" : 0.618034,
      "y" : 0.309017,
      "z" : -0.809017
    }, {
      "x" : 0.309017,
      "y" : 0.19098301,
      "z" : -1.0
    }, {
      "x" : 1.0,
      "y" : 0.309017,
      "z" : -0.19098301
    }, {
      "x" : -0.309017,
      "y" : -0.809017,
      "z" : 0.618034
    }, {
      "x" : 0.0,
      "y" : -0.690983,
      "z" : 0.809017
    }, {
      "x" : 0.809017,
      "y" : 0.618034,
      "z" : -0.309017
    }, {
      "x" : 0.690983,
      "y" : 0.809017,
      "z" : 0.0
    }, {
      "x" : -0.690983,
      "y" : 0.809017,
      "z" : 0.0
    }, {
      "x" : -0.809017,
      "y" : 0.618034,
      "z" : 0.309017
    }, {
      "x" : -0.309017,
      "y" : 0.809017,
      "z" : 0.618034
    }, {
      "x" : -0.19098301,
      "y" : 1.0,
      "z" : 0.309017
    }, {
      "x" : 0.309017,
      "y" : -0.19098301,
      "z" : -1.0
    }, {
      "x" : 0.19098301,
      "y" : 1.0,
      "z" : 0.309017
    }, {
      "x" : 0.309017,
      "y" : 0.809017,
      "z" : 0.618034
    }, {
      "x" : -0.809017,
      "y" : -0.618034,
      "z" : 0.309017
    }, {
      "x" : -0.690983,
      "y" : -0.809017,
      "z" : 0.0
    }, {
      "x" : 0.0,
      "y" : 0.690983,
      "z" : 0.809017
    }, {
      "x" : 0.309017,
      "y" : -0.809017,
      "z" : -0.618034
    }, {
      "x" : 0.0,
      "y" : -0.690983,
      "z" : -0.809017
    }, {
      "x" : -1.0,
      "y" : 0.309017,
      "z" : 0.19098301
    }, {
      "x" : -0.809017,
      "y" : 0.0,
      "z" : 0.690983
    }, {
      "x" : -0.618034,
      "y" : 0.309017,
      "z" : 0.809017
    }, {
      "x" : 1.0,
      "y" : -0.309017,
      "z" : 0.19098301
    }, {
      "x" : -0.309017,
      "y" : -0.809017,
      "z" : -0.618034
    }, {
      "x" : -1.0,
      "y" : 0.309017,
      "z" : -0.19098301
    }, {
      "x" : -1.0,
      "y" : -0.309017,
      "z" : -0.19098301
    }, {
      "x" : -1.0,
      "y" : -0.309017,
      "z" : 0.19098301
    }, {
      "x" : 0.19098301,
      "y" : 1.0,
      "z" : -0.309017
    }, {
      "x" : -0.809017,
      "y" : 0.618034,
      "z" : -0.309017
    }, {
      "x" : -0.19098301,
      "y" : 1.0,
      "z" : -0.309017
    }, {
      "x" : -0.309017,
      "y" : 0.809017,
      "z" : -0.618034
    }, {
      "x" : -0.618034,
      "y" : -0.309017,
      "z" : 0.809017
    }, {
      "x" : 0.309017,
      "y" : 0.19098301,
      "z" : 1.0
    }, {
      "x" : -0.309017,
      "y" : 0.19098301,
      "z" : -1.0
    }, {
      "x" : -0.309017,
      "y" : 0.19098301,
      "z" : 1.0
    }, {
      "x" : -0.309017,
      "y" : -0.19098301,
      "z" : 1.0
    }, {
      "x" : 0.309017,
      "y" : -0.19098301,
      "z" : 1.0
    }, {
      "x" : 0.690983,
      "y" : -0.809017,
      "z" : 0.0
    }, {
      "x" : -0.809017,
      "y" : 0.0,
      "z" : -0.690983
    }, {
      "x" : -0.618034,
      "y" : -0.309017,
      "z" : -0.809017
    }, {
      "x" : -0.309017,
      "y" : -0.19098301,
      "z" : -1.0
    }, {
      "x" : -0.618034,
      "y" : 0.309017,
      "z" : -0.809017
    }, {
      "x" : -0.809017,
      "y" : -0.618034,
      "z" : -0.309017
    } ],
    "faces" : [ {
      "vertices" : [ 9, 40, 35, 34, 10 ]
    }, {
      "vertices" : [ 0, 1, 2 ]
    }, {
      "vertices" : [ 33, 51, 49 ]
    }, {
      "vertices" : [ 25, 36, 37, 38 ]
    }, {
      "vertices" : [ 41, 55, 42 ]
    }, {
      "vertices" : [ 9, 32, 59, 40 ]
    }, {
      "vertices" : [ 20, 21, 52, 48 ]
    }, {
      "vertices" : [ 26, 33, 30, 29, 27 ]
    }, {
      "vertices" : [ 3, 4, 5, 6 ]
    }, {
      "vertices" : [ 27, 29, 44, 46 ]
    }, {
      "vertices" : [ 50, 57, 56, 55, 58 ]
    }, {
      "vertices" : [ 26, 38, 51, 33 ]
    }, {
      "vertices" : [ 45, 47, 58 ]
    }, {
      "vertices" : [ 18, 28, 57, 50 ]
    }, {
      "vertices" : [ 40, 59, 56 ]
    }, {
      "vertices" : [ 31, 48, 37, 43 ]
    }, {
      "vertices" : [ 7, 8, 9, 10 ]
    }, {
      "vertices" : [ 36, 41, 42, 43 ]
    }, {
      "vertices" : [ 24, 46, 47, 45 ]
    }, {
      "vertices" : [ 4, 30, 5 ]
    }, {
      "vertices" : [ 15, 47, 46, 44, 16 ]
    }, {
      "vertices" : [ 15, 50, 58, 47 ]
    }, {
      "vertices" : [ 24, 45, 41, 36, 25 ]
    }, {
      "vertices" : [ 11, 14, 19 ]
    }, {
      "vertices" : [ 3, 6, 39 ]
    }, {
      "vertices" : [ 1, 39, 6, 2 ]
    }, {
      "vertices" : [ 8, 32, 9 ]
    }, {
      "vertices" : [ 11, 12, 13, 14 ]
    }, {
      "vertices" : [ 16, 22, 17 ]
    }, {
      "vertices" : [ 0, 21, 20, 8, 7 ]
    }, {
      "vertices" : [ 12, 34, 13 ]
    }, {
      "vertices" : [ 35, 40, 56, 57 ]
    }, {
      "vertices" : [ 0, 7, 54, 1 ]
    }, {
      "vertices" : [ 15, 16, 17, 18 ]
    }, {
      "vertices" : [ 3, 19, 22, 23, 4 ]
    }, {
      "vertices" : [ 7, 10, 54 ]
    }, {
      "vertices" : [ 41, 45, 58, 55 ]
    }, {
      "vertices" : [ 3, 39, 11, 19 ]
    }, {
      "vertices" : [ 14, 17, 22, 19 ]
    }, {
      "vertices" : [ 0, 2, 53, 21 ]
    }, {
      "vertices" : [ 49, 51, 52, 53 ]
    }, {
      "vertices" : [ 31, 43, 42, 59, 32 ]
    }, {
      "vertices" : [ 15, 18, 50 ]
    }, {
      "vertices" : [ 42, 55, 56, 59 ]
    }, {
      "vertices" : [ 4, 23, 29, 30 ]
    }, {
      "vertices" : [ 25, 38, 26 ]
    }, {
      "vertices" : [ 13, 28, 18, 17, 14 ]
    }, {
      "vertices" : [ 8, 20, 31, 32 ]
    }, {
      "vertices" : [ 23, 44, 29 ]
    }, {
      "vertices" : [ 24, 27, 46 ]
    }, {
      "vertices" : [ 37, 48, 52, 51, 38 ]
    }, {
      "vertices" : [ 20, 48, 31 ]
    }, {
      "vertices" : [ 24, 25, 26, 27 ]
    }, {
      "vertices" : [ 16, 44, 23, 22 ]
    }, {
      "vertices" : [ 13, 34, 35, 28 ]
    }, {
      "vertices" : [ 10, 34, 12, 54 ]
    }, {
      "vertices" : [ 2, 6, 5, 49, 53 ]
    }, {
      "vertices" : [ 36, 43, 37 ]
    }, {
      "vertices" : [ 5, 30, 33, 49 ]
    }, {
      "vertices" : [ 1, 54, 12, 11, 39 ]
    }, {
      "vertices" : [ 28, 35, 57 ]
    }, {
      "vertices" : [ 21, 53, 52 ]
    } ]
  }, {
    "id" : "16eabb0f-6f1a-4a0f-aa4d-7d79808fee74",
    "vertices" : [ {
      "x" : 0.0,
      "y" : 0.0,
      "z" : 0.0
    }, {
      "x" : -2.927051,
      "y" : -1.118034,
      "z" : -7.663119
    }, {
      "x" : -1.309017,
      "y" : 4.736068,
      "z" : -3.427051
    } ],
    "faces" : [ {
      "vertices" : [ 0, 1, 2 ]
    }, {
      "vertices" : [ 0, 2, 1 ]
    } ]
  }, {
    "id" : "114cf36e-5135-42fd-a1ce-8d5c9bf5ee98",
    "vertices" : [ {
      "x" : 0.0,
      "y" : 0.0,
      "z" : 0.0
    }, {
      "x" : 1.118034,
      "y" : 7.663119,
      "z" : 2.927051
    }, {
      "x" : 2.118034,
      "y" : 0.809017,
      "z" : 5.545085
    } ],
    "faces" : [ {
      "vertices" : [ 0, 1, 2 ]
    }, {
      "vertices" : [ 0, 2, 1 ]
    } ]
  }, {
    "id" : "dd4de2be-8778-4946-bec6-368fdd80ea93",
    "orbit" : "blue",
    "orbitC" : "[[0,0,1],[0,0,1]]",
    "length" : "[3,-1,1]",
    "name" : " :3 -phi",
    "vertices" : [ {
      "x" : 10.708204,
      "y" : 0.309017,
      "z" : 0.19098301
    }, {
      "x" : 10.708204,
      "y" : 0.309017,
      "z" : -0.19098301
    }, {
      "x" : 1.0,
      "y" : 0.309017,
      "z" : -0.19098301
    }, {
      "x" : 1.0,
      "y" : 0.309017,
      "z" : 0.19098301
    }, {
      "x" : 10.708204,
      "y" : -0.309017,
      "z" : 0.19098301
    }, {
      "x" : 1.0,
      "y" : -0.309017,
      "z" : 0.19098301
    }, {
      "x" : 1.0,
      "y" : -0.309017,
      "z" : -0.19098301
    }, {
      "x" : 10.708204,
      "y" : -0.309017,
      "z" : -0.19098301
    }, {
      "x" : 11.708204,
      "y" : 0.0,
      "z" : 0.0
    } ],
    "faces" : [ {
      "vertices" : [ 1, 7, 6, 2 ]
    }, {
      "vertices" : [ 0, 1, 2, 3 ]
    }, {
      "vertices" : [ 4, 5, 6, 7 ]
    }, {
      "vertices" : [ 0, 3, 5, 4 ]
    } ]
  }, {
    "id" : "2b6cf4d5-5598-4958-b994-08cb6d3088d9",
    "vertices" : [ {
      "x" : 0.0,
      "y" : 0.0,
      "z" : 0.0
    }, {
      "x" : 1.809017,
      "y" : -6.545085,
      "z" : 4.736068
    }, {
      "x" : -0.809017,
      "y" : -5.545085,
      "z" : -2.118034
    } ],
    "faces" : [ {
      "vertices" : [ 0, 1, 2 ]
    }, {
      "vertices" : [ 0, 2, 1 ]
    } ]
  }, {
    "id" : "25e1427c-111b-4e74-9368-2ccca5b80343",
    "vertices" : [ {
      "x" : 0.0,
      "y" : 0.0,
      "z" : 0.0
    }, {
      "x" : 2.927051,
      "y" : 1.118034,
      "z" : 7.663119
    }, {
      "x" : 1.309017,
      "y" : -4.736068,
      "z" : 3.427051
    } ],
    "faces" : [ {
      "vertices" : [ 0, 1, 2 ]
    }, {
      "vertices" : [ 0, 2, 1 ]
    } ]
  }, {
    "id" : "fa1bf76a-8212-4fc8-aa7a-35bfdf041d71",
    "vertices" : [ {
      "x" : 0.0,
      "y" : 0.0,
      "z" : 0.0
    }, {
      "x" : -1.809017,
      "y" : 6.545085,
      "z" : -4.736068
    }, {
      "x" : 0.809017,
      "y" : 5.545085,
      "z" : 2.118034
    } ],
    "faces" : [ {
      "vertices" : [ 0, 1, 2 ]
    }, {
      "vertices" : [ 0, 2, 1 ]
    } ]
  } ],
  "instances" : [ {
    "shape" : "2fdc709d-6a8c-47dd-85ed-b15912ea0eba",
    "color" : "#00993F",
    "position" : {
      "x" : 6.854102,
      "y" : -6.854102,
      "z" : -6.854102
    },
    "orientation" : 47
  }, {
    "shape" : "ca8c1f24-39a1-4bb8-b3db-bc466510779f",
    "color" : "#00FF00",
    "position" : {
      "x" : 12.399187,
      "y" : -4.736068,
      "z" : 7.663119
    },
    "orientation" : 19
  }, {
    "shape" : "1b1b42bb-1029-428e-b4f3-7bcc05349ab4",
    "color" : "#008D36",
    "position" : {
      "x" : 0.0,
      "y" : -9.472136,
      "z" : -5.854102
    },
    "orientation" : 57
  }, {
    "shape" : "4c5603ea-6a17-4433-a518-b946303c83d3",
    "color" : "#F2F2F2",
    "position" : {
      "x" : -12.399187,
      "y" : -4.736068,
      "z" : -7.663119
    }
  }, {
    "shape" : "1b1b42bb-1029-428e-b4f3-7bcc05349ab4",
    "color" : "#008D36",
    "position" : {
      "x" : 0.0,
      "y" : -9.472136,
      "z" : -5.854102
    },
    "orientation" : 52
  }, {
    "shape" : "1b1b42bb-1029-428e-b4f3-7bcc05349ab4",
    "color" : "#008D36",
    "position" : {
      "x" : -9.472136,
      "y" : 5.854102,
      "z" : 0.0
    },
    "orientation" : 19
  }, {
    "shape" : "2fdc709d-6a8c-47dd-85ed-b15912ea0eba",
    "color" : "#00993F",
    "position" : {
      "x" : 11.09017,
      "y" : 0.0,
      "z" : 4.236068
    },
    "orientation" : 34
  }, {
    "shape" : "16eabb0f-6f1a-4a0f-aa4d-7d79808fee74",
    "color" : "#FF6666",
    "position" : {
      "x" : -4.736068,
      "y" : -7.663119,
      "z" : -12.399187
    },
    "orientation" : 17
  }, {
    "shape" : "114cf36e-5135-42fd-a1ce-8d5c9bf5ee98",
    "color" : "#999999",
    "position" : {
      "x" : 0.0,
      "y" : 0.0,
      "z" : 15.326238
    },
    "orientation" : 39
  }, {
    "shape" : "2fdc709d-6a8c-47dd-85ed-b15912ea0eba",
    "color" : "#00993F",
    "position" : {
      "x" : 0.0,
      "y" : -4.236068,
      "z" : 11.09017
    },
    "orientation" : 7
  }, {
    "shape" : "4c5603ea-6a17-4433-a518-b946303c83d3",
    "color" : "#F2F2F2",
    "position" : {
      "x" : -4.736068,
      "y" : 7.663119,
      "z" : -12.399187
    }
  }, {
    "shape" : "ca8c1f24-39a1-4bb8-b3db-bc466510779f",
    "color" : "#FFFF00",
    "position" : {
      "x" : 4.736068,
      "y" : -7.663119,
      "z" : 12.399187
    },
    "orientation" : 3
  }, {
    "shape" : "2fdc709d-6a8c-47dd-85ed-b15912ea0eba",
    "color" : "#00993F",
    "position" : {
      "x" : -11.09017,
      "y" : 0.0,
      "z" : 4.236068
    },
    "orientation" : 53
  }, {
    "shape" : "dd4de2be-8778-4946-bec6-368fdd80ea93",
    "color" : "#008EC2",
    "position" : {
      "x" : 0.0,
      "y" : 9.472136,
      "z" : -5.854102
    },
    "orientation" : 24
  }, {
    "shape" : "2fdc709d-6a8c-47dd-85ed-b15912ea0eba",
    "color" : "#00993F",
    "position" : {
      "x" : -6.854102,
      "y" : -6.854102,
      "z" : -6.854102
    },
    "orientation" : 43
  }, {
    "shape" : "1b1b42bb-1029-428e-b4f3-7bcc05349ab4",
    "color" : "#008D36",
    "position" : {
      "x" : 5.854102,
      "y" : 0.0,
      "z" : -9.472136
    },
    "orientation" : 13
  }, {
    "shape" : "2b6cf4d5-5598-4958-b994-08cb6d3088d9",
    "color" : "#FF6666",
    "position" : {
      "x" : 4.736068,
      "y" : 7.663119,
      "z" : 12.399187
    },
    "orientation" : 8
  }, {
    "shape" : "4c5603ea-6a17-4433-a518-b946303c83d3",
    "color" : "#FFFFFF",
    "position" : {
      "x" : 5.854102,
      "y" : 0.0,
      "z" : -9.472136
    }
  }, {
    "shape" : "1b1b42bb-1029-428e-b4f3-7bcc05349ab4",
    "color" : "#008D36",
    "position" : {
      "x" : 0.0,
      "y" : 9.472136,
      "z" : -5.854102
    },
    "orientation" : 11
  }, {
    "shape" : "25e1427c-111b-4e74-9368-2ccca5b80343",
    "color" : "#FFFF00",
    "position" : {
      "x" : 12.399187,
      "y" : -4.736068,
      "z" : -7.663119
    },
    "orientation" : 30
  }, {
    "shape" : "25e1427c-111b-4e74-9368-2ccca5b80343",
    "color" : "#FFFF00",
    "position" : {
      "x" : 12.399187,
      "y" : -4.736068,
      "z" : -7.663119
    },
    "orientation" : 7
  }, {
    "shape" : "16eabb0f-6f1a-4a0f-aa4d-7d79808fee74",
    "color" : "#FFFF00",
    "position" : {
      "x" : -12.399187,
      "y" : 4.736068,
      "z" : 7.663119
    },
    "orientation" : 30
  }, {
    "shape" : "1b1b42bb-1029-428e-b4f3-7bcc05349ab4",
    "color" : "#008D36",
    "position" : {
      "x" : 0.0,
      "y" : 9.472136,
      "z" : 5.854102
    },
    "orientation" : 56
  }, {
    "shape" : "fa1bf76a-8212-4fc8-aa7a-35bfdf041d71",
    "color" : "#FFFF00",
    "position" : {
      "x" : -7.663119,
      "y" : -12.399187,
      "z" : -4.736068
    },
    "orientation" : 7
  }, {
    "shape" : "2fdc709d-6a8c-47dd-85ed-b15912ea0eba",
    "color" : "#00993F",
    "position" : {
      "x" : 0.0,
      "y" : 4.236068,
      "z" : 11.09017
    },
    "orientation" : 9
  }, {
    "shape" : "1b1b42bb-1029-428e-b4f3-7bcc05349ab4",
    "color" : "#008D36",
    "position" : {
      "x" : -9.472136,
      "y" : 5.854102,
      "z" : 0.0
    },
    "orientation" : 40
  }, {
    "shape" : "4c5603ea-6a17-4433-a518-b946303c83d3",
    "color" : "#F2F2F2",
    "position" : {
      "x" : 4.236068,
      "y" : 11.09017,
      "z" : 0.0
    }
  }, {
    "shape" : "2fdc709d-6a8c-47dd-85ed-b15912ea0eba",
    "color" : "#00993F",
    "position" : {
      "x" : -11.09017,
      "y" : 0.0,
      "z" : 4.236068
    },
    "orientation" : 4
  }, {
    "shape" : "1b1b42bb-1029-428e-b4f3-7bcc05349ab4",
    "color" : "#008D36",
    "position" : {
      "x" : -5.854102,
      "y" : 0.0,
      "z" : -9.472136
    },
    "orientation" : 24
  }, {
    "shape" : "fa1bf76a-8212-4fc8-aa7a-35bfdf041d71",
    "color" : "#00CCCC",
    "position" : {
      "x" : -12.399187,
      "y" : -4.736068,
      "z" : -7.663119
    },
    "orientation" : 5
  }, {
    "shape" : "fa1bf76a-8212-4fc8-aa7a-35bfdf041d71",
    "color" : "#999999",
    "position" : {
      "x" : 15.326238,
      "y" : 0.0,
      "z" : 0.0
    },
    "orientation" : 39
  }, {
    "shape" : "2b6cf4d5-5598-4958-b994-08cb6d3088d9",
    "color" : "#00CCCC",
    "position" : {
      "x" : -4.736068,
      "y" : -7.663119,
      "z" : 12.399187
    },
    "orientation" : 38
  }, {
    "shape" : "ca8c1f24-39a1-4bb8-b3db-bc466510779f",
    "color" : "#999999",
    "position" : {
      "x" : 0.0,
      "y" : 0.0,
      "z" : 15.326238
    },
    "orientation" : 24
  }, {
    "shape" : "fa1bf76a-8212-4fc8-aa7a-35bfdf041d71",
    "color" : "#FF6666",
    "position" : {
      "x" : -12.399187,
      "y" : -4.736068,
      "z" : 7.663119
    },
    "orientation" : 17
  }, {
    "shape" : "25e1427c-111b-4e74-9368-2ccca5b80343",
    "color" : "#999999",
    "position" : {
      "x" : 0.0,
      "y" : 15.326238,
      "z" : 0.0
    },
    "orientation" : 24
  }, {
    "shape" : "1b1b42bb-1029-428e-b4f3-7bcc05349ab4",
    "color" : "#008D36",
    "position" : {
      "x" : 0.0,
      "y" : -9.472136,
      "z" : 5.854102
    },
    "orientation" : 50
  }, {
    "shape" : "2fdc709d-6a8c-47dd-85ed-b15912ea0eba",
    "color" : "#00993F",
    "position" : {
      "x" : 0.0,
      "y" : -4.236068,
      "z" : -11.09017
    },
    "orientation" : 52
  }, {
    "shape" : "4c5603ea-6a17-4433-a518-b946303c83d3",
    "color" : "#F2F2F2",
    "position" : {
      "x" : -4.236068,
      "y" : 11.09017,
      "z" : 0.0
    }
  }, {
    "shape" : "2fdc709d-6a8c-47dd-85ed-b15912ea0eba",
    "color" : "#00993F",
    "position" : {
      "x" : 6.854102,
      "y" : -6.854102,
      "z" : -6.854102
    },
    "orientation" : 31
  }, {
    "shape" : "ca8c1f24-39a1-4bb8-b3db-bc466510779f",
    "color" : "#FF6666",
    "position" : {
      "x" : 12.399187,
      "y" : 4.736068,
      "z" : -7.663119
    },
    "orientation" : 4
  }, {
    "shape" : "ca8c1f24-39a1-4bb8-b3db-bc466510779f",
    "color" : "#00FF00",
    "position" : {
      "x" : 12.399187,
      "y" : -4.736068,
      "z" : 7.663119
    },
    "orientation" : 1
  }, {
    "shape" : "25e1427c-111b-4e74-9368-2ccca5b80343",
    "color" : "#FFFF00",
    "position" : {
      "x" : -4.736068,
      "y" : 7.663119,
      "z" : -12.399187
    },
    "orientation" : 21
  }, {
    "shape" : "2fdc709d-6a8c-47dd-85ed-b15912ea0eba",
    "color" : "#00993F",
    "position" : {
      "x" : -6.854102,
      "y" : -6.854102,
      "z" : 6.854102
    },
    "orientation" : 2
  }, {
    "shape" : "16eabb0f-6f1a-4a0f-aa4d-7d79808fee74",
    "color" : "#999999",
    "position" : {
      "x" : 0.0,
      "y" : 15.326238,
      "z" : 0.0
    },
    "orientation" : 54
  }, {
    "shape" : "4c5603ea-6a17-4433-a518-b946303c83d3",
    "color" : "#F2F2F2",
    "position" : {
      "x" : 4.736068,
      "y" : 7.663119,
      "z" : -12.399187
    }
  }, {
    "shape" : "4c5603ea-6a17-4433-a518-b946303c83d3",
    "color" : "#F2F2F2",
    "position" : {
      "x" : -11.09017,
      "y" : 0.0,
      "z" : 4.236068
    }
  }, {
    "shape" : "1b1b42bb-1029-428e-b4f3-7bcc05349ab4",
    "color" : "#008D36",
    "position" : {
      "x" : -6.854102,
      "y" : -6.854102,
      "z" : 6.854102
    },
    "orientation" : 27
  }, {
    "shape" : "2fdc709d-6a8c-47dd-85ed-b15912ea0eba",
    "color" : "#00993F",
    "position" : {
      "x" : 6.854102,
      "y" : 6.854102,
      "z" : 6.854102
    },
    "orientation" : 46
  }, {
    "shape" : "114cf36e-5135-42fd-a1ce-8d5c9bf5ee98",
    "color" : "#00CCCC",
    "position" : {
      "x" : -7.663119,
      "y" : 12.399187,
      "z" : 4.736068
    },
    "orientation" : 6
  }, {
    "shape" : "114cf36e-5135-42fd-a1ce-8d5c9bf5ee98",
    "color" : "#999999",
    "position" : {
      "x" : 0.0,
      "y" : 0.0,
      "z" : -15.326238
    },
    "orientation" : 24
  }, {
    "shape" : "ca8c1f24-39a1-4bb8-b3db-bc466510779f",
    "color" : "#00CCCC",
    "position" : {
      "x" : 12.399187,
      "y" : 4.736068,
      "z" : 7.663119
    },
    "orientation" : 38
  }, {
    "shape" : "dd4de2be-8778-4946-bec6-368fdd80ea93",
    "color" : "#008EC2",
    "position" : {
      "x" : 5.854102,
      "y" : 0.0,
      "z" : 9.472136
    },
    "orientation" : 25
  }, {
    "shape" : "25e1427c-111b-4e74-9368-2ccca5b80343",
    "color" : "#FF6666",
    "position" : {
      "x" : 7.663119,
      "y" : -12.399187,
      "z" : 4.736068
    },
    "orientation" : 4
  }, {
    "shape" : "2fdc709d-6a8c-47dd-85ed-b15912ea0eba",
    "color" : "#00993F",
    "position" : {
      "x" : -4.236068,
      "y" : 11.09017,
      "z" : 0.0
    },
    "orientation" : 6
  }, {
    "shape" : "2fdc709d-6a8c-47dd-85ed-b15912ea0eba",
    "color" : "#00993F",
    "position" : {
      "x" : -6.854102,
      "y" : 6.854102,
      "z" : 6.854102
    },
    "orientation" : 14
  }, {
    "shape" : "4c5603ea-6a17-4433-a518-b946303c83d3",
    "color" : "#F2F2F2",
    "position" : {
      "x" : 0.0,
      "y" : 0.0,
      "z" : 15.326238
    }
  }, {
    "shape" : "1b1b42bb-1029-428e-b4f3-7bcc05349ab4",
    "color" : "#008D36",
    "position" : {
      "x" : 0.0,
      "y" : 9.472136,
      "z" : 5.854102
    },
    "orientation" : 42
  }, {
    "shape" : "1b1b42bb-1029-428e-b4f3-7bcc05349ab4",
    "color" : "#008D36",
    "position" : {
      "x" : 9.472136,
      "y" : 5.854102,
      "z" : 0.0
    },
    "orientation" : 59
  }, {
    "shape" : "1b1b42bb-1029-428e-b4f3-7bcc05349ab4",
    "color" : "#008D36",
    "position" : {
      "x" : 0.0,
      "y" : -9.472136,
      "z" : 5.854102
    },
    "orientation" : 12
  }, {
    "shape" : "1b1b42bb-1029-428e-b4f3-7bcc05349ab4",
    "color" : "#008D36",
    "position" : {
      "x" : 0.0,
      "y" : -9.472136,
      "z" : 5.854102
    },
    "orientation" : 7
  }, {
    "shape" : "1b1b42bb-1029-428e-b4f3-7bcc05349ab4",
    "color" : "#008D36",
    "position" : {
      "x" : -5.854102,
      "y" : 0.0,
      "z" : -9.472136
    },
    "orientation" : 38
  }, {
    "shape" : "25e1427c-111b-4e74-9368-2ccca5b80343",
    "color" : "#00FF00",
    "position" : {
      "x" : -12.399187,
      "y" : 4.736068,
      "z" : -7.663119
    },
    "orientation" : 0
  }, {
    "shape" : "dd4de2be-8778-4946-bec6-368fdd80ea93",
    "color" : "#008EC2",
    "position" : {
      "x" : 9.472136,
      "y" : -5.854102,
      "z" : 0.0
    },
    "orientation" : 41
  }, {
    "shape" : "1b1b42bb-1029-428e-b4f3-7bcc05349ab4",
    "color" : "#008D36",
    "position" : {
      "x" : -9.472136,
      "y" : 5.854102,
      "z" : 0.0
    },
    "orientation" : 17
  }, {
    "shape" : "114cf36e-5135-42fd-a1ce-8d5c9bf5ee98",
    "color" : "#FFFF00",
    "position" : {
      "x" : -4.736068,
      "y" : 7.663119,
      "z" : -12.399187
    },
    "orientation" : 30
  }, {
    "shape" : "dd4de2be-8778-4946-bec6-368fdd80ea93",
    "color" : "#008EC2",
    "position" : {
      "x" : -5.854102,
      "y" : 0.0,
      "z" : -9.472136
    },
    "orientation" : 9
  }, {
    "shape" : "ca8c1f24-39a1-4bb8-b3db-bc466510779f",
    "color" : "#FF6666",
    "position" : {
      "x" : 7.663119,
      "y" : -12.399187,
      "z" : 4.736068
    },
    "orientation" : 17
  }, {
    "shape" : "4c5603ea-6a17-4433-a518-b946303c83d3",
    "color" : "#FFFFFF",
    "position" : {
      "x" : -9.472136,
      "y" : 5.854102,
      "z" : 0.0
    }
  }, {
    "shape" : "4c5603ea-6a17-4433-a518-b946303c83d3",
    "color" : "#F2F2F2",
    "position" : {
      "x" : -6.854102,
      "y" : 6.854102,
      "z" : 6.854102
    }
  }, {
    "shape" : "4c5603ea-6a17-4433-a518-b946303c83d3",
    "color" : "#F2F2F2",
    "position" : {
      "x" : 0.0,
      "y" : -15.326238,
      "z" : 0.0
    }
  }, {
    "shape" : "1b1b42bb-1029-428e-b4f3-7bcc05349ab4",
    "color" : "#008D36",
    "position" : {
      "x" : 5.854102,
      "y" : 0.0,
      "z" : -9.472136
    },
    "orientation" : 31
  }, {
    "shape" : "4c5603ea-6a17-4433-a518-b946303c83d3",
    "color" : "#F2F2F2",
    "position" : {
      "x" : 0.0,
      "y" : -4.236068,
      "z" : -11.09017
    }
  }, {
    "shape" : "1b1b42bb-1029-428e-b4f3-7bcc05349ab4",
    "color" : "#008D36",
    "position" : {
      "x" : -5.854102,
      "y" : 0.0,
      "z" : -9.472136
    },
    "orientation" : 1
  }, {
    "shape" : "4c5603ea-6a17-4433-a518-b946303c83d3",
    "color" : "#F2F2F2",
    "position" : {
      "x" : 11.09017,
      "y" : 0.0,
      "z" : -4.236068
    }
  }, {
    "shape" : "4c5603ea-6a17-4433-a518-b946303c83d3",
    "color" : "#FFFFFF",
    "position" : {
      "x" : 0.0,
      "y" : -9.472136,
      "z" : 5.854102
    }
  }, {
    "shape" : "dd4de2be-8778-4946-bec6-368fdd80ea93",
    "color" : "#008EC2",
    "position" : {
      "x" : 0.0,
      "y" : 9.472136,
      "z" : 5.854102
    },
    "orientation" : 39
  }, {
    "shape" : "25e1427c-111b-4e74-9368-2ccca5b80343",
    "color" : "#FFFF00",
    "position" : {
      "x" : -12.399187,
      "y" : 4.736068,
      "z" : 7.663119
    },
    "orientation" : 3
  }, {
    "shape" : "dd4de2be-8778-4946-bec6-368fdd80ea93",
    "color" : "#008EC2",
    "position" : {
      "x" : 9.472136,
      "y" : 5.854102,
      "z" : 0.0
    },
    "orientation" : 16
  }, {
    "shape" : "4c5603ea-6a17-4433-a518-b946303c83d3",
    "color" : "#F2F2F2",
    "position" : {
      "x" : 4.736068,
      "y" : -7.663119,
      "z" : -12.399187
    }
  }, {
    "shape" : "dd4de2be-8778-4946-bec6-368fdd80ea93",
    "color" : "#008EC2",
    "position" : {
      "x" : -9.472136,
      "y" : -5.854102,
      "z" : 0.0
    },
    "orientation" : 26
  }, {
    "shape" : "2fdc709d-6a8c-47dd-85ed-b15912ea0eba",
    "color" : "#00993F",
    "position" : {
      "x" : -6.854102,
      "y" : 6.854102,
      "z" : -6.854102
    },
    "orientation" : 30
  }, {
    "shape" : "25e1427c-111b-4e74-9368-2ccca5b80343",
    "color" : "#00CCCC",
    "position" : {
      "x" : 7.663119,
      "y" : -12.399187,
      "z" : -4.736068
    },
    "orientation" : 38
  }, {
    "shape" : "25e1427c-111b-4e74-9368-2ccca5b80343",
    "color" : "#00FF00",
    "position" : {
      "x" : -7.663119,
      "y" : -12.399187,
      "z" : 4.736068
    },
    "orientation" : 1
  }, {
    "shape" : "4c5603ea-6a17-4433-a518-b946303c83d3",
    "color" : "#FFFFFF",
    "position" : {
      "x" : 9.472136,
      "y" : 5.854102,
      "z" : 0.0
    }
  }, {
