sc=(4+2*sqrt(5))/cos(16.5);
points=[[ -11.0901699437495, -6.85410196624968, 4.23606797749979 ],[ -11.0901699437495, -6.85410196624968, 11.0901699437495 ],[ -10.6266444521871, -6.64057647468726, 3.73606797749979 ],[ -10.5311529493745, -6.79508497187474, 3.79508497187474 ],[ -10.5311529493745, -6.48606797749979, 3.98606797749979 ],[ -10.4721359549996, -6.54508497187474, 3.42705098312484 ],[ -10.435661446562, -6.64057647468726, 4.04508497187474 ],[ -10.3766444521871, -6.54508497187474, 3.58155948031232 ],[ -10.2811529493745, -6.85410196624968, 3.54508497187474 ],[ -10.2811529493745, -6.69959346906221, 3.64057647468726 ],[ -10.2811529493745, -6.39057647468726, 3.83155948031232 ],[ -10.2811529493745, -6.23606797749979, 3.92705098312484 ],[ -10.185661446562, -6.54508497187474, 3.89057647468726 ],[ -10.0901699437495, -6.54508497187474, 4.04508497187474 ],[ -9.78115294937453, -5.61803398874989, 3.66311896062463 ],[ -9.59016994374947, -6.11803398874989, 3.35410196624968 ],[ -9.59016994374947, -5.73606797749979, 3.97213595499958 ],[ -9.39918693812442, -6.23606797749979, 3.66311896062463 ],[ -1.69098300562505, -0.618033988749895, 0.572949016875158 ],[ -1.5, -1.11803398874989, 0.26393202250021 ],[ -1.5, -0.73606797749979, 0.881966011250105 ],[ -1.3233483463104, -0.739451150766031, 0.823348346310404 ],[ -1.30901699437495, -1.23606797749979, 0.572949016875158 ],[ -1.02091060159761, -0.843753141961824, 0.674238256183693 ],[ -1, -0.309016994374947, 0.190983005625053 ],[ -0.904508497187474, -0.309016994374947, 0.345491502812526 ],[ -0.809016994374947, -0.618033988749895, 0.309016994374947 ],[ -0.809016994374947, -0.463525491562421, 0.404508497187474 ],[ -0.809016994374947, -0.154508497187474, 0.595491502812526 ],[ -0.809016994374947, 0, 0.690983005625053 ],[ -0.713525491562421, -0.309016994374947, 0.654508497187474 ],[ -0.654508497187474, -0.213525491562421, 0.190983005625053 ],[ -0.618033988749895, -0.309016994374947, 0.809016994374947 ],[ -0.559016994374947, -0.368033988749895, 0.25 ],[ -0.559016994374947, -0.0590169943749475, 0.440983005625053 ],[ -0.463525491562421, -0.213525491562421, 0.5 ],[ 0, 0, 0 ]];

scale(sc) rotate([90,0,0]) rotate([0,0,148.282526])  polyhedron(points,faces=[[ 9, 3, 6, 12 ],[ 33, 31, 25, 27 ],[ 31, 34, 28, 25 ],[ 8, 9, 12, 13 ],[ 26, 23, 21 ],[ 20, 29, 32 ],[ 3, 2, 4, 6 ],[ 23, 22, 20, 32, 21 ],[ 4, 2, 7, 10 ],[ 28, 34, 35, 30 ],[ 16, 14, 18, 20 ],[ 29, 28, 30, 32 ],[ 16, 20, 22, 17 ],[ 33, 35, 34, 31 ],[ 23, 26, 22 ],[ 19, 18, 14, 15 ],[ 16, 13, 11 ],[ 14, 16, 11 ],[ 24, 19, 26 ],[ 17, 13, 16 ],[ 29, 18, 24 ],[ 19, 22, 26 ],[ 14, 11, 5 ],[ 22, 19, 15, 17 ],[ 27, 25, 24, 26 ],[ 18, 29, 20 ],[ 26, 21, 32 ],[ 15, 14, 5 ],[ 12, 6, 4, 10 ],[ 8, 17, 15 ],[ 35, 33, 27, 30 ],[ 8, 15, 5 ],[ 7, 9, 8, 5 ],[ 24, 18, 19 ],[ 30, 27, 26, 32 ],[ 5, 11, 10, 7 ],[ 25, 28, 29, 24 ],[ 12, 10, 11, 13 ],[ 17, 8, 13 ],[ 7, 2, 3, 9 ]]);
