sc=(4+2*sqrt(5))/cos(16.5);
points=[[ 0, 0, 0 ],[ 0.404508497187474, 0, -0.390576474687264 ],[ 0.522542485937369, -0.190983005625053, -0.0815594803123161 ],[ 0.522542485937369, 0.190983005625053, -0.0815594803123161 ],[ 0.809016994374947, 0, -0.690983005625053 ],[ 0.857649672291719, 0, -0.563661001875018 ],[ 0.975683661041614, -0.190983005625053, -0.25464400750007 ],[ 0.975683661041614, 0.190983005625053, -0.25464400750007 ],[ 1, -0.309016994374947, -0.190983005625053 ],[ 1, 0.309016994374947, -0.190983005625053 ],[ 1.42705098312484, 0.145898033750315, -1.30901699437495 ],[ 1.61803398874989, -0.163118960624632, -1.19098300562505 ],[ 1.61803398874989, 0.454915028125263, -0.809016994374947 ],[ 1.80901699437495, 0.145898033750315, -0.690983005625053 ],[ 11.0901699437495, -4.23606797749979, -6.85410196624968 ],[ 12.7082039324994, 1.16311896062463, -8.28115294937453 ],[ 12.8991869381244, 0.854101966249685, -8.16311896062463 ],[ 12.8991869381244, 1.47213595499958, -7.78115294937453 ],[ 13.0901699437495, 1.16311896062463, -7.66311896062463 ],[ 13.5172209268743, 1, -8.78115294937453 ],[ 13.5172209268743, 1.61803398874989, -8.78115294937453 ],[ 13.5415372658327, 1.11803398874989, -8.71749194749951 ],[ 13.5415372658327, 1.5, -8.71749194749951 ],[ 13.6595712545826, 1.30901699437495, -8.40847495312456 ],[ 13.7082039324994, 1.30901699437495, -8.28115294937453 ],[ 13.9946784409369, 1.11803398874989, -8.89057647468726 ],[ 13.9946784409369, 1.5, -8.89057647468726 ],[ 14.1127124296868, 1.30901699437495, -8.58155948031232 ],[ 14.5172209268743, 1.30901699437495, -8.97213595499958 ]];

scale(sc) rotate([31.717474,0,0]) rotate([0,0,90.000000])  polyhedron(points,faces=[[ 8, 4, 5, 6 ],[ 8, 11, 4 ],[ 17, 24, 18 ],[ 16, 19, 15 ],[ 23, 24, 20, 22 ],[ 2, 3, 7, 6 ],[ 10, 15, 17, 12 ],[ 12, 17, 18, 13 ],[ 17, 15, 20 ],[ 23, 27, 25, 21 ],[ 21, 19, 24, 23 ],[ 20, 19, 21, 22 ],[ 26, 25, 27 ],[ 13, 18, 16, 11 ],[ 1, 2, 6, 5 ],[ 9, 12, 13 ],[ 11, 16, 15, 10 ],[ 21, 25, 26, 22 ],[ 7, 3, 1, 5 ],[ 19, 20, 15 ],[ 18, 24, 19, 16 ],[ 8, 13, 11 ],[ 1, 3, 2 ],[ 7, 9, 8, 6 ],[ 9, 7, 5, 4 ],[ 4, 11, 10 ],[ 13, 8, 9 ],[ 26, 27, 23, 22 ],[ 24, 17, 20 ],[ 12, 9, 4, 10 ]]);

    