{
  "polygons" : "true",
  "field" : "golden",
  "symmetry" : "icosahedral",
  "orientations" : [ [ 1.0, 0.0, 0.0, 0.0, 0.0, 1.0, 0.0, 0.0, 0.0, 0.0, 1.0, 0.0, 0.0, 0.0, 0.0, 1.0 ], [ 0.0, 0.0, 1.0, 0.0, 1.0, 0.0, 0.0, 0.0, 0.0, 1.0, 0.0, 0.0, 0.0, 0.0, 0.0, 1.0 ], [ 0.0, 1.0, 0.0, 0.0, 0.0, 0.0, 1.0, 0.0, 1.0, 0.0, 0.0, 0.0, 0.0, 0.0, 0.0, 1.0 ], [ 0.809017, 0.309017, 0.5, 0.0, 0.309017, 0.5, -0.809017, 0.0, -0.5, 0.809017, 0.309017, 0.0, 0.0, 0.0, 0.0, 1.0 ], [ -0.5, 0.809017, 0.309017, 0.0, 0.809017, 0.309017, 0.5, 0.0, 0.309017, 0.5, -0.809017, 0.0, 0.0, 0.0, 0.0, 1.0 ], [ 0.309017, 0.5, -0.809017, 0.0, -0.5, 0.809017, 0.309017, 0.0, 0.809017, 0.309017, 0.5, 0.0, 0.0, 0.0, 0.0, 1.0 ], [ 0.5, 0.809017, 0.309017, 0.0, 0.809017, -0.309017, -0.5, 0.0, -0.309017, 0.5, -0.809017, 0.0, 0.0, 0.0, 0.0, 1.0 ], [ -0.309017, 0.5, -0.809017, 0.0, 0.5, 0.809017, 0.309017, 0.0, 0.809017, -0.309017, -0.5, 0.0, 0.0, 0.0, 0.0, 1.0 ], [ 0.809017, -0.309017, -0.5, 0.0, -0.309017, 0.5, -0.809017, 0.0, 0.5, 0.809017, 0.309017, 0.0, 0.0, 0.0, 0.0, 1.0 ], [ 0.5, 0.809017, -0.309017, 0.0, 0.809017, -0.309017, 0.5, 0.0, 0.309017, -0.5, -0.809017, 0.0, 0.0, 0.0, 0.0, 1.0 ], [ 0.309017, -0.5, -0.809017, 0.0, 0.5, 0.809017, -0.309017, 0.0, 0.809017, -0.309017, 0.5, 0.0, 0.0, 0.0, 0.0, 1.0 ], [ 0.809017, -0.309017, 0.5, 0.0, 0.309017, -0.5, -0.809017, 0.0, 0.5, 0.809017, -0.309017, 0.0, 0.0, 0.0, 0.0, 1.0 ], [ 0.809017, 0.309017, -0.5, 0.0, 0.309017, 0.5, 0.809017, 0.0, 0.5, -0.809017, 0.309017, 0.0, 0.0, 0.0, 0.0, 1.0 ], [ 0.5, -0.809017, 0.309017, 0.0, 0.809017, 0.309017, -0.5, 0.0, 0.309017, 0.5, 0.809017, 0.0, 0.0, 0.0, 0.0, 1.0 ], [ 0.309017, 0.5, 0.809017, 0.0, 0.5, -0.809017, 0.309017, 0.0, 0.809017, 0.309017, -0.5, 0.0, 0.0, 0.0, 0.0, 1.0 ], [ 1.0, 0.0, 0.0, 0.0, 0.0, -1.0, 0.0, 0.0, 0.0, 0.0, -1.0, 0.0, 0.0, 0.0, 0.0, 1.0 ], [ 0.0, 0.0, 1.0, 0.0, -1.0, 0.0, 0.0, 0.0, 0.0, -1.0, 0.0, 0.0, 0.0, 0.0, 0.0, 1.0 ], [ 0.0, 1.0, 0.0, 0.0, 0.0, 0.0, -1.0, 0.0, -1.0, 0.0, 0.0, 0.0, 0.0, 0.0, 0.0, 1.0 ], [ 0.809017, 0.309017, 0.5, 0.0, -0.309017, -0.5, 0.809017, 0.0, 0.5, -0.809017, -0.309017, 0.0, 0.0, 0.0, 0.0, 1.0 ], [ -0.5, 0.809017, 0.309017, 0.0, -0.809017, -0.309017, -0.5, 0.0, -0.309017, -0.5, 0.809017, 0.0, 0.0, 0.0, 0.0, 1.0 ], [ 0.309017, 0.5, -0.809017, 0.0, 0.5, -0.809017, -0.309017, 0.0, -0.809017, -0.309017, -0.5, 0.0, 0.0, 0.0, 0.0, 1.0 ], [ 0.5, 0.809017, 0.309017, 0.0, -0.809017, 0.309017, 0.5, 0.0, 0.309017, -0.5, 0.809017, 0.0, 0.0, 0.0, 0.0, 1.0 ], [ -0.309017, 0.5, -0.809017, 0.0, -0.5, -0.809017, -0.309017, 0.0, -0.809017, 0.309017, 0.5, 0.0, 0.0, 0.0, 0.0, 1.0 ], [ 0.809017, -0.309017, -0.5, 0.0, 0.309017, -0.5, 0.809017, 0.0, -0.5, -0.809017, -0.309017, 0.0, 0.0, 0.0, 0.0, 1.0 ], [ 0.5, 0.809017, -0.309017, 0.0, -0.809017, 0.309017, -0.5, 0.0, -0.309017, 0.5, 0.809017, 0.0, 0.0, 0.0, 0.0, 1.0 ], [ 0.309017, -0.5, -0.809017, 0.0, -0.5, -0.809017, 0.309017, 0.0, -0.809017, 0.309017, -0.5, 0.0, 0.0, 0.0, 0.0, 1.0 ], [ 0.809017, -0.309017, 0.5, 0.0, -0.309017, 0.5, 0.809017, 0.0, -0.5, -0.809017, 0.309017, 0.0, 0.0, 0.0, 0.0, 1.0 ], [ 0.809017, 0.309017, -0.5, 0.0, -0.309017, -0.5, -0.809017, 0.0, -0.5, 0.809017, -0.309017, 0.0, 0.0, 0.0, 0.0, 1.0 ], [ 0.5, -0.809017, 0.309017, 0.0, -0.809017, -0.309017, 0.5, 0.0, -0.309017, -0.5, -0.809017, 0.0, 0.0, 0.0, 0.0, 1.0 ], [ 0.309017, 0.5, 0.809017, 0.0, -0.5, 0.809017, -0.309017, 0.0, -0.809017, -0.309017, 0.5, 0.0, 0.0, 0.0, 0.0, 1.0 ], [ -1.0, 0.0, 0.0, 0.0, 0.0, -1.0, 0.0, 0.0, 0.0, 0.0, 1.0, 0.0, 0.0, 0.0, 0.0, 1.0 ], [ 0.0, 0.0, -1.0, 0.0, -1.0, 0.0, 0.0, 0.0, 0.0, 1.0, 0.0, 0.0, 0.0, 0.0, 0.0, 1.0 ], [ 0.0, -1.0, 0.0, 0.0, 0.0, 0.0, -1.0, 0.0, 1.0, 0.0, 0.0, 0.0, 0.0, 0.0, 0.0, 1.0 ], [ -0.809017, -0.309017, -0.5, 0.0, -0.309017, -0.5, 0.809017, 0.0, -0.5, 0.809017, 0.309017, 0.0, 0.0, 0.0, 0.0, 1.0 ], [ 0.5, -0.809017, -0.309017, 0.0, -0.809017, -0.309017, -0.5, 0.0, 0.309017, 0.5, -0.809017, 0.0, 0.0, 0.0, 0.0, 1.0 ], [ -0.309017, -0.5, 0.809017, 0.0, 0.5, -0.809017, -0.309017, 0.0, 0.809017, 0.309017, 0.5, 0.0, 0.0, 0.0, 0.0, 1.0 ], [ -0.5, -0.809017, -0.309017, 0.0, -0.809017, 0.309017, 0.5, 0.0, -0.309017, 0.5, -0.809017, 0.0, 0.0, 0.0, 0.0, 1.0 ], [ 0.309017, -0.5, 0.809017, 0.0, -0.5, -0.809017, -0.309017, 0.0, 0.809017, -0.309017, -0.5, 0.0, 0.0, 0.0, 0.0, 1.0 ], [ -0.809017, 0.309017, 0.5, 0.0, 0.309017, -0.5, 0.809017, 0.0, 0.5, 0.809017, 0.309017, 0.0, 0.0, 0.0, 0.0, 1.0 ], [ -0.5, -0.809017, 0.309017, 0.0, -0.809017, 0.309017, -0.5, 0.0, 0.309017, -0.5, -0.809017, 0.0, 0.0, 0.0, 0.0, 1.0 ], [ -0.309017, 0.5, 0.809017, 0.0, -0.5, -0.809017, 0.309017, 0.0, 0.809017, -0.309017, 0.5, 0.0, 0.0, 0.0, 0.0, 1.0 ], [ -0.809017, 0.309017, -0.5, 0.0, -0.309017, 0.5, 0.809017, 0.0, 0.5, 0.809017, -0.309017, 0.0, 0.0, 0.0, 0.0, 1.0 ], [ -0.809017, -0.309017, 0.5, 0.0, -0.309017, -0.5, -0.809017, 0.0, 0.5, -0.809017, 0.309017, 0.0, 0.0, 0.0, 0.0, 1.0 ], [ -0.5, 0.809017, -0.309017, 0.0, -0.809017, -0.309017, 0.5, 0.0, 0.309017, 0.5, 0.809017, 0.0, 0.0, 0.0, 0.0, 1.0 ], [ -0.309017, -0.5, -0.809017, 0.0, -0.5, 0.809017, -0.309017, 0.0, 0.809017, 0.309017, -0.5, 0.0, 0.0, 0.0, 0.0, 1.0 ], [ -1.0, 0.0, 0.0, 0.0, 0.0, 1.0, 0.0, 0.0, 0.0, 0.0, -1.0, 0.0, 0.0, 0.0, 0.0, 1.0 ], [ 0.0, 0.0, -1.0, 0.0, 1.0, 0.0, 0.0, 0.0, 0.0, -1.0, 0.0, 0.0, 0.0, 0.0, 0.0, 1.0 ], [ 0.0, -1.0, 0.0, 0.0, 0.0, 0.0, 1.0, 0.0, -1.0, 0.0, 0.0, 0.0, 0.0, 0.0, 0.0, 1.0 ], [ -0.809017, -0.309017, -0.5, 0.0, 0.309017, 0.5, -0.809017, 0.0, 0.5, -0.809017, -0.309017, 0.0, 0.0, 0.0, 0.0, 1.0 ], [ 0.5, -0.809017, -0.309017, 0.0, 0.809017, 0.309017, 0.5, 0.0, -0.309017, -0.5, 0.809017, 0.0, 0.0, 0.0, 0.0, 1.0 ], [ -0.309017, -0.5, 0.809017, 0.0, -0.5, 0.809017, 0.309017, 0.0, -0.809017, -0.309017, -0.5, 0.0, 0.0, 0.0, 0.0, 1.0 ], [ -0.5, -0.809017, -0.309017, 0.0, 0.809017, -0.309017, -0.5, 0.0, 0.309017, -0.5, 0.809017, 0.0, 0.0, 0.0, 0.0, 1.0 ], [ 0.309017, -0.5, 0.809017, 0.0, 0.5, 0.809017, 0.309017, 0.0, -0.809017, 0.309017, 0.5, 0.0, 0.0, 0.0, 0.0, 1.0 ], [ -0.809017, 0.309017, 0.5, 0.0, -0.309017, 0.5, -0.809017, 0.0, -0.5, -0.809017, -0.309017, 0.0, 0.0, 0.0, 0.0, 1.0 ], [ -0.5, -0.809017, 0.309017, 0.0, 0.809017, -0.309017, 0.5, 0.0, -0.309017, 0.5, 0.809017, 0.0, 0.0, 0.0, 0.0, 1.0 ], [ -0.309017, 0.5, 0.809017, 0.0, 0.5, 0.809017, -0.309017, 0.0, -0.809017, 0.309017, -0.5, 0.0, 0.0, 0.0, 0.0, 1.0 ], [ -0.809017, 0.309017, -0.5, 0.0, 0.309017, -0.5, -0.809017, 0.0, -0.5, -0.809017, 0.309017, 0.0, 0.0, 0.0, 0.0, 1.0 ], [ -0.809017, -0.309017, 0.5, 0.0, 0.309017, 0.5, 0.809017, 0.0, -0.5, 0.809017, -0.309017, 0.0, 0.0, 0.0, 0.0, 1.0 ], [ -0.5, 0.809017, -0.309017, 0.0, 0.809017, 0.309017, -0.5, 0.0, -0.309017, -0.5, -0.809017, 0.0, 0.0, 0.0, 0.0, 1.0 ], [ -0.309017, -0.5, -0.809017, 0.0, 0.5, -0.809017, 0.309017, 0.0, -0.809017, -0.309017, 0.5, 0.0, 0.0, 0.0, 0.0, 1.0 ] ],
  "lights" : {
    "backgroundColor" : "#AFC8DC",
    "ambientColor" : "#292929",
    "directionalLights" : [ {
      "direction" : [ 1.0, -1.0, -1.0 ],
      "color" : "#EBEBE4"
    }, {
      "direction" : [ -1.0, 0.0, 0.0 ],
      "color" : "#E4E4EB"
    }, {
      "direction" : [ 0.0, 0.0, -1.0 ],
      "color" : "#1E1E1E"
    } ]
  },
  "camera" : {
    "position" : {
      "x" : 76.18674,
      "y" : -175.39796,
      "z" : 51.78773
    },
    "width" : 89.15462,
    "upDirectionRV" : {
      "x" : 0.92137265,
      "y" : 0.35084447,
      "z" : -0.16720727,
      "zero" : false
    },
    "viewDistance" : 198.1213,
    "fieldOfView" : 0.442629,
    "lookDirectionRV" : {
      "x" : -0.3845459,
      "y" : 0.88530594,
      "z" : -0.26139405,
      "zero" : false
    },
    "perspective" : true,
    "lookAtPointRV" : {
      "x" : 0.0,
      "y" : 0.0,
      "z" : 0.0,
      "zero" : true
    },
    "nearClipDistance" : 0.49530295,
    "lookAtPoint" : {
      "x" : 0.0,
      "y" : 0.0,
      "z" : 0.0
    },
    "upDirection" : {
      "x" : 0.92137265,
      "y" : 0.35084447,
      "z" : -0.16720727
    },
    "lookDirection" : {
      "x" : -0.3845459,
      "y" : 0.88530594,
      "z" : -0.26139405
    },
    "farClipDistance" : 396.2432,
    "stereo" : false
  },
  "embedding" : [ 1.0, 0.0, 0.0, 0.0, 0.0, 1.0, 0.0, 0.0, 0.0, 0.0, 1.0, 0.0, 0.0, 0.0, 0.0, 1.0 ],
  "shapes" : [ {
    "id" : "0c0c915f-58f3-4f09-b512-27d49d322f5a",
    "name" : "ball",
    "vertices" : [ {
      "x" : 0.309017,
      "y" : -0.809017,
      "z" : 0.618034
    }, {
      "x" : 0.809017,
      "y" : -0.618034,
      "z" : 0.309017
    }, {
      "x" : 0.618034,
      "y" : -0.309017,
      "z" : 0.809017
    }, {
      "x" : 1.0,
      "y" : 0.309017,
      "z" : 0.19098301
    }, {
      "x" : 0.809017,
      "y" : 0.618034,
      "z" : 0.309017
    }, {
      "x" : 0.618034,
      "y" : 0.309017,
      "z" : 0.809017
    }, {
      "x" : 0.809017,
      "y" : 0.0,
      "z" : 0.690983
    }, {
      "x" : 0.19098301,
      "y" : -1.0,
      "z" : 0.309017
    }, {
      "x" : -0.19098301,
      "y" : -1.0,
      "z" : 0.309017
    }, {
      "x" : -0.19098301,
      "y" : -1.0,
      "z" : -0.309017
    }, {
      "x" : 0.19098301,
      "y" : -1.0,
      "z" : -0.309017
    }, {
      "x" : 1.0,
      "y" : -0.309017,
      "z" : -0.19098301
    }, {
      "x" : 0.809017,
      "y" : -0.618034,
      "z" : -0.309017
    }, {
      "x" : 0.618034,
      "y" : -0.309017,
      "z" : -0.809017
    }, {
      "x" : 0.809017,
      "y" : 0.0,
      "z" : -0.690983
    }, {
      "x" : 0.0,
      "y" : 0.690983,
      "z" : -0.809017
    }, {
      "x" : 0.309017,
      "y" : 0.809017,
      "z" : -0.618034
    }, {
      "x" : 0.618034,
      "y" : 0.309017,
      "z" : -0.809017
    }, {
      "x" : 0.309017,
      "y" : 0.19098301,
      "z" : -1.0
    }, {
      "x" : 1.0,
      "y" : 0.309017,
      "z" : -0.19098301
    }, {
      "x" : -0.309017,
      "y" : -0.809017,
      "z" : 0.618034
    }, {
      "x" : 0.0,
      "y" : -0.690983,
      "z" : 0.809017
    }, {
      "x" : 0.809017,
      "y" : 0.618034,
      "z" : -0.309017
    }, {
      "x" : 0.690983,
      "y" : 0.809017,
      "z" : 0.0
    }, {
      "x" : -0.690983,
      "y" : 0.809017,
      "z" : 0.0
    }, {
      "x" : -0.809017,
      "y" : 0.618034,
      "z" : 0.309017
    }, {
      "x" : -0.309017,
      "y" : 0.809017,
      "z" : 0.618034
    }, {
      "x" : -0.19098301,
      "y" : 1.0,
      "z" : 0.309017
    }, {
      "x" : 0.309017,
      "y" : -0.19098301,
      "z" : -1.0
    }, {
      "x" : 0.19098301,
      "y" : 1.0,
      "z" : 0.309017
    }, {
      "x" : 0.309017,
      "y" : 0.809017,
      "z" : 0.618034
    }, {
      "x" : -0.809017,
      "y" : -0.618034,
      "z" : 0.309017
    }, {
      "x" : -0.690983,
      "y" : -0.809017,
      "z" : 0.0
    }, {
      "x" : 0.0,
      "y" : 0.690983,
      "z" : 0.809017
    }, {
      "x" : 0.309017,
      "y" : -0.809017,
      "z" : -0.618034
    }, {
      "x" : 0.0,
      "y" : -0.690983,
      "z" : -0.809017
    }, {
      "x" : -1.0,
      "y" : 0.309017,
      "z" : 0.19098301
    }, {
      "x" : -0.809017,
      "y" : 0.0,
      "z" : 0.690983
    }, {
      "x" : -0.618034,
      "y" : 0.309017,
      "z" : 0.809017
    }, {
      "x" : 1.0,
      "y" : -0.309017,
      "z" : 0.19098301
    }, {
      "x" : -0.309017,
      "y" : -0.809017,
      "z" : -0.618034
    }, {
      "x" : -1.0,
      "y" : 0.309017,
      "z" : -0.19098301
    }, {
      "x" : -1.0,
      "y" : -0.309017,
      "z" : -0.19098301
    }, {
      "x" : -1.0,
      "y" : -0.309017,
      "z" : 0.19098301
    }, {
      "x" : 0.19098301,
      "y" : 1.0,
      "z" : -0.309017
    }, {
      "x" : -0.809017,
      "y" : 0.618034,
      "z" : -0.309017
    }, {
      "x" : -0.19098301,
      "y" : 1.0,
      "z" : -0.309017
    }, {
      "x" : -0.309017,
      "y" : 0.809017,
      "z" : -0.618034
    }, {
      "x" : -0.618034,
      "y" : -0.309017,
      "z" : 0.809017
    }, {
      "x" : 0.309017,
      "y" : 0.19098301,
      "z" : 1.0
    }, {
      "x" : -0.309017,
      "y" : 0.19098301,
      "z" : -1.0
    }, {
      "x" : -0.309017,
      "y" : 0.19098301,
      "z" : 1.0
    }, {
      "x" : -0.309017,
      "y" : -0.19098301,
      "z" : 1.0
    }, {
      "x" : 0.309017,
      "y" : -0.19098301,
      "z" : 1.0
    }, {
      "x" : 0.690983,
      "y" : -0.809017,
      "z" : 0.0
    }, {
      "x" : -0.809017,
      "y" : 0.0,
      "z" : -0.690983
    }, {
      "x" : -0.618034,
      "y" : -0.309017,
      "z" : -0.809017
    }, {
      "x" : -0.309017,
      "y" : -0.19098301,
      "z" : -1.0
    }, {
      "x" : -0.618034,
      "y" : 0.309017,
      "z" : -0.809017
    }, {
      "x" : -0.809017,
      "y" : -0.618034,
      "z" : -0.309017
    } ],
    "faces" : [ {
      "vertices" : [ 9, 40, 35, 34, 10 ]
    }, {
      "vertices" : [ 0, 1, 2 ]
    }, {
      "vertices" : [ 33, 51, 49 ]
    }, {
      "vertices" : [ 25, 36, 37, 38 ]
    }, {
      "vertices" : [ 41, 55, 42 ]
    }, {
      "vertices" : [ 9, 32, 59, 40 ]
    }, {
      "vertices" : [ 20, 21, 52, 48 ]
    }, {
      "vertices" : [ 26, 33, 30, 29, 27 ]
    }, {
      "vertices" : [ 3, 4, 5, 6 ]
    }, {
      "vertices" : [ 27, 29, 44, 46 ]
    }, {
      "vertices" : [ 50, 57, 56, 55, 58 ]
    }, {
      "vertices" : [ 26, 38, 51, 33 ]
    }, {
      "vertices" : [ 45, 47, 58 ]
    }, {
      "vertices" : [ 18, 28, 57, 50 ]
    }, {
      "vertices" : [ 40, 59, 56 ]
    }, {
      "vertices" : [ 31, 48, 37, 43 ]
    }, {
      "vertices" : [ 7, 8, 9, 10 ]
    }, {
      "vertices" : [ 36, 41, 42, 43 ]
    }, {
      "vertices" : [ 24, 46, 47, 45 ]
    }, {
      "vertices" : [ 4, 30, 5 ]
    }, {
      "vertices" : [ 15, 47, 46, 44, 16 ]
    }, {
      "vertices" : [ 15, 50, 58, 47 ]
    }, {
      "vertices" : [ 24, 45, 41, 36, 25 ]
    }, {
      "vertices" : [ 11, 14, 19 ]
    }, {
      "vertices" : [ 3, 6, 39 ]
    }, {
      "vertices" : [ 1, 39, 6, 2 ]
    }, {
      "vertices" : [ 8, 32, 9 ]
    }, {
      "vertices" : [ 11, 12, 13, 14 ]
    }, {
      "vertices" : [ 16, 22, 17 ]
    }, {
      "vertices" : [ 0, 21, 20, 8, 7 ]
    }, {
      "vertices" : [ 12, 34, 13 ]
    }, {
      "vertices" : [ 35, 40, 56, 57 ]
    }, {
      "vertices" : [ 0, 7, 54, 1 ]
    }, {
      "vertices" : [ 15, 16, 17, 18 ]
    }, {
      "vertices" : [ 3, 19, 22, 23, 4 ]
    }, {
      "vertices" : [ 7, 10, 54 ]
    }, {
      "vertices" : [ 41, 45, 58, 55 ]
    }, {
      "vertices" : [ 3, 39, 11, 19 ]
    }, {
      "vertices" : [ 14, 17, 22, 19 ]
    }, {
      "vertices" : [ 0, 2, 53, 21 ]
    }, {
      "vertices" : [ 49, 51, 52, 53 ]
    }, {
      "vertices" : [ 31, 43, 42, 59, 32 ]
    }, {
      "vertices" : [ 15, 18, 50 ]
    }, {
      "vertices" : [ 42, 55, 56, 59 ]
    }, {
      "vertices" : [ 4, 23, 29, 30 ]
    }, {
      "vertices" : [ 25, 38, 26 ]
    }, {
      "vertices" : [ 13, 28, 18, 17, 14 ]
    }, {
      "vertices" : [ 8, 20, 31, 32 ]
    }, {
      "vertices" : [ 23, 44, 29 ]
    }, {
      "vertices" : [ 24, 27, 46 ]
    }, {
      "vertices" : [ 37, 48, 52, 51, 38 ]
    }, {
      "vertices" : [ 20, 48, 31 ]
    }, {
      "vertices" : [ 24, 25, 26, 27 ]
    }, {
      "vertices" : [ 16, 44, 23, 22 ]
    }, {
      "vertices" : [ 13, 34, 35, 28 ]
    }, {
      "vertices" : [ 10, 34, 12, 54 ]
    }, {
      "vertices" : [ 2, 6, 5, 49, 53 ]
    }, {
      "vertices" : [ 36, 43, 37 ]
    }, {
      "vertices" : [ 5, 30, 33, 49 ]
    }, {
      "vertices" : [ 1, 54, 12, 11, 39 ]
    }, {
      "vertices" : [ 28, 35, 57 ]
    }, {
      "vertices" : [ 21, 53, 52 ]
    } ]
  }, {
    "id" : "ce783909-3189-4028-b574-39cb646f49d9",
    "orbit" : "blue",
    "orbitC" : "[[0,0,1],[0,0,1]]",
    "length" : "[276,180,649]",
    "name" : " :276/649 +180/649*phi",
    "vertices" : [ {
      "x" : 6.4049096,
      "y" : 0.309017,
      "z" : 0.19098301
    }, {
      "x" : 6.4049096,
      "y" : 0.309017,
      "z" : -0.19098301
    }, {
      "x" : 1.0,
      "y" : 0.309017,
      "z" : -0.19098301
    }, {
      "x" : 1.0,
      "y" : 0.309017,
      "z" : 0.19098301
    }, {
      "x" : 6.4049096,
      "y" : -0.309017,
      "z" : 0.19098301
    }, {
      "x" : 1.0,
      "y" : -0.309017,
      "z" : 0.19098301
    }, {
      "x" : 1.0,
      "y" : -0.309017,
      "z" : -0.19098301
    }, {
      "x" : 6.4049096,
      "y" : -0.309017,
      "z" : -0.19098301
    }, {
      "x" : 7.4049096,
      "y" : 0.0,
      "z" : 0.0
    } ],
    "faces" : [ {
      "vertices" : [ 1, 7, 6, 2 ]
    }, {
      "vertices" : [ 0, 1, 2, 3 ]
    }, {
      "vertices" : [ 4, 5, 6, 7 ]
    }, {
      "vertices" : [ 0, 3, 5, 4 ]
    } ]
  }, {
    "id" : "b3cfd019-d276-4ecf-9a98-89e601fdd15a",
    "orbit" : "green",
    "orbitC" : "[[2,-1,1],[5,-3,1]]",
    "length" : "[-1,1,1]",
    "name" : "g0",
    "vertices" : [ {
      "x" : 5.1405764,
      "y" : 1.7725425,
      "z" : -0.868034
    }, {
      "x" : 6.163119,
      "y" : 1.809017,
      "z" : -1.0
    }, {
      "x" : 5.1405764,
      "y" : 1.7725425,
      "z" : -0.48606798
    }, {
      "x" : 4.9495935,
      "y" : 2.0815594,
      "z" : -0.98606795
    }, {
      "x" : 4.9495935,
      "y" : 2.0815594,
      "z" : -0.60410196
    }, {
      "x" : 0.809017,
      "y" : 0.618034,
      "z" : 0.309017
    }, {
      "x" : 1.0,
      "y" : 0.309017,
      "z" : 0.19098301
    }, {
      "x" : 1.9045085,
      "y" : 0.5364745,
      "z" : -0.013932022
    }, {
      "x" : 5.854102,
      "y" : 2.309017,
      "z" : -1.190983
    }, {
      "x" : 6.045085,
      "y" : 2.0,
      "z" : -1.309017
    }, {
      "x" : 6.045085,
      "y" : 2.0,
      "z" : -0.690983
    }, {
      "x" : 5.854102,
      "y" : 2.309017,
      "z" : -0.809017
    }, {
      "x" : 1.7135255,
      "y" : 0.8454915,
      "z" : -0.13196601
    }, {
      "x" : 0.690983,
      "y" : 0.809017,
      "z" : 0.0
    }, {
      "x" : 1.9045085,
      "y" : 0.5364745,
      "z" : -0.39589804
    }, {
      "x" : 1.7135255,
      "y" : 0.8454915,
      "z" : -0.51393205
    }, {
      "x" : 0.809017,
      "y" : 0.618034,
      "z" : -0.309017
    }, {
      "x" : 1.0,
      "y" : 0.309017,
      "z" : -0.19098301
    }, {
      "x" : 6.854102,
      "y" : 2.618034,
      "z" : -1.0
    } ],
    "faces" : [ {
      "vertices" : [ 0, 14, 15, 3 ]
    }, {
      "vertices" : [ 3, 15, 12, 4 ]
    }, {
      "vertices" : [ 0, 1, 2 ]
    }, {
      "vertices" : [ 12, 15, 13 ]
    }, {
      "vertices" : [ 0, 9, 1 ]
    }, {
      "vertices" : [ 0, 3, 9 ]
    }, {
      "vertices" : [ 13, 15, 16 ]
    }, {
      "vertices" : [ 6, 17, 14, 7 ]
    }, {
      "vertices" : [ 1, 10, 2 ]
    }, {
      "vertices" : [ 5, 6, 7 ]
    }, {
      "vertices" : [ 3, 8, 9 ]
    }, {
      "vertices" : [ 0, 2, 7, 14 ]
    }, {
      "vertices" : [ 5, 7, 12 ]
    }, {
      "vertices" : [ 2, 4, 12, 7 ]
    }, {
      "vertices" : [ 3, 4, 11, 8 ]
    }, {
      "vertices" : [ 2, 10, 11, 4 ]
    }, {
      "vertices" : [ 5, 12, 13 ]
    }, {
      "vertices" : [ 14, 17, 16, 15 ]
    } ]
  }, {
    "id" : "5d927816-c69d-4d2d-9f60-a678ad27e75a",
    "orbit" : "yellow",
    "orbitC" : "[[0,0,1],[2,-1,1]]",
    "length" : "[1,0,1]",
    "name" : "y1",
    "vertices" : [ {
      "x" : 0.809017,
      "y" : 0.0,
      "z" : -0.690983
    }, {
      "x" : 1.0,
      "y" : 0.309017,
      "z" : -0.19098301
    }, {
      "x" : 2.618034,
      "y" : 0.309017,
      "z" : -0.809017
    }, {
      "x" : 2.427051,
      "y" : 0.0,
      "z" : -1.309017
    }, {
      "x" : 5.854102,
      "y" : 0.309017,
      "z" : -2.427051
    }, {
      "x" : 1.0,
      "y" : -0.309017,
      "z" : -0.19098301
    }, {
      "x" : 2.618034,
      "y" : -0.309017,
      "z" : -0.809017
    }, {
      "x" : 4.236068,
      "y" : 0.309017,
      "z" : -1.809017
    }, {
      "x" : 4.427051,
      "y" : 0.0,
      "z" : -1.309017
    }, {
      "x" : 6.854102,
      "y" : 0.0,
      "z" : -2.618034
    }, {
      "x" : 4.236068,
      "y" : -0.309017,
      "z" : -1.809017
    }, {
      "x" : 6.045085,
      "y" : 0.0,
      "z" : -1.927051
    }, {
      "x" : 5.854102,
      "y" : -0.309017,
      "z" : -2.427051
    } ],
    "faces" : [ {
      "vertices" : [ 2, 6, 8 ]
    }, {
      "vertices" : [ 4, 12, 10, 7 ]
    }, {
      "vertices" : [ 2, 8, 7 ]
    }, {
      "vertices" : [ 3, 10, 6 ]
    }, {
      "vertices" : [ 3, 7, 10 ]
    }, {
      "vertices" : [ 0, 1, 2, 3 ]
    }, {
      "vertices" : [ 6, 10, 8 ]
    }, {
      "vertices" : [ 8, 10, 12, 11 ]
    }, {
      "vertices" : [ 2, 7, 3 ]
    }, {
      "vertices" : [ 0, 3, 6, 5 ]
    }, {
      "vertices" : [ 1, 5, 6, 2 ]
    }, {
      "vertices" : [ 4, 7, 8, 11 ]
    } ]
  }, {
    "id" : "9880b409-9ee0-43e4-b934-606f521852ce",
    "orbit" : "blue",
    "orbitC" : "[[0,0,1],[0,0,1]]",
    "length" : "[1,0,1]",
    "name" : "b1",
    "vertices" : [ {
      "x" : 7.472136,
      "y" : 0.309017,
      "z" : 0.19098301
    }, {
      "x" : 7.472136,
      "y" : 0.309017,
      "z" : -0.19098301
    }, {
      "x" : 1.0,
      "y" : 0.309017,
      "z" : -0.19098301
    }, {
      "x" : 1.0,
      "y" : 0.309017,
      "z" : 0.19098301
    }, {
      "x" : 7.472136,
      "y" : -0.309017,
      "z" : 0.19098301
    }, {
      "x" : 1.0,
      "y" : -0.309017,
      "z" : 0.19098301
    }, {
      "x" : 1.0,
      "y" : -0.309017,
      "z" : -0.19098301
    }, {
      "x" : 7.472136,
      "y" : -0.309017,
      "z" : -0.19098301
    }, {
      "x" : 8.472136,
      "y" : 0.0,
      "z" : 0.0
    } ],
    "faces" : [ {
      "vertices" : [ 1, 7, 6, 2 ]
    }, {
      "vertices" : [ 0, 1, 2, 3 ]
    }, {
      "vertices" : [ 4, 5, 6, 7 ]
    }, {
      "vertices" : [ 0, 3, 5, 4 ]
    } ]
  }, {
    "id" : "35c31a55-1cd2-41cb-89f0-bfb2c1972267",
    "orbit" : "blue",
    "orbitC" : "[[0,0,1],[0,0,1]]",
    "length" : "[-1,1,1]",
    "name" : "b0",
    "vertices" : [ {
      "x" : 4.236068,
      "y" : 0.309017,
      "z" : 0.19098301
    }, {
      "x" : 4.236068,
      "y" : 0.309017,
      "z" : -0.19098301
    }, {
      "x" : 1.0,
      "y" : 0.309017,
      "z" : -0.19098301
    }, {
      "x" : 1.0,
      "y" : 0.309017,
      "z" : 0.19098301
    }, {
      "x" : 4.236068,
      "y" : -0.309017,
      "z" : 0.19098301
    }, {
      "x" : 1.0,
      "y" : -0.309017,
      "z" : 0.19098301
    }, {
      "x" : 1.0,
      "y" : -0.309017,
      "z" : -0.19098301
    }, {
      "x" : 4.236068,
      "y" : -0.309017,
      "z" : -0.19098301
    }, {
      "x" : 5.236068,
      "y" : 0.0,
      "z" : 0.0
    } ],
    "faces" : [ {
      "vertices" : [ 1, 7, 6, 2 ]
    }, {
      "vertices" : [ 0, 1, 2, 3 ]
    }, {
      "vertices" : [ 4, 5, 6, 7 ]
    }, {
      "vertices" : [ 0, 3, 5, 4 ]
    } ]
  }, {
    "id" : "7f64c3a1-6608-4a38-b682-5f6c7e8905bb",
    "orbit" : "green",
    "orbitC" : "[[2,-1,1],[5,-3,1]]",
    "length" : "[-53,38,12]",
    "name" : " :-53/12 +19/6*phi",
    "vertices" : [ {
      "x" : 6.1284184,
      "y" : 2.1498644,
      "z" : -1.0121582
    }, {
      "x" : 7.150961,
      "y" : 2.186339,
      "z" : -1.1441242
    }, {
      "x" : 6.1284184,
      "y" : 2.1498644,
      "z" : -0.63019216
    }, {
      "x" : 5.937435,
      "y" : 2.4588814,
      "z" : -1.1301922
    }, {
      "x" : 5.937435,
      "y" : 2.4588814,
      "z" : -0.74822617
    }, {
      "x" : 0.809017,
      "y" : 0.618034,
      "z" : 0.309017
    }, {
      "x" : 1.0,
      "y" : 0.309017,
      "z" : 0.19098301
    }, {
      "x" : 1.9045085,
      "y" : 0.5364745,
      "z" : -0.013932022
    }, {
      "x" : 6.8419437,
      "y" : 2.686339,
      "z" : -1.3351072
    }, {
      "x" : 7.032927,
      "y" : 2.377322,
      "z" : -1.4531412
    }, {
      "x" : 7.032927,
      "y" : 2.377322,
      "z" : -0.8351072
    }, {
      "x" : 6.8419437,
      "y" : 2.686339,
      "z" : -0.95314115
    }, {
      "x" : 1.7135255,
      "y" : 0.8454915,
      "z" : -0.13196601
    }, {
      "x" : 0.690983,
      "y" : 0.809017,
      "z" : 0.0
    }, {
      "x" : 1.9045085,
      "y" : 0.5364745,
      "z" : -0.39589804
    }, {
      "x" : 1.7135255,
      "y" : 0.8454915,
      "z" : -0.51393205
    }, {
      "x" : 0.809017,
      "y" : 0.618034,
      "z" : -0.309017
    }, {
      "x" : 1.0,
      "y" : 0.309017,
      "z" : -0.19098301
    }, {
      "x" : 7.8419437,
      "y" : 2.995356,
      "z" : -1.1441242
    } ],
    "faces" : [ {
      "vertices" : [ 0, 14, 15, 3 ]
    }, {
      "vertices" : [ 3, 15, 12, 4 ]
    }, {
      "vertices" : [ 0, 1, 2 ]
    }, {
      "vertices" : [ 12, 15, 13 ]
    }, {
      "vertices" : [ 0, 9, 1 ]
    }, {
      "vertices" : [ 0, 3, 9 ]
    }, {
      "vertices" : [ 13, 15, 16 ]
    }, {
      "vertices" : [ 6, 17, 14, 7 ]
    }, {
      "vertices" : [ 1, 10, 2 ]
    }, {
      "vertices" : [ 5, 6, 7 ]
    }, {
      "vertices" : [ 3, 8, 9 ]
    }, {
      "vertices" : [ 0, 2, 7, 14 ]
    }, {
      "vertices" : [ 5, 7, 12 ]
    }, {
      "vertices" : [ 2, 4, 12, 7 ]
    }, {
      "vertices" : [ 3, 4, 11, 8 ]
    }, {
      "vertices" : [ 2, 10, 11, 4 ]
    }, {
      "vertices" : [ 5, 12, 13 ]
    }, {
      "vertices" : [ 14, 17, 16, 15 ]
    } ]
  }, {
    "id" : "843af75b-347b-4ca4-b82d-cbb2d8f35637",
    "orbit" : "blue",
    "orbitC" : "[[0,0,1],[0,0,1]]",
    "length" : "[-53,38,12]",
    "name" : " :-53/12 +19/6*phi",
    "vertices" : [ {
      "x" : 4.990712,
      "y" : 0.309017,
      "z" : 0.19098301
    }, {
      "x" : 4.990712,
      "y" : 0.309017,
      "z" : -0.19098301
    }, {
      "x" : 1.0,
      "y" : 0.309017,
      "z" : -0.19098301
    }, {
      "x" : 1.0,
      "y" : 0.309017,
      "z" : 0.19098301
    }, {
      "x" : 4.990712,
      "y" : -0.309017,
      "z" : 0.19098301
    }, {
      "x" : 1.0,
      "y" : -0.309017,
      "z" : 0.19098301
    }, {
      "x" : 1.0,
      "y" : -0.309017,
      "z" : -0.19098301
    }, {
      "x" : 4.990712,
      "y" : -0.309017,
      "z" : -0.19098301
    }, {
      "x" : 5.990712,
      "y" : 0.0,
      "z" : 0.0
    } ],
    "faces" : [ {
      "vertices" : [ 1, 7, 6, 2 ]
    }, {
      "vertices" : [ 0, 1, 2, 3 ]
    }, {
      "vertices" : [ 4, 5, 6, 7 ]
    }, {
      "vertices" : [ 0, 3, 5, 4 ]
    } ]
  } ],
  "instances" : [ {
    "shape" : "0c0c915f-58f3-4f09-b512-27d49d322f5a",
    "color" : "#00FF00",
    "position" : {
      "x" : 8.938522,
      "y" : 3.7024548,
      "z" : 13.860448
    }
  }, {
    "shape" : "0c0c915f-58f3-4f09-b512-27d49d322f5a",
    "color" : "#00FF00",
    "position" : {
      "x" : 18.698915,
      "y" : -5.990712,
      "z" : -22.087229
    }
  }, {
    "shape" : "ce783909-3189-4028-b574-39cb646f49d9",
    "color" : "#008EC2",
    "position" : {
      "x" : 14.174591,
      "y" : 3.7024548,
      "z" : 26.501425
    },
    "orientation" : 16
  }, {
    "shape" : "b3cfd019-d276-4ecf-9a98-89e601fdd15a",
    "color" : "#00993F",
    "position" : {
      "x" : 8.938522,
      "y" : -14.174591,
      "z" : 21.265358
    },
    "orientation" : 38
  }, {
    "shape" : "0c0c915f-58f3-4f09-b512-27d49d322f5a",
    "color" : "#FFFF00",
    "position" : {
      "x" : 5.990712,
      "y" : -4.236068,
      "z" : -40.786144
    }
  }, {
    "shape" : "0c0c915f-58f3-4f09-b512-27d49d322f5a",
    "color" : "#FFFF00",
    "position" : {
      "x" : 8.472136,
      "y" : 4.236068,
      "z" : -11.860448
    }
  }, {
    "shape" : "5d927816-c69d-4d2d-9f60-a678ad27e75a",
    "color" : "#FFB31A",
    "position" : {
      "x" : -4.236068,
      "y" : 5.990712,
      "z" : -22.087229
    },
    "orientation" : 54
  }, {
    "shape" : "0c0c915f-58f3-4f09-b512-27d49d322f5a",
    "color" : "#FFFF00",
    "position" : {
      "x" : -8.472136,
      "y" : 10.22678,
      "z" : -17.85116
    }
  }, {
    "shape" : "9880b409-9ee0-43e4-b934-606f521852ce",
    "color" : "#008EC2",
    "position" : {
      "x" : -4.236068,
      "y" : 14.462848,
      "z" : -30.559364
    },
    "orientation" : 0
  }, {
    "shape" : "35c31a55-1cd2-41cb-89f0-bfb2c1972267",
    "color" : "#008EC2",
    "position" : {
      "x" : 14.174591,
      "y" : 3.7024548,
      "z" : 21.265358
    },
    "orientation" : 1
  }, {
    "shape" : "5d927816-c69d-4d2d-9f60-a678ad27e75a",
    "color" : "#FFB31A",
    "position" : {
      "x" : -10.22678,
      "y" : -8.472136,
      "z" : -36.550076
    },
    "orientation" : 3
  }, {
    "shape" : "7f64c3a1-6608-4a38-b682-5f6c7e8905bb",
    "color" : "#00993F",
    "position" : {
      "x" : -10.22678,
      "y" : -8.472136,
      "z" : -36.550076
    },
    "orientation" : 37
  }, {
    "shape" : "0c0c915f-58f3-4f09-b512-27d49d322f5a",
    "color" : "#FFFF00",
    "position" : {
      "x" : 4.236068,
      "y" : -14.462848,
      "z" : -30.559364
    }
  }, {
    "shape" : "9880b409-9ee0-43e4-b934-606f521852ce",
    "color" : "#008EC2",
    "position" : {
      "x" : 8.472136,
      "y" : 10.22678,
      "z" : -17.85116
    },
    "orientation" : 47
  }, {
    "shape" : "0c0c915f-58f3-4f09-b512-27d49d322f5a",
    "color" : "#FFFF00",
    "position" : {
      "x" : -8.472136,
      "y" : -10.22678,
      "z" : -17.85116
    }
  }, {
    "shape" : "0c0c915f-58f3-4f09-b512-27d49d322f5a",
    "color" : "#FF0000",
    "position" : {
      "x" : 14.174591,
      "y" : 3.7024548,
      "z" : 13.860448
    }
  }, {
    "shape" : "9880b409-9ee0-43e4-b934-606f521852ce",
    "color" : "#008EC2",
    "position" : {
      "x" : -4.236068,
      "y" : 8.472136,
      "z" : -36.550076
    },
    "orientation" : 0
  }, {
    "shape" : "0c0c915f-58f3-4f09-b512-27d49d322f5a",
    "color" : "#00FF00",
    "position" : {
      "x" : 3.7024548,
      "y" : -3.7024548,
      "z" : 8.62438
    }
  }, {
    "shape" : "b3cfd019-d276-4ecf-9a98-89e601fdd15a",
    "color" : "#00993F",
    "position" : {
      "x" : -3.7024548,
      "y" : -14.174591,
      "z" : 26.501425
    },
    "orientation" : 7
  }, {
    "shape" : "0c0c915f-58f3-4f09-b512-27d49d322f5a",
    "color" : "#FFFF00",
    "position" : {
      "x" : -5.990712,
      "y" : 18.698915,
      "z" : -17.85116
    }
  }, {
    "shape" : "b3cfd019-d276-4ecf-9a98-89e601fdd15a",
    "color" : "#00993F",
    "position" : {
      "x" : 3.7024548,
      "y" : -8.938522,
      "z" : 21.265358
    },
    "orientation" : 7
  }, {
    "shape" : "5d927816-c69d-4d2d-9f60-a678ad27e75a",
    "color" : "#FFB31A",
    "position" : {
      "x" : -10.22678,
      "y" : 14.462848,
      "z" : -13.615092
    },
    "orientation" : 3
  }, {
    "shape" : "0c0c915f-58f3-4f09-b512-27d49d322f5a",
    "color" : "#00FF00",
    "position" : {
      "x" : 14.462848,
      "y" : 10.22678,
      "z" : -17.85116
    }
  }, {
    "shape" : "0c0c915f-58f3-4f09-b512-27d49d322f5a",
    "color" : "#FF0000",
    "position" : {
      "x" : -3.7024548,
      "y" : 3.7024548,
      "z" : 3.3883123
    }
  }, {
    "shape" : "0c0c915f-58f3-4f09-b512-27d49d322f5a",
    "color" : "#00FF00",
    "position" : {
      "x" : -14.462848,
      "y" : 10.22678,
      "z" : -17.85116
    }
  }, {
    "shape" : "b3cfd019-d276-4ecf-9a98-89e601fdd15a",
    "color" : "#00993F",
    "position" : {
      "x" : -3.7024548,
      "y" : 14.174591,
      "z" : 8.62438
    },
    "orientation" : 22
  }, {
    "shape" : "0c0c915f-58f3-4f09-b512-27d49d322f5a",
    "color" : "#FFFF00",
    "position" : {
      "x" : -8.472136,
      "y" : 10.22678,
      "z" : -26.323296
    }
  }, {
    "shape" : "5d927816-c69d-4d2d-9f60-a678ad27e75a",
    "color" : "#FFB31A",
    "position" : {
      "x" : 14.462848,
      "y" : 10.22678,
      "z" : -26.323296
    },
    "orientation" : 54
  }, {
    "shape" : "0c0c915f-58f3-4f09-b512-27d49d322f5a",
    "color" : "#FF0000",
    "position" : {
      "x" : -10.22678,
      "y" : 14.462848,
      "z" : -30.559364
    }
  }, {
    "shape" : "b3cfd019-d276-4ecf-9a98-89e601fdd15a",
    "color" : "#00993F",
    "position" : {
      "x" : 8.938522,
      "y" : 3.7024548,
      "z" : 13.860448
    },
    "orientation" : 53
  }, {
    "shape" : "b3cfd019-d276-4ecf-9a98-89e601fdd15a",
    "color" : "#00993F",
    "position" : {
      "x" : 14.174591,
      "y" : 8.938522,
      "z" : 13.860448
    },
    "orientation" : 51
  }, {
    "shape" : "0c0c915f-58f3-4f09-b512-27d49d322f5a",
    "color" : "#FFFF00",
    "position" : {
      "x" : 8.938522,
      "y" : -3.7024548,
      "z" : 3.3883123
    }
  }, {
    "shape" : "35c31a55-1cd2-41cb-89f0-bfb2c1972267",
    "color" : "#008EC2",
    "position" : {
      "x" : -14.174591,
      "y" : 3.7024548,
      "z" : 13.860448
    },
    "orientation" : 47
  }, {
    "shape" : "0c0c915f-58f3-4f09-b512-27d49d322f5a",
    "color" : "#FFFF00",
    "position" : {
      "x" : 5.990712,
      "y" : 18.698915,
      "z" : -17.85116
    }
  }, {
    "shape" : "7f64c3a1-6608-4a38-b682-5f6c7e8905bb",
    "color" : "#00993F",
    "position" : {
      "x" : -14.462848,
      "y" : 10.22678,
      "z" : -26.323296
    },
    "orientation" : 22
  }, {
    "shape" : "7f64c3a1-6608-4a38-b682-5f6c7e8905bb",
    "color" : "#00993F",
    "position" : {
      "x" : 10.22678,
      "y" : 8.472136,
      "z" : -7.62438
    },
    "orientation" : 52
  }, {
    "shape" : "843af75b-347b-4ca4-b82d-cbb2d8f35637",
    "color" : "#008EC2",
    "position" : {
      "x" : -5.990712,
      "y" : -4.236068,
      "z" : -40.786144
    },
    "orientation" : 0
  }, {
    "shape" : "5d927816-c69d-4d2d-9f60-a678ad27e75a",
    "color" : "#FFB31A",
    "position" : {
      "x" : 14.462848,
      "y" : -10.22678,
      "z" : -17.85116
    },
    "orientation" : 39
  }, {
    "shape" : "b3cfd019-d276-4ecf-9a98-89e601fdd15a",
    "color" : "#00993F",
    "position" : {
      "x" : 3.7024548,
      "y" : -8.938522,
      "z" : 3.3883123
    },
    "orientation" : 6
  }, {
    "shape" : "0c0c915f-58f3-4f09-b512-27d49d322f5a",
    "color" : "#FFFF00",
    "position" : {
      "x" : 14.174591,
      "y" : -3.7024548,
      "z" : 26.501425
    }
  }, {
    "shape" : "7f64c3a1-6608-4a38-b682-5f6c7e8905bb",
    "color" : "#00993F",
    "position" : {
      "x" : 8.472136,
      "y" : -10.22678,
      "z" : -17.85116
    },
    "orientation" : 7
  }, {
    "shape" : "5d927816-c69d-4d2d-9f60-a678ad27e75a",
    "color" : "#FFB31A",
    "position" : {
      "x" : 4.236068,
      "y" : 8.472136,
      "z" : -36.550076
    },
    "orientation" : 19
  }, {
    "shape" : "0c0c915f-58f3-4f09-b512-27d49d322f5a",
    "color" : "#0000FF",
    "position" : {
      "x" : 0.0,
      "y" : -18.698915,
      "z" : -17.85116
    }
  }, {
    "shape" : "5d927816-c69d-4d2d-9f60-a678ad27e75a",
    "color" : "#FFB31A",
    "position" : {
      "x" : 10.22678,
      "y" : -8.472136,
      "z" : -36.550076
    },
    "orientation" : 54
  }, {
    "shape" : "5d927816-c69d-4d2d-9f60-a678ad27e75a",
    "color" : "#FFB31A",
    "position" : {
      "x" : -14.462848,
      "y" : 10.22678,
      "z" : -17.85116
    },
    "orientation" : 9
  }, {
    "shape" : "843af75b-347b-4ca4-b82d-cbb2d8f35637",
    "color" : "#008EC2",
    "position" : {
      "x" : 10.22678,
      "y" : 14.462848,
      "z" : -30.559364
    },
    "orientation" : 45
  }, {
    "shape" : "b3cfd019-d276-4ecf-9a98-89e601fdd15a",
    "color" : "#00993F",
    "position" : {
      "x" : -8.938522,
      "y" : -3.7024548,
      "z" : 21.265358
    },
    "orientation" : 8
  }, {
    "shape" : "5d927816-c69d-4d2d-9f60-a678ad27e75a",
    "color" : "#FFB31A",
    "position" : {
      "x" : -14.462848,
      "y" : -10.22678,
      "z" : -26.323296
    },
    "orientation" : 4
  }, {
    "shape" : "0c0c915f-58f3-4f09-b512-27d49d322f5a",
    "color" : "#00FF00",
    "position" : {
      "x" : 8.938522,
      "y" : -3.7024548,
      "z" : 21.265358
    }
  }, {
    "shape" : "7f64c3a1-6608-4a38-b682-5f6c7e8905bb",
    "color" : "#00993F",
    "position" : {
      "x" : -4.236068,
      "y" : 0.0,
      "z" : -28.07794
    },
    "orientation" : 37
  }, {
    "shape" : "35c31a55-1cd2-41cb-89f0-bfb2c1972267",
    "color" : "#008EC2",
    "position" : {
      "x" : -3.7024548,
      "y" : -3.7024548,
      "z" : 3.3883123
    },
    "orientation" : 45
  }, {
    "shape" : "9880b409-9ee0-43e4-b934-606f521852ce",
    "color" : "#008EC2",
    "position" : {
      "x" : 4.236068,
      "y" : 14.462848,
      "z" : -13.615092
    },
    "orientation" : 45
  }, {
    "shape" : "0c0c915f-58f3-4f09-b512-27d49d322f5a",
    "color" : "#FFFF00",
    "position" : {
      "x" : 14.174591,
      "y" : 3.7024548,
      "z" : 8.62438
    }
  }, {
    "shape" : "0c0c915f-58f3-4f09-b512-27d49d322f5a",
    "color" : "#FFFF00",
    "position" : {
      "x" : -8.938522,
      "y" : -3.7024548,
      "z" : 3.3883123
    }
  }, {
    "shape" : "ce783909-3189-4028-b574-39cb646f49d9",
    "color" : "#008EC2",
    "position" : {
      "x" : -3.7024548,
      "y" : 14.174591,
      "z" : 13.860448
    },
    "orientation" : 0
  }, {
    "shape" : "b3cfd019-d276-4ecf-9a98-89e601fdd15a",
    "color" : "#00993F",
    "position" : {
      "x" : -3.7024548,
      "y" : -14.174591,
      "z" : 8.62438
    },
    "orientation" : 52
  }, {
    "shape" : "0c0c915f-58f3-4f09-b512-27d49d322f5a",
    "color" : "#FFFF00",
    "position" : {
      "x" : 8.472136,
      "y" : -4.236068,
      "z" : -32.314007
    }
  }, {
    "shape" : "0c0c915f-58f3-4f09-b512-27d49d322f5a",
    "color" : "#FF0000",
    "position" : {
      "x" : -4.236068,
      "y" : -5.990712,
      "z" : -22.087229
    }
  }, {
    "shape" : "843af75b-347b-4ca4-b82d-cbb2d8f35637",
    "color" : "#008EC2",
    "position" : {
      "x" : 14.462848,
      "y" : -4.236068,
      "z" : -11.860448
    },
    "orientation" : 45
  }, {
    "shape" : "9880b409-9ee0-43e4-b934-606f521852ce",
    "color" : "#008EC2",
    "position" : {
      "x" : -8.472136,
      "y" : 10.22678,
      "z" : -17.85116
    },
    "orientation" : 47
  }, {
    "shape" : "0c0c915f-58f3-4f09-b512-27d49d322f5a",
    "color" : "#FF0000",
    "position" : {
      "x" : -3.7024548,
      "y" : 14.174591,
      "z" : 21.265358
    }
  }, {
    "shape" : "5d927816-c69d-4d2d-9f60-a678ad27e75a",
    "color" : "#FFB31A",
    "position" : {
      "x" : 8.472136,
      "y" : -10.22678,
      "z" : -26.323296
    },
    "orientation" : 19
  }, {
    "shape" : "0c0c915f-58f3-4f09-b512-27d49d322f5a",
    "color" : "#00FF00",
    "position" : {
      "x" : 3.7024548,
      "y" : -8.938522,
      "z" : 21.265358
    }
  }, {
    "shape" : "0c0c915f-58f3-4f09-b512-27d49d322f5a",
    "color" : "#0000FF",
    "position" : {
      "x" : 0.0,
      "y" : -4.236068,
      "z" : -40.786144
    }
  }, {
    "shape" : "7f64c3a1-6608-4a38-b682-5f6c7e8905bb",
    "color" : "#00993F",
    "position" : {
      "x" : -8.472136,
      "y" : -4.236068,
      "z" : -32.314007
    },
    "orientation" : 37
  }, {
    "shape" : "5d927816-c69d-4d2d-9f60-a678ad27e75a",
    "color" : "#FFB31A",
    "position" : {
      "x" : -4.236068,
      "y" : -5.990712,
      "z" : -22.087229
    },
    "orientation" : 19
  }, {
    "shape" : "b3cfd019-d276-4ecf-9a98-89e601fdd15a",
    "color" : "#00993F",
    "position" : {
      "x" : 8.938522,
      "y" : 3.7024548,
      "z" : 21.265358
    },
    "orientation" : 38
  }, {
    "shape" : "35c31a55-1cd2-41cb-89f0-bfb2c1972267",
    "color" : "#008EC2",
    "position" : {
      "x" : -3.7024548,
      "y" : 3.7024548,
      "z" : 8.62438
    },
    "orientation" : 47
  }, {
    "shape" : "b3cfd019-d276-4ecf-9a98-89e601fdd15a",
    "color" : "#00993F",
    "position" : {
      "x" : 8.938522,
      "y" : -3.7024548,
      "z" : 3.3883123
    },
    "orientation" : 8
  }, {
    "shape" : "0c0c915f-58f3-4f09-b512-27d49d322f5a",
    "color" : "#FFFF00",
    "position" : {
      "x" : 3.7024548,
      "y" : 14.174591,
      "z" : 26.501425
    }
  }, {
    "shape" : "b3cfd019-d276-4ecf-9a98-89e601fdd15a",
    "color" : "#00993F",
    "position" : {
      "x" : -3.7024548,
      "y" : 8.938522,
      "z" : 13.860448
    },
    "orientation" : 36
  }, {
