{
  "polygons" : "true",
  "field" : "golden",
  "symmetry" : "icosahedral",
  "orientations" : [ [ 1.0, 0.0, 0.0, 0.0, 0.0, 1.0, 0.0, 0.0, 0.0, 0.0, 1.0, 0.0, 0.0, 0.0, 0.0, 1.0 ], [ 0.0, 0.0, 1.0, 0.0, 1.0, 0.0, 0.0, 0.0, 0.0, 1.0, 0.0, 0.0, 0.0, 0.0, 0.0, 1.0 ], [ 0.0, 1.0, 0.0, 0.0, 0.0, 0.0, 1.0, 0.0, 1.0, 0.0, 0.0, 0.0, 0.0, 0.0, 0.0, 1.0 ], [ 0.809017, 0.309017, 0.5, 0.0, 0.309017, 0.5, -0.809017, 0.0, -0.5, 0.809017, 0.309017, 0.0, 0.0, 0.0, 0.0, 1.0 ], [ -0.5, 0.809017, 0.309017, 0.0, 0.809017, 0.309017, 0.5, 0.0, 0.309017, 0.5, -0.809017, 0.0, 0.0, 0.0, 0.0, 1.0 ], [ 0.309017, 0.5, -0.809017, 0.0, -0.5, 0.809017, 0.309017, 0.0, 0.809017, 0.309017, 0.5, 0.0, 0.0, 0.0, 0.0, 1.0 ], [ 0.5, 0.809017, 0.309017, 0.0, 0.809017, -0.309017, -0.5, 0.0, -0.309017, 0.5, -0.809017, 0.0, 0.0, 0.0, 0.0, 1.0 ], [ -0.309017, 0.5, -0.809017, 0.0, 0.5, 0.809017, 0.309017, 0.0, 0.809017, -0.309017, -0.5, 0.0, 0.0, 0.0, 0.0, 1.0 ], [ 0.809017, -0.309017, -0.5, 0.0, -0.309017, 0.5, -0.809017, 0.0, 0.5, 0.809017, 0.309017, 0.0, 0.0, 0.0, 0.0, 1.0 ], [ 0.5, 0.809017, -0.309017, 0.0, 0.809017, -0.309017, 0.5, 0.0, 0.309017, -0.5, -0.809017, 0.0, 0.0, 0.0, 0.0, 1.0 ], [ 0.309017, -0.5, -0.809017, 0.0, 0.5, 0.809017, -0.309017, 0.0, 0.809017, -0.309017, 0.5, 0.0, 0.0, 0.0, 0.0, 1.0 ], [ 0.809017, -0.309017, 0.5, 0.0, 0.309017, -0.5, -0.809017, 0.0, 0.5, 0.809017, -0.309017, 0.0, 0.0, 0.0, 0.0, 1.0 ], [ 0.809017, 0.309017, -0.5, 0.0, 0.309017, 0.5, 0.809017, 0.0, 0.5, -0.809017, 0.309017, 0.0, 0.0, 0.0, 0.0, 1.0 ], [ 0.5, -0.809017, 0.309017, 0.0, 0.809017, 0.309017, -0.5, 0.0, 0.309017, 0.5, 0.809017, 0.0, 0.0, 0.0, 0.0, 1.0 ], [ 0.309017, 0.5, 0.809017, 0.0, 0.5, -0.809017, 0.309017, 0.0, 0.809017, 0.309017, -0.5, 0.0, 0.0, 0.0, 0.0, 1.0 ], [ 1.0, 0.0, 0.0, 0.0, 0.0, -1.0, 0.0, 0.0, 0.0, 0.0, -1.0, 0.0, 0.0, 0.0, 0.0, 1.0 ], [ 0.0, 0.0, 1.0, 0.0, -1.0, 0.0, 0.0, 0.0, 0.0, -1.0, 0.0, 0.0, 0.0, 0.0, 0.0, 1.0 ], [ 0.0, 1.0, 0.0, 0.0, 0.0, 0.0, -1.0, 0.0, -1.0, 0.0, 0.0, 0.0, 0.0, 0.0, 0.0, 1.0 ], [ 0.809017, 0.309017, 0.5, 0.0, -0.309017, -0.5, 0.809017, 0.0, 0.5, -0.809017, -0.309017, 0.0, 0.0, 0.0, 0.0, 1.0 ], [ -0.5, 0.809017, 0.309017, 0.0, -0.809017, -0.309017, -0.5, 0.0, -0.309017, -0.5, 0.809017, 0.0, 0.0, 0.0, 0.0, 1.0 ], [ 0.309017, 0.5, -0.809017, 0.0, 0.5, -0.809017, -0.309017, 0.0, -0.809017, -0.309017, -0.5, 0.0, 0.0, 0.0, 0.0, 1.0 ], [ 0.5, 0.809017, 0.309017, 0.0, -0.809017, 0.309017, 0.5, 0.0, 0.309017, -0.5, 0.809017, 0.0, 0.0, 0.0, 0.0, 1.0 ], [ -0.309017, 0.5, -0.809017, 0.0, -0.5, -0.809017, -0.309017, 0.0, -0.809017, 0.309017, 0.5, 0.0, 0.0, 0.0, 0.0, 1.0 ], [ 0.809017, -0.309017, -0.5, 0.0, 0.309017, -0.5, 0.809017, 0.0, -0.5, -0.809017, -0.309017, 0.0, 0.0, 0.0, 0.0, 1.0 ], [ 0.5, 0.809017, -0.309017, 0.0, -0.809017, 0.309017, -0.5, 0.0, -0.309017, 0.5, 0.809017, 0.0, 0.0, 0.0, 0.0, 1.0 ], [ 0.309017, -0.5, -0.809017, 0.0, -0.5, -0.809017, 0.309017, 0.0, -0.809017, 0.309017, -0.5, 0.0, 0.0, 0.0, 0.0, 1.0 ], [ 0.809017, -0.309017, 0.5, 0.0, -0.309017, 0.5, 0.809017, 0.0, -0.5, -0.809017, 0.309017, 0.0, 0.0, 0.0, 0.0, 1.0 ], [ 0.809017, 0.309017, -0.5, 0.0, -0.309017, -0.5, -0.809017, 0.0, -0.5, 0.809017, -0.309017, 0.0, 0.0, 0.0, 0.0, 1.0 ], [ 0.5, -0.809017, 0.309017, 0.0, -0.809017, -0.309017, 0.5, 0.0, -0.309017, -0.5, -0.809017, 0.0, 0.0, 0.0, 0.0, 1.0 ], [ 0.309017, 0.5, 0.809017, 0.0, -0.5, 0.809017, -0.309017, 0.0, -0.809017, -0.309017, 0.5, 0.0, 0.0, 0.0, 0.0, 1.0 ], [ -1.0, 0.0, 0.0, 0.0, 0.0, -1.0, 0.0, 0.0, 0.0, 0.0, 1.0, 0.0, 0.0, 0.0, 0.0, 1.0 ], [ 0.0, 0.0, -1.0, 0.0, -1.0, 0.0, 0.0, 0.0, 0.0, 1.0, 0.0, 0.0, 0.0, 0.0, 0.0, 1.0 ], [ 0.0, -1.0, 0.0, 0.0, 0.0, 0.0, -1.0, 0.0, 1.0, 0.0, 0.0, 0.0, 0.0, 0.0, 0.0, 1.0 ], [ -0.809017, -0.309017, -0.5, 0.0, -0.309017, -0.5, 0.809017, 0.0, -0.5, 0.809017, 0.309017, 0.0, 0.0, 0.0, 0.0, 1.0 ], [ 0.5, -0.809017, -0.309017, 0.0, -0.809017, -0.309017, -0.5, 0.0, 0.309017, 0.5, -0.809017, 0.0, 0.0, 0.0, 0.0, 1.0 ], [ -0.309017, -0.5, 0.809017, 0.0, 0.5, -0.809017, -0.309017, 0.0, 0.809017, 0.309017, 0.5, 0.0, 0.0, 0.0, 0.0, 1.0 ], [ -0.5, -0.809017, -0.309017, 0.0, -0.809017, 0.309017, 0.5, 0.0, -0.309017, 0.5, -0.809017, 0.0, 0.0, 0.0, 0.0, 1.0 ], [ 0.309017, -0.5, 0.809017, 0.0, -0.5, -0.809017, -0.309017, 0.0, 0.809017, -0.309017, -0.5, 0.0, 0.0, 0.0, 0.0, 1.0 ], [ -0.809017, 0.309017, 0.5, 0.0, 0.309017, -0.5, 0.809017, 0.0, 0.5, 0.809017, 0.309017, 0.0, 0.0, 0.0, 0.0, 1.0 ], [ -0.5, -0.809017, 0.309017, 0.0, -0.809017, 0.309017, -0.5, 0.0, 0.309017, -0.5, -0.809017, 0.0, 0.0, 0.0, 0.0, 1.0 ], [ -0.309017, 0.5, 0.809017, 0.0, -0.5, -0.809017, 0.309017, 0.0, 0.809017, -0.309017, 0.5, 0.0, 0.0, 0.0, 0.0, 1.0 ], [ -0.809017, 0.309017, -0.5, 0.0, -0.309017, 0.5, 0.809017, 0.0, 0.5, 0.809017, -0.309017, 0.0, 0.0, 0.0, 0.0, 1.0 ], [ -0.809017, -0.309017, 0.5, 0.0, -0.309017, -0.5, -0.809017, 0.0, 0.5, -0.809017, 0.309017, 0.0, 0.0, 0.0, 0.0, 1.0 ], [ -0.5, 0.809017, -0.309017, 0.0, -0.809017, -0.309017, 0.5, 0.0, 0.309017, 0.5, 0.809017, 0.0, 0.0, 0.0, 0.0, 1.0 ], [ -0.309017, -0.5, -0.809017, 0.0, -0.5, 0.809017, -0.309017, 0.0, 0.809017, 0.309017, -0.5, 0.0, 0.0, 0.0, 0.0, 1.0 ], [ -1.0, 0.0, 0.0, 0.0, 0.0, 1.0, 0.0, 0.0, 0.0, 0.0, -1.0, 0.0, 0.0, 0.0, 0.0, 1.0 ], [ 0.0, 0.0, -1.0, 0.0, 1.0, 0.0, 0.0, 0.0, 0.0, -1.0, 0.0, 0.0, 0.0, 0.0, 0.0, 1.0 ], [ 0.0, -1.0, 0.0, 0.0, 0.0, 0.0, 1.0, 0.0, -1.0, 0.0, 0.0, 0.0, 0.0, 0.0, 0.0, 1.0 ], [ -0.809017, -0.309017, -0.5, 0.0, 0.309017, 0.5, -0.809017, 0.0, 0.5, -0.809017, -0.309017, 0.0, 0.0, 0.0, 0.0, 1.0 ], [ 0.5, -0.809017, -0.309017, 0.0, 0.809017, 0.309017, 0.5, 0.0, -0.309017, -0.5, 0.809017, 0.0, 0.0, 0.0, 0.0, 1.0 ], [ -0.309017, -0.5, 0.809017, 0.0, -0.5, 0.809017, 0.309017, 0.0, -0.809017, -0.309017, -0.5, 0.0, 0.0, 0.0, 0.0, 1.0 ], [ -0.5, -0.809017, -0.309017, 0.0, 0.809017, -0.309017, -0.5, 0.0, 0.309017, -0.5, 0.809017, 0.0, 0.0, 0.0, 0.0, 1.0 ], [ 0.309017, -0.5, 0.809017, 0.0, 0.5, 0.809017, 0.309017, 0.0, -0.809017, 0.309017, 0.5, 0.0, 0.0, 0.0, 0.0, 1.0 ], [ -0.809017, 0.309017, 0.5, 0.0, -0.309017, 0.5, -0.809017, 0.0, -0.5, -0.809017, -0.309017, 0.0, 0.0, 0.0, 0.0, 1.0 ], [ -0.5, -0.809017, 0.309017, 0.0, 0.809017, -0.309017, 0.5, 0.0, -0.309017, 0.5, 0.809017, 0.0, 0.0, 0.0, 0.0, 1.0 ], [ -0.309017, 0.5, 0.809017, 0.0, 0.5, 0.809017, -0.309017, 0.0, -0.809017, 0.309017, -0.5, 0.0, 0.0, 0.0, 0.0, 1.0 ], [ -0.809017, 0.309017, -0.5, 0.0, 0.309017, -0.5, -0.809017, 0.0, -0.5, -0.809017, 0.309017, 0.0, 0.0, 0.0, 0.0, 1.0 ], [ -0.809017, -0.309017, 0.5, 0.0, 0.309017, 0.5, 0.809017, 0.0, -0.5, 0.809017, -0.309017, 0.0, 0.0, 0.0, 0.0, 1.0 ], [ -0.5, 0.809017, -0.309017, 0.0, 0.809017, 0.309017, -0.5, 0.0, -0.309017, -0.5, -0.809017, 0.0, 0.0, 0.0, 0.0, 1.0 ], [ -0.309017, -0.5, -0.809017, 0.0, 0.5, -0.809017, 0.309017, 0.0, -0.809017, -0.309017, 0.5, 0.0, 0.0, 0.0, 0.0, 1.0 ] ],
  "lights" : {
    "directionalLights" : [ {
      "direction" : [ 1.0, -1.0, -1.0 ],
      "color" : "#EBEBE4"
    }, {
      "direction" : [ -1.0, 0.0, 0.0 ],
      "color" : "#E4E4EB"
    }, {
      "direction" : [ 0.0, 0.0, -1.0 ],
      "color" : "#1E1E1E"
    } ],
    "ambientColor" : "#292929",
    "backgroundColor" : "#AFC8DC"
  },
  "camera" : {
    "width" : 149.96043,
    "position" : {
      "x" : 1.5613911,
      "y" : 89.746414,
      "z" : -320.93118
    },
    "viewDistance" : 333.24545,
    "lookDirectionRV" : {
      "x" : -0.0046854084,
      "y" : -0.26931024,
      "z" : 0.96304744,
      "zero" : false
    },
    "lookAtPointRV" : {
      "x" : 0.0,
      "y" : 0.0,
      "z" : 0.0,
      "zero" : true
    },
    "fieldOfView" : 0.44262883,
    "upDirectionRV" : {
      "x" : -0.73971206,
      "y" : -0.64712185,
      "z" : -0.18455732,
      "zero" : false
    },
    "perspective" : true,
    "farClipDistance" : 666.49054,
    "lookAtPoint" : {
      "x" : 0.0,
      "y" : 0.0,
      "z" : 0.0
    },
    "lookDirection" : {
      "x" : -0.0046854084,
      "y" : -0.26931024,
      "z" : 0.96304744
    },
    "upDirection" : {
      "x" : -0.73971206,
      "y" : -0.64712185,
      "z" : -0.18455732
    },
    "stereo" : false,
    "nearClipDistance" : 0.8331134
  },
  "embedding" : [ 1.0, 0.0, 0.0, 0.0, 0.0, 1.0, 0.0, 0.0, 0.0, 0.0, 1.0, 0.0, 0.0, 0.0, 0.0, 1.0 ],
  "shapes" : [ {
    "id" : "32fe0f21-d6be-4083-b558-16feb4e99c4d",
    "orbit" : "yellow",
    "orbitC" : "[[0,0,1],[2,-1,1]]",
    "length" : "[0,1,1]",
    "name" : "y2",
    "vertices" : [ {
      "x" : 0.809017,
      "y" : 0.0,
      "z" : -0.690983
    }, {
      "x" : 1.0,
      "y" : 0.309017,
      "z" : -0.19098301
    }, {
      "x" : 4.736068,
      "y" : 0.309017,
      "z" : -1.618034
    }, {
      "x" : 4.545085,
      "y" : 0.0,
      "z" : -2.118034
    }, {
      "x" : 10.09017,
      "y" : 0.309017,
      "z" : -4.045085
    }, {
      "x" : 1.0,
      "y" : -0.309017,
      "z" : -0.19098301
    }, {
      "x" : 4.736068,
      "y" : -0.309017,
      "z" : -1.618034
    }, {
      "x" : 6.354102,
      "y" : 0.309017,
      "z" : -2.618034
    }, {
      "x" : 6.545085,
      "y" : 0.0,
      "z" : -2.118034
    }, {
      "x" : 11.09017,
      "y" : 0.0,
      "z" : -4.236068
    }, {
      "x" : 6.354102,
      "y" : -0.309017,
      "z" : -2.618034
    }, {
      "x" : 10.281153,
      "y" : 0.0,
      "z" : -3.545085
    }, {
      "x" : 10.09017,
      "y" : -0.309017,
      "z" : -4.045085
    } ],
    "faces" : [ {
      "vertices" : [ 2, 6, 8 ]
    }, {
      "vertices" : [ 4, 12, 10, 7 ]
    }, {
      "vertices" : [ 2, 8, 7 ]
    }, {
      "vertices" : [ 3, 10, 6 ]
    }, {
      "vertices" : [ 3, 7, 10 ]
    }, {
      "vertices" : [ 0, 1, 2, 3 ]
    }, {
      "vertices" : [ 6, 10, 8 ]
    }, {
      "vertices" : [ 8, 10, 12, 11 ]
    }, {
      "vertices" : [ 2, 7, 3 ]
    }, {
      "vertices" : [ 0, 3, 6, 5 ]
    }, {
      "vertices" : [ 1, 5, 6, 2 ]
    }, {
      "vertices" : [ 4, 7, 8, 11 ]
    } ]
  }, {
    "id" : "dcb67472-9aaa-4c8c-a783-5040df90dc4b",
    "name" : "ball",
    "vertices" : [ {
      "x" : 0.309017,
      "y" : -0.809017,
      "z" : 0.618034
    }, {
      "x" : 0.809017,
      "y" : -0.618034,
      "z" : 0.309017
    }, {
      "x" : 0.618034,
      "y" : -0.309017,
      "z" : 0.809017
    }, {
      "x" : 1.0,
      "y" : 0.309017,
      "z" : 0.19098301
    }, {
      "x" : 0.809017,
      "y" : 0.618034,
      "z" : 0.309017
    }, {
      "x" : 0.618034,
      "y" : 0.309017,
      "z" : 0.809017
    }, {
      "x" : 0.809017,
      "y" : 0.0,
      "z" : 0.690983
    }, {
      "x" : 0.19098301,
      "y" : -1.0,
      "z" : 0.309017
    }, {
      "x" : -0.19098301,
      "y" : -1.0,
      "z" : 0.309017
    }, {
      "x" : -0.19098301,
      "y" : -1.0,
      "z" : -0.309017
    }, {
      "x" : 0.19098301,
      "y" : -1.0,
      "z" : -0.309017
    }, {
      "x" : 1.0,
      "y" : -0.309017,
      "z" : -0.19098301
    }, {
      "x" : 0.809017,
      "y" : -0.618034,
      "z" : -0.309017
    }, {
      "x" : 0.618034,
      "y" : -0.309017,
      "z" : -0.809017
    }, {
      "x" : 0.809017,
      "y" : 0.0,
      "z" : -0.690983
    }, {
      "x" : 0.0,
      "y" : 0.690983,
      "z" : -0.809017
    }, {
      "x" : 0.309017,
      "y" : 0.809017,
      "z" : -0.618034
    }, {
      "x" : 0.618034,
      "y" : 0.309017,
      "z" : -0.809017
    }, {
      "x" : 0.309017,
      "y" : 0.19098301,
      "z" : -1.0
    }, {
      "x" : 1.0,
      "y" : 0.309017,
      "z" : -0.19098301
    }, {
      "x" : -0.309017,
      "y" : -0.809017,
      "z" : 0.618034
    }, {
      "x" : 0.0,
      "y" : -0.690983,
      "z" : 0.809017
    }, {
      "x" : 0.809017,
      "y" : 0.618034,
      "z" : -0.309017
    }, {
      "x" : 0.690983,
      "y" : 0.809017,
      "z" : 0.0
    }, {
      "x" : -0.690983,
      "y" : 0.809017,
      "z" : 0.0
    }, {
      "x" : -0.809017,
      "y" : 0.618034,
      "z" : 0.309017
    }, {
      "x" : -0.309017,
      "y" : 0.809017,
      "z" : 0.618034
    }, {
      "x" : -0.19098301,
      "y" : 1.0,
      "z" : 0.309017
    }, {
      "x" : 0.309017,
      "y" : -0.19098301,
      "z" : -1.0
    }, {
      "x" : 0.19098301,
      "y" : 1.0,
      "z" : 0.309017
    }, {
      "x" : 0.309017,
      "y" : 0.809017,
      "z" : 0.618034
    }, {
      "x" : -0.809017,
      "y" : -0.618034,
      "z" : 0.309017
    }, {
      "x" : -0.690983,
      "y" : -0.809017,
      "z" : 0.0
    }, {
      "x" : 0.0,
      "y" : 0.690983,
      "z" : 0.809017
    }, {
      "x" : 0.309017,
      "y" : -0.809017,
      "z" : -0.618034
    }, {
      "x" : 0.0,
      "y" : -0.690983,
      "z" : -0.809017
    }, {
      "x" : -1.0,
      "y" : 0.309017,
      "z" : 0.19098301
    }, {
      "x" : -0.809017,
      "y" : 0.0,
      "z" : 0.690983
    }, {
      "x" : -0.618034,
      "y" : 0.309017,
      "z" : 0.809017
    }, {
      "x" : 1.0,
      "y" : -0.309017,
      "z" : 0.19098301
    }, {
      "x" : -0.309017,
      "y" : -0.809017,
      "z" : -0.618034
    }, {
      "x" : -1.0,
      "y" : 0.309017,
      "z" : -0.19098301
    }, {
      "x" : -1.0,
      "y" : -0.309017,
      "z" : -0.19098301
    }, {
      "x" : -1.0,
      "y" : -0.309017,
      "z" : 0.19098301
    }, {
      "x" : 0.19098301,
      "y" : 1.0,
      "z" : -0.309017
    }, {
      "x" : -0.809017,
      "y" : 0.618034,
      "z" : -0.309017
    }, {
      "x" : -0.19098301,
      "y" : 1.0,
      "z" : -0.309017
    }, {
      "x" : -0.309017,
      "y" : 0.809017,
      "z" : -0.618034
    }, {
      "x" : -0.618034,
      "y" : -0.309017,
      "z" : 0.809017
    }, {
      "x" : 0.309017,
      "y" : 0.19098301,
      "z" : 1.0
    }, {
      "x" : -0.309017,
      "y" : 0.19098301,
      "z" : -1.0
    }, {
      "x" : -0.309017,
      "y" : 0.19098301,
      "z" : 1.0
    }, {
      "x" : -0.309017,
      "y" : -0.19098301,
      "z" : 1.0
    }, {
      "x" : 0.309017,
      "y" : -0.19098301,
      "z" : 1.0
    }, {
      "x" : 0.690983,
      "y" : -0.809017,
      "z" : 0.0
    }, {
      "x" : -0.809017,
      "y" : 0.0,
      "z" : -0.690983
    }, {
      "x" : -0.618034,
      "y" : -0.309017,
      "z" : -0.809017
    }, {
      "x" : -0.309017,
      "y" : -0.19098301,
      "z" : -1.0
    }, {
      "x" : -0.618034,
      "y" : 0.309017,
      "z" : -0.809017
    }, {
      "x" : -0.809017,
      "y" : -0.618034,
      "z" : -0.309017
    } ],
    "faces" : [ {
      "vertices" : [ 9, 40, 35, 34, 10 ]
    }, {
      "vertices" : [ 0, 1, 2 ]
    }, {
      "vertices" : [ 33, 51, 49 ]
    }, {
      "vertices" : [ 25, 36, 37, 38 ]
    }, {
      "vertices" : [ 41, 55, 42 ]
    }, {
      "vertices" : [ 9, 32, 59, 40 ]
    }, {
      "vertices" : [ 20, 21, 52, 48 ]
    }, {
      "vertices" : [ 26, 33, 30, 29, 27 ]
    }, {
      "vertices" : [ 3, 4, 5, 6 ]
    }, {
      "vertices" : [ 27, 29, 44, 46 ]
    }, {
      "vertices" : [ 50, 57, 56, 55, 58 ]
    }, {
      "vertices" : [ 26, 38, 51, 33 ]
    }, {
      "vertices" : [ 45, 47, 58 ]
    }, {
      "vertices" : [ 18, 28, 57, 50 ]
    }, {
      "vertices" : [ 40, 59, 56 ]
    }, {
      "vertices" : [ 31, 48, 37, 43 ]
    }, {
      "vertices" : [ 7, 8, 9, 10 ]
    }, {
      "vertices" : [ 36, 41, 42, 43 ]
    }, {
      "vertices" : [ 24, 46, 47, 45 ]
    }, {
      "vertices" : [ 4, 30, 5 ]
    }, {
      "vertices" : [ 15, 47, 46, 44, 16 ]
    }, {
      "vertices" : [ 15, 50, 58, 47 ]
    }, {
      "vertices" : [ 24, 45, 41, 36, 25 ]
    }, {
      "vertices" : [ 11, 14, 19 ]
    }, {
      "vertices" : [ 3, 6, 39 ]
    }, {
      "vertices" : [ 1, 39, 6, 2 ]
    }, {
      "vertices" : [ 8, 32, 9 ]
    }, {
      "vertices" : [ 11, 12, 13, 14 ]
    }, {
      "vertices" : [ 16, 22, 17 ]
    }, {
      "vertices" : [ 0, 21, 20, 8, 7 ]
    }, {
      "vertices" : [ 12, 34, 13 ]
    }, {
      "vertices" : [ 35, 40, 56, 57 ]
    }, {
      "vertices" : [ 0, 7, 54, 1 ]
    }, {
      "vertices" : [ 15, 16, 17, 18 ]
    }, {
      "vertices" : [ 3, 19, 22, 23, 4 ]
    }, {
      "vertices" : [ 7, 10, 54 ]
    }, {
      "vertices" : [ 41, 45, 58, 55 ]
    }, {
      "vertices" : [ 3, 39, 11, 19 ]
    }, {
      "vertices" : [ 14, 17, 22, 19 ]
    }, {
      "vertices" : [ 0, 2, 53, 21 ]
    }, {
      "vertices" : [ 49, 51, 52, 53 ]
    }, {
      "vertices" : [ 31, 43, 42, 59, 32 ]
    }, {
      "vertices" : [ 15, 18, 50 ]
    }, {
      "vertices" : [ 42, 55, 56, 59 ]
    }, {
      "vertices" : [ 4, 23, 29, 30 ]
    }, {
      "vertices" : [ 25, 38, 26 ]
    }, {
      "vertices" : [ 13, 28, 18, 17, 14 ]
    }, {
      "vertices" : [ 8, 20, 31, 32 ]
    }, {
      "vertices" : [ 23, 44, 29 ]
    }, {
      "vertices" : [ 24, 27, 46 ]
    }, {
      "vertices" : [ 37, 48, 52, 51, 38 ]
    }, {
      "vertices" : [ 20, 48, 31 ]
    }, {
      "vertices" : [ 24, 25, 26, 27 ]
    }, {
      "vertices" : [ 16, 44, 23, 22 ]
    }, {
      "vertices" : [ 13, 34, 35, 28 ]
    }, {
      "vertices" : [ 10, 34, 12, 54 ]
    }, {
      "vertices" : [ 2, 6, 5, 49, 53 ]
    }, {
      "vertices" : [ 36, 43, 37 ]
    }, {
      "vertices" : [ 5, 30, 33, 49 ]
    }, {
      "vertices" : [ 1, 54, 12, 11, 39 ]
    }, {
      "vertices" : [ 28, 35, 57 ]
    }, {
      "vertices" : [ 21, 53, 52 ]
    } ]
  }, {
    "id" : "e58fd2c8-29a4-4215-b1a9-f0731a940dcb",
    "orbit" : "blue",
    "orbitC" : "[[0,0,1],[0,0,1]]",
    "length" : "[0,1,1]",
    "name" : "b2",
    "vertices" : [ {
      "x" : 12.708204,
      "y" : 0.309017,
      "z" : 0.19098301
    }, {
      "x" : 12.708204,
      "y" : 0.309017,
      "z" : -0.19098301
    }, {
      "x" : 1.0,
      "y" : 0.309017,
      "z" : -0.19098301
    }, {
      "x" : 1.0,
      "y" : 0.309017,
      "z" : 0.19098301
    }, {
      "x" : 12.708204,
      "y" : -0.309017,
      "z" : 0.19098301
    }, {
      "x" : 1.0,
      "y" : -0.309017,
      "z" : 0.19098301
    }, {
      "x" : 1.0,
      "y" : -0.309017,
      "z" : -0.19098301
    }, {
      "x" : 12.708204,
      "y" : -0.309017,
      "z" : -0.19098301
    }, {
      "x" : 13.708204,
      "y" : 0.0,
      "z" : 0.0
    } ],
    "faces" : [ {
      "vertices" : [ 1, 7, 6, 2 ]
    }, {
      "vertices" : [ 0, 1, 2, 3 ]
    }, {
      "vertices" : [ 4, 5, 6, 7 ]
    }, {
      "vertices" : [ 0, 3, 5, 4 ]
    } ]
  }, {
    "id" : "6bc78ec7-e063-4103-bcf0-ee240abc2344",
    "orbit" : "blue",
    "orbitC" : "[[0,0,1],[0,0,1]]",
    "length" : "[456,636,649]",
    "name" : " :456/649 +636/649*phi",
    "vertices" : [ {
      "x" : 18.386305,
      "y" : 0.309017,
      "z" : 0.19098301
    }, {
      "x" : 18.386305,
      "y" : 0.309017,
      "z" : -0.19098301
    }, {
      "x" : 1.0,
      "y" : 0.309017,
      "z" : -0.19098301
    }, {
      "x" : 1.0,
      "y" : 0.309017,
      "z" : 0.19098301
    }, {
      "x" : 18.386305,
      "y" : -0.309017,
      "z" : 0.19098301
    }, {
      "x" : 1.0,
      "y" : -0.309017,
      "z" : 0.19098301
    }, {
      "x" : 1.0,
      "y" : -0.309017,
      "z" : -0.19098301
    }, {
      "x" : 18.386305,
      "y" : -0.309017,
      "z" : -0.19098301
    }, {
      "x" : 19.386305,
      "y" : 0.0,
      "z" : 0.0
    } ],
    "faces" : [ {
      "vertices" : [ 1, 7, 6, 2 ]
    }, {
      "vertices" : [ 0, 1, 2, 3 ]
    }, {
      "vertices" : [ 4, 5, 6, 7 ]
    }, {
      "vertices" : [ 0, 3, 5, 4 ]
    } ]
  }, {
    "id" : "302f17b5-2104-435d-a298-70e7b7d29049",
    "orbit" : "green",
    "orbitC" : "[[2,-1,1],[5,-3,1]]",
    "length" : "[0,1,1]",
    "name" : "g2",
    "vertices" : [ {
      "x" : 16.230747,
      "y" : 6.0086102,
      "z" : -2.486068
    }, {
      "x" : 17.253288,
      "y" : 6.045085,
      "z" : -2.618034
    }, {
      "x" : 16.230747,
      "y" : 6.0086102,
      "z" : -2.104102
    }, {
      "x" : 16.039762,
      "y" : 6.3176274,
      "z" : -2.604102
    }, {
      "x" : 16.039762,
      "y" : 6.3176274,
      "z" : -2.222136
    }, {
      "x" : 0.809017,
      "y" : 0.618034,
      "z" : 0.309017
    }, {
      "x" : 1.0,
      "y" : 0.309017,
      "z" : 0.19098301
    }, {
      "x" : 1.9045085,
      "y" : 0.5364745,
      "z" : -0.013932022
    }, {
      "x" : 16.944271,
      "y" : 6.545085,
      "z" : -2.809017
    }, {
      "x" : 17.135256,
      "y" : 6.236068,
      "z" : -2.927051
    }, {
      "x" : 17.135256,
      "y" : 6.236068,
      "z" : -2.309017
    }, {
      "x" : 16.944271,
      "y" : 6.545085,
      "z" : -2.427051
    }, {
      "x" : 1.7135255,
      "y" : 0.8454915,
      "z" : -0.13196601
    }, {
      "x" : 0.690983,
      "y" : 0.809017,
      "z" : 0.0
    }, {
      "x" : 1.9045085,
      "y" : 0.5364745,
      "z" : -0.39589804
    }, {
      "x" : 1.7135255,
      "y" : 0.8454915,
      "z" : -0.51393205
    }, {
      "x" : 0.809017,
      "y" : 0.618034,
      "z" : -0.309017
    }, {
      "x" : 1.0,
      "y" : 0.309017,
      "z" : -0.19098301
    }, {
      "x" : 17.944271,
      "y" : 6.854102,
      "z" : -2.618034
    } ],
    "faces" : [ {
      "vertices" : [ 0, 14, 15, 3 ]
    }, {
      "vertices" : [ 3, 15, 12, 4 ]
    }, {
      "vertices" : [ 0, 1, 2 ]
    }, {
      "vertices" : [ 12, 15, 13 ]
    }, {
      "vertices" : [ 0, 9, 1 ]
    }, {
      "vertices" : [ 0, 3, 9 ]
    }, {
      "vertices" : [ 13, 15, 16 ]
    }, {
      "vertices" : [ 6, 17, 14, 7 ]
    }, {
      "vertices" : [ 1, 10, 2 ]
    }, {
      "vertices" : [ 5, 6, 7 ]
    }, {
      "vertices" : [ 3, 8, 9 ]
    }, {
      "vertices" : [ 0, 2, 7, 14 ]
    }, {
      "vertices" : [ 5, 7, 12 ]
    }, {
      "vertices" : [ 2, 4, 12, 7 ]
    }, {
      "vertices" : [ 3, 4, 11, 8 ]
    }, {
      "vertices" : [ 2, 10, 11, 4 ]
    }, {
      "vertices" : [ 5, 12, 13 ]
    }, {
      "vertices" : [ 14, 17, 16, 15 ]
    } ]
  } ],
  "instances" : [ {
    "shape" : "32fe0f21-d6be-4083-b558-16feb4e99c4d",
    "color" : "#FFB31A",
    "position" : {
      "x" : 30.889433,
      "y" : -34.362457,
      "z" : -27.416409
    },
    "orientation" : 5
  }, {
    "shape" : "dcb67472-9aaa-4c8c-a783-5040df90dc4b",
    "color" : "#FF0000",
    "position" : {
      "x" : 44.597637,
      "y" : -34.362457,
      "z" : 13.708204
    }
  }, {
    "shape" : "32fe0f21-d6be-4083-b558-16feb4e99c4d",
    "color" : "#FFB31A",
    "position" : {
      "x" : 44.597637,
      "y" : -20.654253,
      "z" : 0.0
    },
    "orientation" : 4
  }, {
    "shape" : "e58fd2c8-29a4-4215-b1a9-f0731a940dcb",
    "color" : "#008EC2",
    "position" : {
      "x" : 3.4730244,
      "y" : -34.362457,
      "z" : 27.416409
    },
    "orientation" : 0
  }, {
    "shape" : "e58fd2c8-29a4-4215-b1a9-f0731a940dcb",
    "color" : "#008EC2",
    "position" : {
      "x" : 17.181229,
      "y" : -34.362457,
      "z" : 27.416409
    },
    "orientation" : 1
  }, {
    "shape" : "6bc78ec7-e063-4103-bcf0-ee240abc2344",
    "color" : "#008EC2",
    "position" : {
      "x" : -24.866856,
      "y" : 40.040558,
      "z" : 23.401356
    },
    "orientation" : 0
  }, {
    "shape" : "e58fd2c8-29a4-4215-b1a9-f0731a940dcb",
    "color" : "#008EC2",
    "position" : {
      "x" : 17.181229,
      "y" : -34.362457,
      "z" : -27.416409
    },
    "orientation" : 16
  }, {
    "shape" : "dcb67472-9aaa-4c8c-a783-5040df90dc4b",
    "color" : "#0000FF",
    "position" : {
      "x" : 24.03533,
      "y" : -54.924763,
      "z" : -6.854102
    }
  }, {
    "shape" : "6bc78ec7-e063-4103-bcf0-ee240abc2344",
    "color" : "#008EC2",
    "position" : {
      "x" : -24.866856,
      "y" : 20.654253,
      "z" : -23.401356
    },
    "orientation" : 1
  }, {
    "shape" : "e58fd2c8-29a4-4215-b1a9-f0731a940dcb",
    "color" : "#008EC2",
    "position" : {
      "x" : -3.3810778,
      "y" : -54.924763,
      "z" : -6.854102
    },
    "orientation" : 0
  }, {
    "shape" : "dcb67472-9aaa-4c8c-a783-5040df90dc4b",
    "color" : "#FF0000",
    "position" : {
      "x" : 17.181229,
      "y" : -61.778866,
      "z" : -13.708204
    }
  }, {
    "shape" : "dcb67472-9aaa-4c8c-a783-5040df90dc4b",
    "color" : "#0000FF",
    "position" : {
      "x" : 24.03533,
      "y" : -54.924763,
      "z" : -20.562305
    }
  }, {
    "shape" : "e58fd2c8-29a4-4215-b1a9-f0731a940dcb",
    "color" : "#008EC2",
    "position" : {
      "x" : -3.3810778,
      "y" : -13.800151,
      "z" : -6.854102
    },
    "orientation" : 16
  }, {
    "shape" : "302f17b5-2104-435d-a298-70e7b7d29049",
    "color" : "#00993F",
    "position" : {
      "x" : 30.889433,
      "y" : -34.362457,
      "z" : 0.0
    },
    "orientation" : 36
  }, {
    "shape" : "dcb67472-9aaa-4c8c-a783-5040df90dc4b",
    "color" : "#FF0000",
    "position" : {
      "x" : 17.181229,
      "y" : -6.9460487,
      "z" : -13.708204
    }
  }, {
    "shape" : "e58fd2c8-29a4-4215-b1a9-f0731a940dcb",
    "color" : "#008EC2",
    "position" : {
      "x" : -3.3810778,
      "y" : -41.216557,
      "z" : -6.854102
    },
    "orientation" : 1
  }, {
    "shape" : "302f17b5-2104-435d-a298-70e7b7d29049",
    "color" : "#00993F",
    "position" : {
      "x" : 37.743534,
      "y" : -27.508354,
      "z" : 20.562305
    },
    "orientation" : 51
  }, {
    "shape" : "302f17b5-2104-435d-a298-70e7b7d29049",
    "color" : "#00993F",
    "position" : {
      "x" : 37.743534,
      "y" : -54.924763,
      "z" : 6.854102
    },
    "orientation" : 38
  }, {
    "shape" : "e58fd2c8-29a4-4215-b1a9-f0731a940dcb",
    "color" : "#008EC2",
    "position" : {
      "x" : 8.2276535,
      "y" : 6.9460487,
      "z" : 9.693152
    },
    "orientation" : 45
  }, {
    "shape" : "32fe0f21-d6be-4083-b558-16feb4e99c4d",
    "color" : "#FFB31A",
    "position" : {
      "x" : 44.597637,
      "y" : -48.07066,
      "z" : 0.0
    },
    "orientation" : 19
  }, {
    "shape" : "302f17b5-2104-435d-a298-70e7b7d29049",
    "color" : "#00993F",
    "position" : {
      "x" : -3.3810778,
      "y" : -13.800151,
      "z" : 6.854102
    },
    "orientation" : 37
  }, {
    "shape" : "e58fd2c8-29a4-4215-b1a9-f0731a940dcb",
    "color" : "#008EC2",
    "position" : {
      "x" : 30.889433,
      "y" : -6.9460487,
      "z" : 0.0
    },
    "orientation" : 45
  }, {
    "shape" : "e58fd2c8-29a4-4215-b1a9-f0731a940dcb",
    "color" : "#008EC2",
    "position" : {
      "x" : 17.181229,
      "y" : -34.362457,
      "z" : -27.416409
    },
    "orientation" : 1
  }, {
    "shape" : "6bc78ec7-e063-4103-bcf0-ee240abc2344",
    "color" : "#008EC2",
    "position" : {
      "x" : 8.2276535,
      "y" : 20.654253,
      "z" : 23.401356
    },
    "orientation" : 1
  }, {
    "shape" : "302f17b5-2104-435d-a298-70e7b7d29049",
    "color" : "#00993F",
    "position" : {
      "x" : -10.23518,
      "y" : -34.362457,
      "z" : -13.708204
    },
    "orientation" : 7
  }, {
    "shape" : "e58fd2c8-29a4-4215-b1a9-f0731a940dcb",
    "color" : "#008EC2",
    "position" : {
      "x" : 30.889433,
      "y" : -61.778866,
      "z" : 0.0
    },
    "orientation" : 45
  }, {
    "shape" : "e58fd2c8-29a4-4215-b1a9-f0731a940dcb",
    "color" : "#008EC2",
    "position" : {
      "x" : -38.575058,
      "y" : 40.040558,
      "z" : -23.401356
    },
    "orientation" : 2
  }, {
    "shape" : "dcb67472-9aaa-4c8c-a783-5040df90dc4b",
    "color" : "#0000FF",
    "position" : {
      "x" : 8.2276535,
      "y" : 20.654253,
      "z" : -9.693152
    }
  }, {
    "shape" : "e58fd2c8-29a4-4215-b1a9-f0731a940dcb",
    "color" : "#008EC2",
    "position" : {
      "x" : 37.743534,
      "y" : -54.924763,
      "z" : 6.854102
    },
    "orientation" : 45
  }, {
    "shape" : "302f17b5-2104-435d-a298-70e7b7d29049",
    "color" : "#00993F",
    "position" : {
      "x" : -3.3810778,
      "y" : -41.216557,
      "z" : 6.854102
    },
    "orientation" : 21
  }, {
    "shape" : "302f17b5-2104-435d-a298-70e7b7d29049",
    "color" : "#00993F",
    "position" : {
      "x" : -3.3810778,
      "y" : -27.508354,
      "z" : -6.854102
    },
    "orientation" : 23
  }, {
    "shape" : "32fe0f21-d6be-4083-b558-16feb4e99c4d",
    "color" : "#FFB31A",
    "position" : {
      "x" : -10.23518,
      "y" : -34.362457,
      "z" : -13.708204
    },
    "orientation" : 24
  }, {
    "shape" : "e58fd2c8-29a4-4215-b1a9-f0731a940dcb",
    "color" : "#008EC2",
    "position" : {
      "x" : 37.743534,
      "y" : -27.508354,
      "z" : 6.854102
    },
    "orientation" : 2
  }, {
    "shape" : "32fe0f21-d6be-4083-b558-16feb4e99c4d",
    "color" : "#FFB31A",
    "position" : {
      "x" : 17.181229,
      "y" : -61.778866,
      "z" : -13.708204
    },
    "orientation" : 3
  }, {
    "shape" : "32fe0f21-d6be-4083-b558-16feb4e99c4d",
    "color" : "#FFB31A",
    "position" : {
      "x" : 17.181229,
      "y" : -34.362457,
      "z" : 27.416409
    },
    "orientation" : 19
  }, {
    "shape" : "302f17b5-2104-435d-a298-70e7b7d29049",
    "color" : "#00993F",
    "position" : {
      "x" : 3.4730244,
      "y" : -34.362457,
      "z" : -27.416409
    },
    "orientation" : 21
  }, {
    "shape" : "dcb67472-9aaa-4c8c-a783-5040df90dc4b",
    "color" : "#0000FF",
    "position" : {
      "x" : 8.2276535,
      "y" : 20.654253,
      "z" : 9.693152
    }
  }, {
    "shape" : "6bc78ec7-e063-4103-bcf0-ee240abc2344",
    "color" : "#008EC2",
    "position" : {
      "x" : -24.866856,
      "y" : 6.9460487,
      "z" : -9.693152
    },
    "orientation" : 2
  }, {
    "shape" : "dcb67472-9aaa-4c8c-a783-5040df90dc4b",
    "color" : "#FF0000",
    "position" : {
      "x" : 30.889433,
      "y" : -34.362457,
      "z" : -27.416409
    }
  }, {
    "shape" : "6bc78ec7-e063-4103-bcf0-ee240abc2344",
    "color" : "#008EC2",
    "position" : {
      "x" : -24.866856,
      "y" : 53.74876,
      "z" : -9.693152
    },
    "orientation" : 2
  }, {
    "shape" : "e58fd2c8-29a4-4215-b1a9-f0731a940dcb",
    "color" : "#008EC2",
    "position" : {
      "x" : 8.2276535,
      "y" : 20.654253,
      "z" : -23.401356
    },
    "orientation" : 2
  }, {
    "shape" : "e58fd2c8-29a4-4215-b1a9-f0731a940dcb",
    "color" : "#008EC2",
    "position" : {
      "x" : -24.866856,
      "y" : 6.9460487,
      "z" : -23.401356
    },
    "orientation" : 1
  }, {
    "shape" : "32fe0f21-d6be-4083-b558-16feb4e99c4d",
    "color" : "#FFB31A",
    "position" : {
      "x" : 17.181229,
      "y" : -48.07066,
      "z" : 27.416409
    },
    "orientation" : 24
  }, {
    "shape" : "32fe0f21-d6be-4083-b558-16feb4e99c4d",
    "color" : "#FFB31A",
    "position" : {
      "x" : -10.23518,
      "y" : -48.07066,
      "z" : 0.0
    },
    "orientation" : 5
  }, {
    "shape" : "e58fd2c8-29a4-4215-b1a9-f0731a940dcb",
    "color" : "#008EC2",
    "position" : {
      "x" : -38.575058,
      "y" : 20.654253,
      "z" : -23.401356
    },
    "orientation" : 2
  }, {
    "shape" : "302f17b5-2104-435d-a298-70e7b7d29049",
    "color" : "#00993F",
    "position" : {
      "x" : -5.4805503,
      "y" : 53.74876,
      "z" : -23.401356
    },
    "orientation" : 8
  }, {
    "shape" : "6bc78ec7-e063-4103-bcf0-ee240abc2344",
    "color" : "#008EC2",
    "position" : {
      "x" : -5.4805503,
      "y" : 20.654253,
      "z" : 23.401356
    },
    "orientation" : 45
  }, {
    "shape" : "302f17b5-2104-435d-a298-70e7b7d29049",
    "color" : "#00993F",
    "position" : {
      "x" : -10.23518,
      "y" : -34.362457,
      "z" : -13.708204
    },
    "orientation" : 37
  }, {
    "shape" : "32fe0f21-d6be-4083-b558-16feb4e99c4d",
    "color" : "#FFB31A",
    "position" : {
      "x" : 17.181229,
      "y" : -6.9460487,
      "z" : 0.0
    },
    "orientation" : 19
  }, {
    "shape" : "e58fd2c8-29a4-4215-b1a9-f0731a940dcb",
    "color" : "#008EC2",
    "position" : {
      "x" : -38.575058,
      "y" : 20.654253,
      "z" : 9.693152
    },
    "orientation" : 16
  }, {
    "shape" : "e58fd2c8-29a4-4215-b1a9-f0731a940dcb",
    "color" : "#008EC2",
    "position" : {
      "x" : -24.866856,
      "y" : 53.74876,
      "z" : -23.401356
    },
    "orientation" : 16
  }, {
    "shape" : "e58fd2c8-29a4-4215-b1a9-f0731a940dcb",
    "color" : "#008EC2",
    "position" : {
      "x" : 10.3271265,
      "y" : -27.508354,
      "z" : 20.562305
    },
    "orientation" : 0
  }, {
    "shape" : "302f17b5-2104-435d-a298-70e7b7d29049",
    "color" : "#00993F",
    "position" : {
      "x" : -3.3810778,
      "y" : -13.800151,
      "z" : -6.854102
    },
    "orientation" : 23
  }, {
    "shape" : "32fe0f21-d6be-4083-b558-16feb4e99c4d",
    "color" : "#FFB31A",
    "position" : {
      "x" : 30.889433,
      "y" : -34.362457,
      "z" : 0.0
    },
    "orientation" : 3
  }, {
    "shape" : "32fe0f21-d6be-4083-b558-16feb4e99c4d",
    "color" : "#FFB31A",
    "position" : {
      "x" : 17.181229,
      "y" : -61.778866,
      "z" : 0.0
    },
    "orientation" : 3
  }, {
    "shape" : "e58fd2c8-29a4-4215-b1a9-f0731a940dcb",
    "color" : "#008EC2",
    "position" : {
      "x" : 10.3271265,
      "y" : -41.216557,
      "z" : 20.562305
    },
    "orientation" : 1
  }, {
    "shape" : "302f17b5-2104-435d-a298-70e7b7d29049",
    "color" : "#00993F",
    "position" : {
      "x" : 24.03533,
      "y" : -54.924763,
      "z" : -6.854102
    },
    "orientation" : 52
  }, {
    "shape" : "6bc78ec7-e063-4103-bcf0-ee240abc2344",
    "color" : "#008EC2",
    "position" : {
      "x" : -38.575058,
      "y" : 53.74876,
      "z" : 9.693152
    },
    "orientation" : 47
  }, {
    "shape" : "e58fd2c8-29a4-4215-b1a9-f0731a940dcb",
    "color" : "#008EC2",
    "position" : {
      "x" : -3.3810778,
      "y" : -54.924763,
      "z" : -6.854102
    },
    "orientation" : 1
  }, {
    "shape" : "302f17b5-2104-435d-a298-70e7b7d29049",
    "color" : "#00993F",
    "position" : {
      "x" : 8.2276535,
      "y" : 20.654253,
      "z" : -9.693152
    },
    "orientation" : 36
  }, {
    "shape" : "32fe0f21-d6be-4083-b558-16feb4e99c4d",
    "color" : "#FFB31A",
    "position" : {
      "x" : 44.597637,
      "y" : -34.362457,
      "z" : 0.0
    },
    "orientation" : 19
  }, {
    "shape" : "302f17b5-2104-435d-a298-70e7b7d29049",
    "color" : "#00993F",
    "position" : {
      "x" : 8.2276535,
      "y" : 53.74876,
      "z" : -9.693152
    },
    "orientation" : 22
  }, {
    "shape" : "e58fd2c8-29a4-4215-b1a9-f0731a940dcb",
    "color" : "#008EC2",
    "position" : {
      "x" : 24.03533,
      "y" : -54.924763,
      "z" : 6.854102
    },
    "orientation" : 2
  }, {
    "shape" : "e58fd2c8-29a4-4215-b1a9-f0731a940dcb",
    "color" : "#008EC2",
    "position" : {
      "x" : 8.2276535,
      "y" : 20.654253,
      "z" : 23.401356
    },
    "orientation" : 47
  }, {
    "shape" : "302f17b5-2104-435d-a298-70e7b7d29049",
    "color" : "#00993F",
    "position" : {
      "x" : -5.4805503,
      "y" : 53.74876,
      "z" : 9.693152
    },
    "orientation" : 37
  }, {
    "shape" : "302f17b5-2104-435d-a298-70e7b7d29049",
    "color" : "#00993F",
    "position" : {
      "x" : -3.3810778,
      "y" : -27.508354,
      "z" : 6.854102
    },
    "orientation" : 6
  }, {
    "shape" : "32fe0f21-d6be-4083-b558-16feb4e99c4d",
    "color" : "#FFB31A",
    "position" : {
      "x" : 30.889433,
      "y" : -34.362457,
      "z" : 0.0
    },
    "orientation" : 9
  }, {
    "shape" : "302f17b5-2104-435d-a298-70e7b7d29049",
    "color" : "#00993F",
    "position" : {
      "x" : -38.575058,
      "y" : 40.040558,
      "z" : 9.693152
    },
    "orientation" : 6
  }, {
    "shape" : "6bc78ec7-e063-4103-bcf0-ee240abc2344",
    "color" : "#008EC2",
    "position" : {
      "x" : -38.575058,
      "y" : 40.040558,
      "z" : 9.693152
    },
    "orientation" : 16
  }, {
    "shape" : "32fe0f21-d6be-4083-b558-16feb4e99c4d",
    "color" : "#FFB31A",
    "position" : {
      "x" : 3.4730244,
      "y" : -6.9460487,
      "z" : 0.0
    },
    "orientation" : 19
  }, {
    "shape" : "e58fd2c8-29a4-4215-b1a9-f0731a940dcb",
    "color" : "#008EC2",
    "position" : {
      "x" : -3.3810778,
      "y" : -41.216557,
      "z" : -6.854102
    },
    "orientation" : 2
  }, {
    "shape" : "302f17b5-2104-435d-a298-70e7b7d29049",
    "color" : "#00993F",
    "position" : {
      "x" : -3.3810778,
      "y" : -54.924763,
      "z" : -6.854102
    },
    "orientation" : 23
  }, {
    "shape" : "32fe0f21-d6be-4083-b558-16feb4e99c4d",
    "color" : "#FFB31A",
    "position" : {
      "x" : 17.181229,
      "y" : -48.07066,
      "z" : 0.0
    },
    "orientation" : 24
  }, {
    "shape" : "302f17b5-2104-435d-a298-70e7b7d29049",
    "color" : "#00993F",
    "position" : {
      "x" : -24.866856,
      "y" : 6.9460487,
      "z" : 9.693152
    },
    "orientation" : 51
  }, {
    "shape" : "dcb67472-9aaa-4c8c-a783-5040df90dc4b",
    "color" : "#FF0000",
    "position" : {
      "x" : 24.03533,
      "y" : -13.800151,
      "z" : -6.854102
    }
  }, {
    "shape" : "e58fd2c8-29a4-4215-b1a9-f0731a940dcb",
    "color" : "#008EC2",
    "position" : {
      "x" : 8.2276535,
      "y" : 40.040558,
      "z" : -9.693152
    },
    "orientation" : 1
  }, {
    "shape" : "e58fd2c8-29a4-4215-b1a9-f0731a940dcb",
    "color" : "#008EC2",
    "position" : {
      "x" : 37.743534,
      "y" : -41.216557,
      "z" : 6.854102
    },
    "orientation" : 1
  }, {
    "shape" : "302f17b5-2104-435d-a298-70e7b7d29049",
    "color" : "#00993F",
    "position" : {
      "x" : 37.743534,
      "y" : -27.508354,
      "z" : 6.854102
    },
    "orientation" : 38
  }, {
    "shape" : "302f17b5-2104-435d-a298-70e7b7d29049",
    "color" : "#00993F",
    "position" : {
      "x" : 30.889433,
      "y" : -6.9460487,
      "z" : 0.0
    },
    "orientation" : 53
  }, {
    "shape" : "302f17b5-2104-435d-a298-70e7b7d29049",
    "color" : "#00993F",
    "position" : {
      "x" : -5.4805503,
      "y" : 6.9460487,
      "z" : 9.693152
    },
    "orientation" : 7
  }, {
    "shape" : "302f17b5-2104-435d-a298-70e7b7d29049",
    "color" : "#00993F",
    "position" : {
      "x" : -38.575058,
      "y" : 40.040558,
      "z" : -23.401356
    },
    "orientation" : 6
  }, {
    "shape" : "dcb67472-9aaa-4c8c-a783-5040df90dc4b",
    "color" : "#0000FF",
    "position" : {
      "x" : -24.866856,
      "y" : 40.040558,
      "z" : -23.401356
    }
  }, {
    "shape" : "e58fd2c8-29a4-4215-b1a9-f0731a940dcb",
    "color" : "#008EC2",
    "position" : {
      "x" : 10.3271265,
      "y" : -13.800151,
      "z" : 20.562305
    },
    "orientation" : 16
  }, {
    "shape" : "dcb67472-9aaa-4c8c-a783-5040df90dc4b",
    "color" : "#FF0000",
    "position" : {
      "x" : 30.889433,
      "y" : -61.778866,
      "z" : 0.0
    }
  }, {
    "shape" : "e58fd2c8-29a4-4215-b1a9-f0731a940dcb",
    "color" : "#008EC2",
    "position" : {
      "x" : -24.866856,
      "y" : 20.654253,
      "z" : -23.401356
    },
    "orientation" : 45
  }, {
    "shape" : "e58fd2c8-29a4-4215-b1a9-f0731a940dcb",
    "color" : "#008EC2",
    "position" : {
      "x" : -38.575058,
      "y" : 40.040558,
      "z" : -9.693152
    },
    "orientation" : 1
  }, {
    "shape" : "e58fd2c8-29a4-4215-b1a9-f0731a940dcb",
    "color" : "#008EC2",
    "position" : {
      "x" : 10.3271265,
      "y" : -54.924763,
      "z" : 20.562305
    },
    "orientation" : 1
  }, {
    "shape" : "dcb67472-9aaa-4c8c-a783-5040df90dc4b",
    "color" : "#FF0000",
    "position" : {
      "x" : 17.181229,
      "y" : -48.07066,
      "z" : -27.416409
    }
  }, {
    "shape" : "dcb67472-9aaa-4c8c-a783-5040df90dc4b",
    "color" : "#0000FF",
    "position" : {
      "x" : -5.4805503,
      "y" : 40.040558,
      "z" : -23.401356
    }
  }, {
    "shape" : "302f17b5-2104-435d-a298-70e7b7d29049",
    "color" : "#00993F",
    "position" : {
      "x" : 37.743534,
      "y" : -41.216557,
      "z" : 20.562305
    },
    "orientation" : 36
  }, {
    "shape" : "32fe0f21-d6be-4083-b558-16feb4e99c4d",
    "color" : "#FFB31A",
    "position" : {
      "x" : -10.23518,
      "y" : -34.362457,
      "z" : 13.708204
    },
    "orientation" : 5
  }, {
    "shape" : "32fe0f21-d6be-4083-b558-16feb4e99c4d",
    "color" : "#FFB31A",
    "position" : {
