{
  "polygons" : "true",
  "field" : "golden",
  "symmetry" : "icosahedral",
  "orientations" : [ [ 1.0, 0.0, 0.0, 0.0, 0.0, 1.0, 0.0, 0.0, 0.0, 0.0, 1.0, 0.0, 0.0, 0.0, 0.0, 1.0 ], [ 0.0, 0.0, 1.0, 0.0, 1.0, 0.0, 0.0, 0.0, 0.0, 1.0, 0.0, 0.0, 0.0, 0.0, 0.0, 1.0 ], [ 0.0, 1.0, 0.0, 0.0, 0.0, 0.0, 1.0, 0.0, 1.0, 0.0, 0.0, 0.0, 0.0, 0.0, 0.0, 1.0 ], [ 0.809017, 0.309017, 0.5, 0.0, 0.309017, 0.5, -0.809017, 0.0, -0.5, 0.809017, 0.309017, 0.0, 0.0, 0.0, 0.0, 1.0 ], [ -0.5, 0.809017, 0.309017, 0.0, 0.809017, 0.309017, 0.5, 0.0, 0.309017, 0.5, -0.809017, 0.0, 0.0, 0.0, 0.0, 1.0 ], [ 0.309017, 0.5, -0.809017, 0.0, -0.5, 0.809017, 0.309017, 0.0, 0.809017, 0.309017, 0.5, 0.0, 0.0, 0.0, 0.0, 1.0 ], [ 0.5, 0.809017, 0.309017, 0.0, 0.809017, -0.309017, -0.5, 0.0, -0.309017, 0.5, -0.809017, 0.0, 0.0, 0.0, 0.0, 1.0 ], [ -0.309017, 0.5, -0.809017, 0.0, 0.5, 0.809017, 0.309017, 0.0, 0.809017, -0.309017, -0.5, 0.0, 0.0, 0.0, 0.0, 1.0 ], [ 0.809017, -0.309017, -0.5, 0.0, -0.309017, 0.5, -0.809017, 0.0, 0.5, 0.809017, 0.309017, 0.0, 0.0, 0.0, 0.0, 1.0 ], [ 0.5, 0.809017, -0.309017, 0.0, 0.809017, -0.309017, 0.5, 0.0, 0.309017, -0.5, -0.809017, 0.0, 0.0, 0.0, 0.0, 1.0 ], [ 0.309017, -0.5, -0.809017, 0.0, 0.5, 0.809017, -0.309017, 0.0, 0.809017, -0.309017, 0.5, 0.0, 0.0, 0.0, 0.0, 1.0 ], [ 0.809017, -0.309017, 0.5, 0.0, 0.309017, -0.5, -0.809017, 0.0, 0.5, 0.809017, -0.309017, 0.0, 0.0, 0.0, 0.0, 1.0 ], [ 0.809017, 0.309017, -0.5, 0.0, 0.309017, 0.5, 0.809017, 0.0, 0.5, -0.809017, 0.309017, 0.0, 0.0, 0.0, 0.0, 1.0 ], [ 0.5, -0.809017, 0.309017, 0.0, 0.809017, 0.309017, -0.5, 0.0, 0.309017, 0.5, 0.809017, 0.0, 0.0, 0.0, 0.0, 1.0 ], [ 0.309017, 0.5, 0.809017, 0.0, 0.5, -0.809017, 0.309017, 0.0, 0.809017, 0.309017, -0.5, 0.0, 0.0, 0.0, 0.0, 1.0 ], [ 1.0, 0.0, 0.0, 0.0, 0.0, -1.0, 0.0, 0.0, 0.0, 0.0, -1.0, 0.0, 0.0, 0.0, 0.0, 1.0 ], [ 0.0, 0.0, 1.0, 0.0, -1.0, 0.0, 0.0, 0.0, 0.0, -1.0, 0.0, 0.0, 0.0, 0.0, 0.0, 1.0 ], [ 0.0, 1.0, 0.0, 0.0, 0.0, 0.0, -1.0, 0.0, -1.0, 0.0, 0.0, 0.0, 0.0, 0.0, 0.0, 1.0 ], [ 0.809017, 0.309017, 0.5, 0.0, -0.309017, -0.5, 0.809017, 0.0, 0.5, -0.809017, -0.309017, 0.0, 0.0, 0.0, 0.0, 1.0 ], [ -0.5, 0.809017, 0.309017, 0.0, -0.809017, -0.309017, -0.5, 0.0, -0.309017, -0.5, 0.809017, 0.0, 0.0, 0.0, 0.0, 1.0 ], [ 0.309017, 0.5, -0.809017, 0.0, 0.5, -0.809017, -0.309017, 0.0, -0.809017, -0.309017, -0.5, 0.0, 0.0, 0.0, 0.0, 1.0 ], [ 0.5, 0.809017, 0.309017, 0.0, -0.809017, 0.309017, 0.5, 0.0, 0.309017, -0.5, 0.809017, 0.0, 0.0, 0.0, 0.0, 1.0 ], [ -0.309017, 0.5, -0.809017, 0.0, -0.5, -0.809017, -0.309017, 0.0, -0.809017, 0.309017, 0.5, 0.0, 0.0, 0.0, 0.0, 1.0 ], [ 0.809017, -0.309017, -0.5, 0.0, 0.309017, -0.5, 0.809017, 0.0, -0.5, -0.809017, -0.309017, 0.0, 0.0, 0.0, 0.0, 1.0 ], [ 0.5, 0.809017, -0.309017, 0.0, -0.809017, 0.309017, -0.5, 0.0, -0.309017, 0.5, 0.809017, 0.0, 0.0, 0.0, 0.0, 1.0 ], [ 0.309017, -0.5, -0.809017, 0.0, -0.5, -0.809017, 0.309017, 0.0, -0.809017, 0.309017, -0.5, 0.0, 0.0, 0.0, 0.0, 1.0 ], [ 0.809017, -0.309017, 0.5, 0.0, -0.309017, 0.5, 0.809017, 0.0, -0.5, -0.809017, 0.309017, 0.0, 0.0, 0.0, 0.0, 1.0 ], [ 0.809017, 0.309017, -0.5, 0.0, -0.309017, -0.5, -0.809017, 0.0, -0.5, 0.809017, -0.309017, 0.0, 0.0, 0.0, 0.0, 1.0 ], [ 0.5, -0.809017, 0.309017, 0.0, -0.809017, -0.309017, 0.5, 0.0, -0.309017, -0.5, -0.809017, 0.0, 0.0, 0.0, 0.0, 1.0 ], [ 0.309017, 0.5, 0.809017, 0.0, -0.5, 0.809017, -0.309017, 0.0, -0.809017, -0.309017, 0.5, 0.0, 0.0, 0.0, 0.0, 1.0 ], [ -1.0, 0.0, 0.0, 0.0, 0.0, -1.0, 0.0, 0.0, 0.0, 0.0, 1.0, 0.0, 0.0, 0.0, 0.0, 1.0 ], [ 0.0, 0.0, -1.0, 0.0, -1.0, 0.0, 0.0, 0.0, 0.0, 1.0, 0.0, 0.0, 0.0, 0.0, 0.0, 1.0 ], [ 0.0, -1.0, 0.0, 0.0, 0.0, 0.0, -1.0, 0.0, 1.0, 0.0, 0.0, 0.0, 0.0, 0.0, 0.0, 1.0 ], [ -0.809017, -0.309017, -0.5, 0.0, -0.309017, -0.5, 0.809017, 0.0, -0.5, 0.809017, 0.309017, 0.0, 0.0, 0.0, 0.0, 1.0 ], [ 0.5, -0.809017, -0.309017, 0.0, -0.809017, -0.309017, -0.5, 0.0, 0.309017, 0.5, -0.809017, 0.0, 0.0, 0.0, 0.0, 1.0 ], [ -0.309017, -0.5, 0.809017, 0.0, 0.5, -0.809017, -0.309017, 0.0, 0.809017, 0.309017, 0.5, 0.0, 0.0, 0.0, 0.0, 1.0 ], [ -0.5, -0.809017, -0.309017, 0.0, -0.809017, 0.309017, 0.5, 0.0, -0.309017, 0.5, -0.809017, 0.0, 0.0, 0.0, 0.0, 1.0 ], [ 0.309017, -0.5, 0.809017, 0.0, -0.5, -0.809017, -0.309017, 0.0, 0.809017, -0.309017, -0.5, 0.0, 0.0, 0.0, 0.0, 1.0 ], [ -0.809017, 0.309017, 0.5, 0.0, 0.309017, -0.5, 0.809017, 0.0, 0.5, 0.809017, 0.309017, 0.0, 0.0, 0.0, 0.0, 1.0 ], [ -0.5, -0.809017, 0.309017, 0.0, -0.809017, 0.309017, -0.5, 0.0, 0.309017, -0.5, -0.809017, 0.0, 0.0, 0.0, 0.0, 1.0 ], [ -0.309017, 0.5, 0.809017, 0.0, -0.5, -0.809017, 0.309017, 0.0, 0.809017, -0.309017, 0.5, 0.0, 0.0, 0.0, 0.0, 1.0 ], [ -0.809017, 0.309017, -0.5, 0.0, -0.309017, 0.5, 0.809017, 0.0, 0.5, 0.809017, -0.309017, 0.0, 0.0, 0.0, 0.0, 1.0 ], [ -0.809017, -0.309017, 0.5, 0.0, -0.309017, -0.5, -0.809017, 0.0, 0.5, -0.809017, 0.309017, 0.0, 0.0, 0.0, 0.0, 1.0 ], [ -0.5, 0.809017, -0.309017, 0.0, -0.809017, -0.309017, 0.5, 0.0, 0.309017, 0.5, 0.809017, 0.0, 0.0, 0.0, 0.0, 1.0 ], [ -0.309017, -0.5, -0.809017, 0.0, -0.5, 0.809017, -0.309017, 0.0, 0.809017, 0.309017, -0.5, 0.0, 0.0, 0.0, 0.0, 1.0 ], [ -1.0, 0.0, 0.0, 0.0, 0.0, 1.0, 0.0, 0.0, 0.0, 0.0, -1.0, 0.0, 0.0, 0.0, 0.0, 1.0 ], [ 0.0, 0.0, -1.0, 0.0, 1.0, 0.0, 0.0, 0.0, 0.0, -1.0, 0.0, 0.0, 0.0, 0.0, 0.0, 1.0 ], [ 0.0, -1.0, 0.0, 0.0, 0.0, 0.0, 1.0, 0.0, -1.0, 0.0, 0.0, 0.0, 0.0, 0.0, 0.0, 1.0 ], [ -0.809017, -0.309017, -0.5, 0.0, 0.309017, 0.5, -0.809017, 0.0, 0.5, -0.809017, -0.309017, 0.0, 0.0, 0.0, 0.0, 1.0 ], [ 0.5, -0.809017, -0.309017, 0.0, 0.809017, 0.309017, 0.5, 0.0, -0.309017, -0.5, 0.809017, 0.0, 0.0, 0.0, 0.0, 1.0 ], [ -0.309017, -0.5, 0.809017, 0.0, -0.5, 0.809017, 0.309017, 0.0, -0.809017, -0.309017, -0.5, 0.0, 0.0, 0.0, 0.0, 1.0 ], [ -0.5, -0.809017, -0.309017, 0.0, 0.809017, -0.309017, -0.5, 0.0, 0.309017, -0.5, 0.809017, 0.0, 0.0, 0.0, 0.0, 1.0 ], [ 0.309017, -0.5, 0.809017, 0.0, 0.5, 0.809017, 0.309017, 0.0, -0.809017, 0.309017, 0.5, 0.0, 0.0, 0.0, 0.0, 1.0 ], [ -0.809017, 0.309017, 0.5, 0.0, -0.309017, 0.5, -0.809017, 0.0, -0.5, -0.809017, -0.309017, 0.0, 0.0, 0.0, 0.0, 1.0 ], [ -0.5, -0.809017, 0.309017, 0.0, 0.809017, -0.309017, 0.5, 0.0, -0.309017, 0.5, 0.809017, 0.0, 0.0, 0.0, 0.0, 1.0 ], [ -0.309017, 0.5, 0.809017, 0.0, 0.5, 0.809017, -0.309017, 0.0, -0.809017, 0.309017, -0.5, 0.0, 0.0, 0.0, 0.0, 1.0 ], [ -0.809017, 0.309017, -0.5, 0.0, 0.309017, -0.5, -0.809017, 0.0, -0.5, -0.809017, 0.309017, 0.0, 0.0, 0.0, 0.0, 1.0 ], [ -0.809017, -0.309017, 0.5, 0.0, 0.309017, 0.5, 0.809017, 0.0, -0.5, 0.809017, -0.309017, 0.0, 0.0, 0.0, 0.0, 1.0 ], [ -0.5, 0.809017, -0.309017, 0.0, 0.809017, 0.309017, -0.5, 0.0, -0.309017, -0.5, -0.809017, 0.0, 0.0, 0.0, 0.0, 1.0 ], [ -0.309017, -0.5, -0.809017, 0.0, 0.5, -0.809017, 0.309017, 0.0, -0.809017, -0.309017, 0.5, 0.0, 0.0, 0.0, 0.0, 1.0 ] ],
  "lights" : {
    "directionalLights" : [ {
      "direction" : [ 1.0, -1.0, -1.0 ],
      "color" : "#EBEBE4"
    }, {
      "direction" : [ -1.0, 0.0, 0.0 ],
      "color" : "#E4E4EB"
    }, {
      "direction" : [ 0.0, 0.0, -1.0 ],
      "color" : "#1E1E1E"
    } ],
    "ambientColor" : "#292929",
    "backgroundColor" : "#AFC8DC"
  },
  "camera" : {
    "position" : {
      "x" : 167.79591,
      "y" : 87.30967,
      "z" : 92.07758
    },
    "width" : 94.667595,
    "perspective" : true,
    "fieldOfView" : 0.44262883,
    "upDirectionRV" : {
      "x" : 0.59526825,
      "y" : -0.6587057,
      "z" : -0.4601796,
      "zero" : false
    },
    "lookDirectionRV" : {
      "x" : -0.7976135,
      "y" : -0.41502425,
      "z" : -0.4376884,
      "zero" : false
    },
    "viewDistance" : 210.37245,
    "lookAtPointRV" : {
      "x" : 0.0,
      "y" : 0.0,
      "z" : 0.0,
      "zero" : true
    },
    "nearClipDistance" : 0.5259311,
    "lookDirection" : {
      "x" : -0.7976135,
      "y" : -0.41502425,
      "z" : -0.4376884
    },
    "lookAtPoint" : {
      "x" : 0.0,
      "y" : 0.0,
      "z" : 0.0
    },
    "upDirection" : {
      "x" : 0.59526825,
      "y" : -0.6587057,
      "z" : -0.4601796
    },
    "farClipDistance" : 420.74484,
    "stereo" : false
  },
  "embedding" : [ 1.0, 0.0, 0.0, 0.0, 0.0, 1.0, 0.0, 0.0, 0.0, 0.0, 1.0, 0.0, 0.0, 0.0, 0.0, 1.0 ],
  "shapes" : [ {
    "id" : "80502f00-de6d-47fd-92d6-277583a1f565",
    "orbit" : "green",
    "orbitC" : "[[2,-1,1],[5,-3,1]]",
    "length" : "[-53,38,12]",
    "name" : " :-53/12 +19/6*phi",
    "vertices" : [ {
      "x" : 6.1284184,
      "y" : 2.1498644,
      "z" : -1.0121582
    }, {
      "x" : 7.150961,
      "y" : 2.186339,
      "z" : -1.1441242
    }, {
      "x" : 6.1284184,
      "y" : 2.1498644,
      "z" : -0.63019216
    }, {
      "x" : 5.937435,
      "y" : 2.4588814,
      "z" : -1.1301922
    }, {
      "x" : 5.937435,
      "y" : 2.4588814,
      "z" : -0.74822617
    }, {
      "x" : 0.809017,
      "y" : 0.618034,
      "z" : 0.309017
    }, {
      "x" : 1.0,
      "y" : 0.309017,
      "z" : 0.19098301
    }, {
      "x" : 1.9045085,
      "y" : 0.5364745,
      "z" : -0.013932022
    }, {
      "x" : 6.8419437,
      "y" : 2.686339,
      "z" : -1.3351072
    }, {
      "x" : 7.032927,
      "y" : 2.377322,
      "z" : -1.4531412
    }, {
      "x" : 7.032927,
      "y" : 2.377322,
      "z" : -0.8351072
    }, {
      "x" : 6.8419437,
      "y" : 2.686339,
      "z" : -0.95314115
    }, {
      "x" : 1.7135255,
      "y" : 0.8454915,
      "z" : -0.13196601
    }, {
      "x" : 0.690983,
      "y" : 0.809017,
      "z" : 0.0
    }, {
      "x" : 1.9045085,
      "y" : 0.5364745,
      "z" : -0.39589804
    }, {
      "x" : 1.7135255,
      "y" : 0.8454915,
      "z" : -0.51393205
    }, {
      "x" : 0.809017,
      "y" : 0.618034,
      "z" : -0.309017
    }, {
      "x" : 1.0,
      "y" : 0.309017,
      "z" : -0.19098301
    }, {
      "x" : 7.8419437,
      "y" : 2.995356,
      "z" : -1.1441242
    } ],
    "faces" : [ {
      "vertices" : [ 0, 14, 15, 3 ]
    }, {
      "vertices" : [ 3, 15, 12, 4 ]
    }, {
      "vertices" : [ 0, 1, 2 ]
    }, {
      "vertices" : [ 12, 15, 13 ]
    }, {
      "vertices" : [ 0, 9, 1 ]
    }, {
      "vertices" : [ 0, 3, 9 ]
    }, {
      "vertices" : [ 13, 15, 16 ]
    }, {
      "vertices" : [ 6, 17, 14, 7 ]
    }, {
      "vertices" : [ 1, 10, 2 ]
    }, {
      "vertices" : [ 5, 6, 7 ]
    }, {
      "vertices" : [ 3, 8, 9 ]
    }, {
      "vertices" : [ 0, 2, 7, 14 ]
    }, {
      "vertices" : [ 5, 7, 12 ]
    }, {
      "vertices" : [ 2, 4, 12, 7 ]
    }, {
      "vertices" : [ 3, 4, 11, 8 ]
    }, {
      "vertices" : [ 2, 10, 11, 4 ]
    }, {
      "vertices" : [ 5, 12, 13 ]
    }, {
      "vertices" : [ 14, 17, 16, 15 ]
    } ]
  }, {
    "id" : "ce61fa36-7208-47de-8896-b158c57c4ab9",
    "orbit" : "green",
    "orbitC" : "[[2,-1,1],[5,-3,1]]",
    "length" : "[1,0,2]",
    "name" : " :1/2",
    "vertices" : [ {
      "x" : 3.8315594,
      "y" : 1.2725425,
      "z" : -0.677051
    }, {
      "x" : 4.854102,
      "y" : 1.309017,
      "z" : -0.809017
    }, {
      "x" : 3.8315594,
      "y" : 1.2725425,
      "z" : -0.29508498
    }, {
      "x" : 3.6405764,
      "y" : 1.5815595,
      "z" : -0.79508495
    }, {
      "x" : 3.6405764,
      "y" : 1.5815595,
      "z" : -0.41311896
    }, {
      "x" : 0.809017,
      "y" : 0.618034,
      "z" : 0.309017
    }, {
      "x" : 1.0,
      "y" : 0.309017,
      "z" : 0.19098301
    }, {
      "x" : 1.9045085,
      "y" : 0.5364745,
      "z" : -0.013932022
    }, {
      "x" : 4.545085,
      "y" : 1.809017,
      "z" : -1.0
    }, {
      "x" : 4.736068,
      "y" : 1.5,
      "z" : -1.118034
    }, {
      "x" : 4.736068,
      "y" : 1.5,
      "z" : -0.5
    }, {
      "x" : 4.545085,
      "y" : 1.809017,
      "z" : -0.618034
    }, {
      "x" : 1.7135255,
      "y" : 0.8454915,
      "z" : -0.13196601
    }, {
      "x" : 0.690983,
      "y" : 0.809017,
      "z" : 0.0
    }, {
      "x" : 1.9045085,
      "y" : 0.5364745,
      "z" : -0.39589804
    }, {
      "x" : 1.7135255,
      "y" : 0.8454915,
      "z" : -0.51393205
    }, {
      "x" : 0.809017,
      "y" : 0.618034,
      "z" : -0.309017
    }, {
      "x" : 1.0,
      "y" : 0.309017,
      "z" : -0.19098301
    }, {
      "x" : 5.545085,
      "y" : 2.118034,
      "z" : -0.809017
    } ],
    "faces" : [ {
      "vertices" : [ 0, 14, 15, 3 ]
    }, {
      "vertices" : [ 3, 15, 12, 4 ]
    }, {
      "vertices" : [ 0, 1, 2 ]
    }, {
      "vertices" : [ 12, 15, 13 ]
    }, {
      "vertices" : [ 0, 9, 1 ]
    }, {
      "vertices" : [ 0, 3, 9 ]
    }, {
      "vertices" : [ 13, 15, 16 ]
    }, {
      "vertices" : [ 6, 17, 14, 7 ]
    }, {
      "vertices" : [ 1, 10, 2 ]
    }, {
      "vertices" : [ 5, 6, 7 ]
    }, {
      "vertices" : [ 3, 8, 9 ]
    }, {
      "vertices" : [ 0, 2, 7, 14 ]
    }, {
      "vertices" : [ 5, 7, 12 ]
    }, {
      "vertices" : [ 2, 4, 12, 7 ]
    }, {
      "vertices" : [ 3, 4, 11, 8 ]
    }, {
      "vertices" : [ 2, 10, 11, 4 ]
    }, {
      "vertices" : [ 5, 12, 13 ]
    }, {
      "vertices" : [ 14, 17, 16, 15 ]
    } ]
  }, {
    "id" : "a1312720-d19c-42a7-a710-d398a6efc3df",
    "orbit" : "blue",
    "orbitC" : "[[0,0,1],[0,0,1]]",
    "length" : "[-53,38,12]",
    "name" : " :-53/12 +19/6*phi",
    "vertices" : [ {
      "x" : 4.990712,
      "y" : 0.309017,
      "z" : 0.19098301
    }, {
      "x" : 4.990712,
      "y" : 0.309017,
      "z" : -0.19098301
    }, {
      "x" : 1.0,
      "y" : 0.309017,
      "z" : -0.19098301
    }, {
      "x" : 1.0,
      "y" : 0.309017,
      "z" : 0.19098301
    }, {
      "x" : 4.990712,
      "y" : -0.309017,
      "z" : 0.19098301
    }, {
      "x" : 1.0,
      "y" : -0.309017,
      "z" : 0.19098301
    }, {
      "x" : 1.0,
      "y" : -0.309017,
      "z" : -0.19098301
    }, {
      "x" : 4.990712,
      "y" : -0.309017,
      "z" : -0.19098301
    }, {
      "x" : 5.990712,
      "y" : 0.0,
      "z" : 0.0
    } ],
    "faces" : [ {
      "vertices" : [ 1, 7, 6, 2 ]
    }, {
      "vertices" : [ 0, 1, 2, 3 ]
    }, {
      "vertices" : [ 4, 5, 6, 7 ]
    }, {
      "vertices" : [ 0, 3, 5, 4 ]
    } ]
  }, {
    "id" : "b69b240a-cbf9-49d6-a4eb-1773e85631f3",
    "name" : "ball",
    "vertices" : [ {
      "x" : 0.309017,
      "y" : -0.809017,
      "z" : 0.618034
    }, {
      "x" : 0.809017,
      "y" : -0.618034,
      "z" : 0.309017
    }, {
      "x" : 0.618034,
      "y" : -0.309017,
      "z" : 0.809017
    }, {
      "x" : 1.0,
      "y" : 0.309017,
      "z" : 0.19098301
    }, {
      "x" : 0.809017,
      "y" : 0.618034,
      "z" : 0.309017
    }, {
      "x" : 0.618034,
      "y" : 0.309017,
      "z" : 0.809017
    }, {
      "x" : 0.809017,
      "y" : 0.0,
      "z" : 0.690983
    }, {
      "x" : 0.19098301,
      "y" : -1.0,
      "z" : 0.309017
    }, {
      "x" : -0.19098301,
      "y" : -1.0,
      "z" : 0.309017
    }, {
      "x" : -0.19098301,
      "y" : -1.0,
      "z" : -0.309017
    }, {
      "x" : 0.19098301,
      "y" : -1.0,
      "z" : -0.309017
    }, {
      "x" : 1.0,
      "y" : -0.309017,
      "z" : -0.19098301
    }, {
      "x" : 0.809017,
      "y" : -0.618034,
      "z" : -0.309017
    }, {
      "x" : 0.618034,
      "y" : -0.309017,
      "z" : -0.809017
    }, {
      "x" : 0.809017,
      "y" : 0.0,
      "z" : -0.690983
    }, {
      "x" : 0.0,
      "y" : 0.690983,
      "z" : -0.809017
    }, {
      "x" : 0.309017,
      "y" : 0.809017,
      "z" : -0.618034
    }, {
      "x" : 0.618034,
      "y" : 0.309017,
      "z" : -0.809017
    }, {
      "x" : 0.309017,
      "y" : 0.19098301,
      "z" : -1.0
    }, {
      "x" : 1.0,
      "y" : 0.309017,
      "z" : -0.19098301
    }, {
      "x" : -0.309017,
      "y" : -0.809017,
      "z" : 0.618034
    }, {
      "x" : 0.0,
      "y" : -0.690983,
      "z" : 0.809017
    }, {
      "x" : 0.809017,
      "y" : 0.618034,
      "z" : -0.309017
    }, {
      "x" : 0.690983,
      "y" : 0.809017,
      "z" : 0.0
    }, {
      "x" : -0.690983,
      "y" : 0.809017,
      "z" : 0.0
    }, {
      "x" : -0.809017,
      "y" : 0.618034,
      "z" : 0.309017
    }, {
      "x" : -0.309017,
      "y" : 0.809017,
      "z" : 0.618034
    }, {
      "x" : -0.19098301,
      "y" : 1.0,
      "z" : 0.309017
    }, {
      "x" : 0.309017,
      "y" : -0.19098301,
      "z" : -1.0
    }, {
      "x" : 0.19098301,
      "y" : 1.0,
      "z" : 0.309017
    }, {
      "x" : 0.309017,
      "y" : 0.809017,
      "z" : 0.618034
    }, {
      "x" : -0.809017,
      "y" : -0.618034,
      "z" : 0.309017
    }, {
      "x" : -0.690983,
      "y" : -0.809017,
      "z" : 0.0
    }, {
      "x" : 0.0,
      "y" : 0.690983,
      "z" : 0.809017
    }, {
      "x" : 0.309017,
      "y" : -0.809017,
      "z" : -0.618034
    }, {
      "x" : 0.0,
      "y" : -0.690983,
      "z" : -0.809017
    }, {
      "x" : -1.0,
      "y" : 0.309017,
      "z" : 0.19098301
    }, {
      "x" : -0.809017,
      "y" : 0.0,
      "z" : 0.690983
    }, {
      "x" : -0.618034,
      "y" : 0.309017,
      "z" : 0.809017
    }, {
      "x" : 1.0,
      "y" : -0.309017,
      "z" : 0.19098301
    }, {
      "x" : -0.309017,
      "y" : -0.809017,
      "z" : -0.618034
    }, {
      "x" : -1.0,
      "y" : 0.309017,
      "z" : -0.19098301
    }, {
      "x" : -1.0,
      "y" : -0.309017,
      "z" : -0.19098301
    }, {
      "x" : -1.0,
      "y" : -0.309017,
      "z" : 0.19098301
    }, {
      "x" : 0.19098301,
      "y" : 1.0,
      "z" : -0.309017
    }, {
      "x" : -0.809017,
      "y" : 0.618034,
      "z" : -0.309017
    }, {
      "x" : -0.19098301,
      "y" : 1.0,
      "z" : -0.309017
    }, {
      "x" : -0.309017,
      "y" : 0.809017,
      "z" : -0.618034
    }, {
      "x" : -0.618034,
      "y" : -0.309017,
      "z" : 0.809017
    }, {
      "x" : 0.309017,
      "y" : 0.19098301,
      "z" : 1.0
    }, {
      "x" : -0.309017,
      "y" : 0.19098301,
      "z" : -1.0
    }, {
      "x" : -0.309017,
      "y" : 0.19098301,
      "z" : 1.0
    }, {
      "x" : -0.309017,
      "y" : -0.19098301,
      "z" : 1.0
    }, {
      "x" : 0.309017,
      "y" : -0.19098301,
      "z" : 1.0
    }, {
      "x" : 0.690983,
      "y" : -0.809017,
      "z" : 0.0
    }, {
      "x" : -0.809017,
      "y" : 0.0,
      "z" : -0.690983
    }, {
      "x" : -0.618034,
      "y" : -0.309017,
      "z" : -0.809017
    }, {
      "x" : -0.309017,
      "y" : -0.19098301,
      "z" : -1.0
    }, {
      "x" : -0.618034,
      "y" : 0.309017,
      "z" : -0.809017
    }, {
      "x" : -0.809017,
      "y" : -0.618034,
      "z" : -0.309017
    } ],
    "faces" : [ {
      "vertices" : [ 9, 40, 35, 34, 10 ]
    }, {
      "vertices" : [ 0, 1, 2 ]
    }, {
      "vertices" : [ 33, 51, 49 ]
    }, {
      "vertices" : [ 25, 36, 37, 38 ]
    }, {
      "vertices" : [ 41, 55, 42 ]
    }, {
      "vertices" : [ 9, 32, 59, 40 ]
    }, {
      "vertices" : [ 20, 21, 52, 48 ]
    }, {
      "vertices" : [ 26, 33, 30, 29, 27 ]
    }, {
      "vertices" : [ 3, 4, 5, 6 ]
    }, {
      "vertices" : [ 27, 29, 44, 46 ]
    }, {
      "vertices" : [ 50, 57, 56, 55, 58 ]
    }, {
      "vertices" : [ 26, 38, 51, 33 ]
    }, {
      "vertices" : [ 45, 47, 58 ]
    }, {
      "vertices" : [ 18, 28, 57, 50 ]
    }, {
      "vertices" : [ 40, 59, 56 ]
    }, {
      "vertices" : [ 31, 48, 37, 43 ]
    }, {
      "vertices" : [ 7, 8, 9, 10 ]
    }, {
      "vertices" : [ 36, 41, 42, 43 ]
    }, {
      "vertices" : [ 24, 46, 47, 45 ]
    }, {
      "vertices" : [ 4, 30, 5 ]
    }, {
      "vertices" : [ 15, 47, 46, 44, 16 ]
    }, {
      "vertices" : [ 15, 50, 58, 47 ]
    }, {
      "vertices" : [ 24, 45, 41, 36, 25 ]
    }, {
      "vertices" : [ 11, 14, 19 ]
    }, {
      "vertices" : [ 3, 6, 39 ]
    }, {
      "vertices" : [ 1, 39, 6, 2 ]
    }, {
      "vertices" : [ 8, 32, 9 ]
    }, {
      "vertices" : [ 11, 12, 13, 14 ]
    }, {
      "vertices" : [ 16, 22, 17 ]
    }, {
      "vertices" : [ 0, 21, 20, 8, 7 ]
    }, {
      "vertices" : [ 12, 34, 13 ]
    }, {
      "vertices" : [ 35, 40, 56, 57 ]
    }, {
      "vertices" : [ 0, 7, 54, 1 ]
    }, {
      "vertices" : [ 15, 16, 17, 18 ]
    }, {
      "vertices" : [ 3, 19, 22, 23, 4 ]
    }, {
      "vertices" : [ 7, 10, 54 ]
    }, {
      "vertices" : [ 41, 45, 58, 55 ]
    }, {
      "vertices" : [ 3, 39, 11, 19 ]
    }, {
      "vertices" : [ 14, 17, 22, 19 ]
    }, {
      "vertices" : [ 0, 2, 53, 21 ]
    }, {
      "vertices" : [ 49, 51, 52, 53 ]
    }, {
      "vertices" : [ 31, 43, 42, 59, 32 ]
    }, {
      "vertices" : [ 15, 18, 50 ]
    }, {
      "vertices" : [ 42, 55, 56, 59 ]
    }, {
      "vertices" : [ 4, 23, 29, 30 ]
    }, {
      "vertices" : [ 25, 38, 26 ]
    }, {
      "vertices" : [ 13, 28, 18, 17, 14 ]
    }, {
      "vertices" : [ 8, 20, 31, 32 ]
    }, {
      "vertices" : [ 23, 44, 29 ]
    }, {
      "vertices" : [ 24, 27, 46 ]
    }, {
      "vertices" : [ 37, 48, 52, 51, 38 ]
    }, {
      "vertices" : [ 20, 48, 31 ]
    }, {
      "vertices" : [ 24, 25, 26, 27 ]
    }, {
      "vertices" : [ 16, 44, 23, 22 ]
    }, {
      "vertices" : [ 13, 34, 35, 28 ]
    }, {
      "vertices" : [ 10, 34, 12, 54 ]
    }, {
      "vertices" : [ 2, 6, 5, 49, 53 ]
    }, {
      "vertices" : [ 36, 43, 37 ]
    }, {
      "vertices" : [ 5, 30, 33, 49 ]
    }, {
      "vertices" : [ 1, 54, 12, 11, 39 ]
    }, {
      "vertices" : [ 28, 35, 57 ]
    }, {
      "vertices" : [ 21, 53, 52 ]
    } ]
  }, {
    "id" : "2ed69ace-3838-43a2-82bc-a3b3e2143add",
    "orbit" : "blue",
    "orbitC" : "[[0,0,1],[0,0,1]]",
    "length" : "[1,0,1]",
    "name" : "b1",
    "vertices" : [ {
      "x" : 7.472136,
      "y" : 0.309017,
      "z" : 0.19098301
    }, {
      "x" : 7.472136,
      "y" : 0.309017,
      "z" : -0.19098301
    }, {
      "x" : 1.0,
      "y" : 0.309017,
      "z" : -0.19098301
    }, {
      "x" : 1.0,
      "y" : 0.309017,
      "z" : 0.19098301
    }, {
      "x" : 7.472136,
      "y" : -0.309017,
      "z" : 0.19098301
    }, {
      "x" : 1.0,
      "y" : -0.309017,
      "z" : 0.19098301
    }, {
      "x" : 1.0,
      "y" : -0.309017,
      "z" : -0.19098301
    }, {
      "x" : 7.472136,
      "y" : -0.309017,
      "z" : -0.19098301
    }, {
      "x" : 8.472136,
      "y" : 0.0,
      "z" : 0.0
    } ],
    "faces" : [ {
      "vertices" : [ 1, 7, 6, 2 ]
    }, {
      "vertices" : [ 0, 1, 2, 3 ]
    }, {
      "vertices" : [ 4, 5, 6, 7 ]
    }, {
      "vertices" : [ 0, 3, 5, 4 ]
    } ]
  }, {
    "id" : "f684113e-96b1-45fe-9e58-36e2a34a899f",
    "orbit" : "yellow",
    "orbitC" : "[[0,0,1],[2,-1,1]]",
    "length" : "[1,0,1]",
    "name" : "y1",
    "vertices" : [ {
      "x" : 0.809017,
      "y" : 0.0,
      "z" : -0.690983
    }, {
      "x" : 1.0,
      "y" : 0.309017,
      "z" : -0.19098301
    }, {
      "x" : 2.618034,
      "y" : 0.309017,
      "z" : -0.809017
    }, {
      "x" : 2.427051,
      "y" : 0.0,
      "z" : -1.309017
    }, {
      "x" : 5.854102,
      "y" : 0.309017,
      "z" : -2.427051
    }, {
      "x" : 1.0,
      "y" : -0.309017,
      "z" : -0.19098301
    }, {
      "x" : 2.618034,
      "y" : -0.309017,
      "z" : -0.809017
    }, {
      "x" : 4.236068,
      "y" : 0.309017,
      "z" : -1.809017
    }, {
      "x" : 4.427051,
      "y" : 0.0,
      "z" : -1.309017
    }, {
      "x" : 6.854102,
      "y" : 0.0,
      "z" : -2.618034
    }, {
      "x" : 4.236068,
      "y" : -0.309017,
      "z" : -1.809017
    }, {
      "x" : 6.045085,
      "y" : 0.0,
      "z" : -1.927051
    }, {
      "x" : 5.854102,
      "y" : -0.309017,
      "z" : -2.427051
    } ],
    "faces" : [ {
      "vertices" : [ 2, 6, 8 ]
    }, {
      "vertices" : [ 4, 12, 10, 7 ]
    }, {
      "vertices" : [ 2, 8, 7 ]
    }, {
      "vertices" : [ 3, 10, 6 ]
    }, {
      "vertices" : [ 3, 7, 10 ]
    }, {
      "vertices" : [ 0, 1, 2, 3 ]
    }, {
      "vertices" : [ 6, 10, 8 ]
    }, {
      "vertices" : [ 8, 10, 12, 11 ]
    }, {
      "vertices" : [ 2, 7, 3 ]
    }, {
      "vertices" : [ 0, 3, 6, 5 ]
    }, {
      "vertices" : [ 1, 5, 6, 2 ]
    }, {
      "vertices" : [ 4, 7, 8, 11 ]
    } ]
  }, {
    "id" : "9ce7c19d-421b-463c-b62e-cf2abd9e4957",
    "orbit" : "green",
    "orbitC" : "[[2,-1,1],[5,-3,1]]",
    "length" : "[0,1,2]",
    "name" : " :1/2*phi",
    "vertices" : [ {
      "x" : 7.2586102,
      "y" : 2.5815594,
      "z" : -1.177051
    }, {
      "x" : 8.281153,
      "y" : 2.618034,
      "z" : -1.309017
    }, {
      "x" : 7.2586102,
      "y" : 2.5815594,
      "z" : -0.79508495
    }, {
      "x" : 7.0676274,
      "y" : 2.8905764,
      "z" : -1.295085
    }, {
      "x" : 7.0676274,
      "y" : 2.8905764,
      "z" : -0.91311896
    }, {
      "x" : 0.809017,
      "y" : 0.618034,
      "z" : 0.309017
    }, {
      "x" : 1.0,
      "y" : 0.309017,
      "z" : 0.19098301
    }, {
      "x" : 1.9045085,
      "y" : 0.5364745,
      "z" : -0.013932022
    }, {
      "x" : 7.972136,
      "y" : 3.118034,
      "z" : -1.5
    }, {
      "x" : 8.163119,
      "y" : 2.809017,
      "z" : -1.618034
    }, {
      "x" : 8.163119,
      "y" : 2.809017,
      "z" : -1.0
    }, {
      "x" : 7.972136,
      "y" : 3.118034,
      "z" : -1.118034
    }, {
      "x" : 1.7135255,
      "y" : 0.8454915,
      "z" : -0.13196601
    }, {
      "x" : 0.690983,
      "y" : 0.809017,
      "z" : 0.0
    }, {
      "x" : 1.9045085,
      "y" : 0.5364745,
      "z" : -0.39589804
    }, {
      "x" : 1.7135255,
      "y" : 0.8454915,
      "z" : -0.51393205
    }, {
      "x" : 0.809017,
      "y" : 0.618034,
      "z" : -0.309017
    }, {
      "x" : 1.0,
      "y" : 0.309017,
      "z" : -0.19098301
    }, {
      "x" : 8.972136,
      "y" : 3.427051,
      "z" : -1.309017
    } ],
    "faces" : [ {
      "vertices" : [ 0, 14, 15, 3 ]
    }, {
      "vertices" : [ 3, 15, 12, 4 ]
    }, {
      "vertices" : [ 0, 1, 2 ]
    }, {
      "vertices" : [ 12, 15, 13 ]
    }, {
      "vertices" : [ 0, 9, 1 ]
    }, {
      "vertices" : [ 0, 3, 9 ]
    }, {
      "vertices" : [ 13, 15, 16 ]
    }, {
      "vertices" : [ 6, 17, 14, 7 ]
    }, {
      "vertices" : [ 1, 10, 2 ]
    }, {
      "vertices" : [ 5, 6, 7 ]
    }, {
      "vertices" : [ 3, 8, 9 ]
    }, {
      "vertices" : [ 0, 2, 7, 14 ]
    }, {
      "vertices" : [ 5, 7, 12 ]
    }, {
      "vertices" : [ 2, 4, 12, 7 ]
    }, {
      "vertices" : [ 3, 4, 11, 8 ]
    }, {
      "vertices" : [ 2, 10, 11, 4 ]
    }, {
      "vertices" : [ 5, 12, 13 ]
    }, {
      "vertices" : [ 14, 17, 16, 15 ]
    } ]
  }, {
    "id" : "1b5d9b05-bd7d-4a11-bf50-bc1f0a860446",
    "orbit" : "blue",
    "orbitC" : "[[0,0,1],[0,0,1]]",
    "length" : "[0,1,2]",
    "name" : " :1/2*phi",
    "vertices" : [ {
      "x" : 5.854102,
      "y" : 0.309017,
      "z" : 0.19098301
    }, {
      "x" : 5.854102,
      "y" : 0.309017,
      "z" : -0.19098301
    }, {
      "x" : 1.0,
      "y" : 0.309017,
      "z" : -0.19098301
    }, {
      "x" : 1.0,
      "y" : 0.309017,
      "z" : 0.19098301
    }, {
      "x" : 5.854102,
      "y" : -0.309017,
      "z" : 0.19098301
    }, {
      "x" : 1.0,
      "y" : -0.309017,
      "z" : 0.19098301
    }, {
      "x" : 1.0,
      "y" : -0.309017,
      "z" : -0.19098301
    }, {
      "x" : 5.854102,
      "y" : -0.309017,
      "z" : -0.19098301
    }, {
      "x" : 6.854102,
      "y" : 0.0,
      "z" : 0.0
    } ],
    "faces" : [ {
      "vertices" : [ 1, 7, 6, 2 ]
    }, {
      "vertices" : [ 0, 1, 2, 3 ]
    }, {
      "vertices" : [ 4, 5, 6, 7 ]
    }, {
      "vertices" : [ 0, 3, 5, 4 ]
    } ]
  } ],
  "instances" : [ {
    "shape" : "80502f00-de6d-47fd-92d6-277583a1f565",
    "color" : "#00993F",
    "position" : {
      "x" : 13.0441475,
      "y" : -20.123177,
      "z" : 30.232052
    },
    "orientation" : 19
  }, {
    "shape" : "80502f00-de6d-47fd-92d6-277583a1f565",
    "color" : "#00993F",
    "position" : {
      "x" : 9.80808,
      "y" : 2.0571635,
      "z" : 21.759916
    },
    "orientation" : 57
  }, {
    "shape" : "ce61fa36-7208-47de-8896-b158c57c4ab9",
    "color" : "#00993F",
    "position" : {
      "x" : -0.04137839,
      "y" : -2.0347803,
      "z" : 2.8278024
    },
    "orientation" : 15
  }, {
    "shape" : "a1312720-d19c-42a7-a710-d398a6efc3df",
    "color" : "#008EC2",
    "position" : {
      "x" : -0.27457622,
      "y" : -18.73834,
      "z" : 5.0563564
    },
    "orientation" : 53
  }, {
    "shape" : "a1312720-d19c-42a7-a710-d398a6efc3df",
    "color" : "#008EC2",
    "position" : {
      "x" : -0.27457622,
      "y" : -18.73834,
      "z" : 5.0563564
    },
    "orientation" : 52
  }, {
    "shape" : "b69b240a-cbf9-49d6-a4eb-1773e85631f3",
    "color" : "#F2F2F2",
    "position" : {
      "x" : 6.346328,
      "y" : -24.969765,
      "z" : 32.083282
    }
  }, {
    "shape" : "b69b240a-cbf9-49d6-a4eb-1773e85631f3",
    "color" : "#F2F2F2",
    "position" : {
      "x" : 10.472972,
      "y" : -0.84844136,
      "z" : -23.390108
    }
  }, {
    "shape" : "2ed69ace-3838-43a2-82bc-a3b3e2143add",
    "color" : "#008EC2",
    "position" : {
      "x" : 14.0441475,
      "y" : -2.1789045,
      "z" : 25.995985
    },
    "orientation" : 40
  }, {
    "shape" : "b69b240a-cbf9-49d6-a4eb-1773e85631f3",
    "color" : "#F2F2F2",
    "position" : {
      "x" : -15.834012,
      "y" : -16.49763,
      "z" : 28.847216
    }
  }, {
    "shape" : "ce61fa36-7208-47de-8896-b158c57c4ab9",
    "color" : "#00993F",
    "position" : {
      "x" : 6.579526,
      "y" : -13.502273,
      "z" : 16.146526
    },
    "orientation" : 39
  }, {
    "shape" : "ce61fa36-7208-47de-8896-b158c57c4ab9",
    "color" : "#00993F",
    "position" : {
      "x" : 6.9568477,
      "y" : -27.820995,
      "z" : 7.441192
    },
    "orientation" : 2
  }, {
    "shape" : "ce61fa36-7208-47de-8896-b158c57c4ab9",
    "color" : "#00993F",
    "position" : {
      "x" : -4.510644,
      "y" : -9.266204,
      "z" : 14.528492
    },
    "orientation" : 2
  }, {
    "shape" : "f684113e-96b1-45fe-9e58-36e2a34a899f",
    "color" : "#FFB31A",
    "position" : {
      "x" : 4.5720115,
      "y" : -6.4149723,
      "z" : 35.46812
    },
    "orientation" : 0
  }, {
    "shape" : "b69b240a-cbf9-49d6-a4eb-1773e85631f3",
    "color" : "#F2F2F2",
    "position" : {
      "x" : 13.810949,
      "y" : -25.202963,
      "z" : 11.67726
    }
  }, {
    "shape" : "b69b240a-cbf9-49d6-a4eb-1773e85631f3",
    "color" : "#F2F2F2",
    "position" : {
      "x" : -0.27457622,
      "y" : -18.73834,
      "z" : 5.0563564
    }
  }, {
    "shape" : "b69b240a-cbf9-49d6-a4eb-1773e85631f3",
    "color" : "#CCFF00",
    "position" : {
      "x" : -0.27457622,
      "y" : -10.884238,
      "z" : 25.618662
    }
  }, {
    "shape" : "f684113e-96b1-45fe-9e58-36e2a34a899f",
    "color" : "#FFB31A",
    "position" : {
      "x" : -3.2699323,
      "y" : -3.4196165,
      "z" : 34.323997
    },
    "orientation" : 54
  }, {
    "shape" : "2ed69ace-3838-43a2-82bc-a3b3e2143add",
    "color" : "#008EC2",
    "position" : {
      "x" : -11.975266,
      "y" : -20.589573,
      "z" : 4.679034
    },
    "orientation" : 40
  }, {
    "shape" : "9ce7c19d-421b-463c-b62e-cf2abd9e4957",
    "color" : "#00993F",
    "position" : {
      "x" : -10.089334,
      "y" : 19.713865,
      "z" : -16.536007
    },
    "orientation" : 23
  }, {
    "shape" : "ce61fa36-7208-47de-8896-b158c57c4ab9",
    "color" : "#00993F",
    "position" : {
      "x" : -0.27457622,
      "y" : -16.120306,
      "z" : 11.910459
    },
    "orientation" : 35
  }, {
    "shape" : "b69b240a-cbf9-49d6-a4eb-1773e85631f3",
    "color" : "#F2F2F2",
    "position" : {
      "x" : -11.975266,
      "y" : -20.589573,
      "z" : 4.679034
    }
  }, {
    "shape" : "b69b240a-cbf9-49d6-a4eb-1773e85631f3",
    "color" : "#F2F2F2",
    "position" : {
      "x" : -10.089334,
      "y" : -0.84844136,
      "z" : -23.390108
    }
  }, {
    "shape" : "a1312720-d19c-42a7-a710-d398a6efc3df",
    "color" : "#008EC2",
    "position" : {
      "x" : 8.197559,
      "y" : -21.97441,
      "z" : 27.236696
    },
    "orientation" : 40
  }, {
    "shape" : "b69b240a-cbf9-49d6-a4eb-1773e85631f3",
    "color" : "#F2F2F2",
    "position" : {
      "x" : -13.98278,
      "y" : -13.502273,
      "z" : 24.000628
    }
  }, {
    "shape" : "f684113e-96b1-45fe-9e58-36e2a34a899f",
    "color" : "#FFB31A",
    "position" : {
      "x" : -0.27457622,
      "y" : -10.884238,
      "z" : 25.618662
    },
    "orientation" : 7
  }, {
    "shape" : "a1312720-d19c-42a7-a710-d398a6efc3df",
    "color" : "#008EC2",
    "position" : {
      "x" : -5.510644,
      "y" : -27.210476,
      "z" : 18.76456
    },
    "orientation" : 40
  }, {
    "shape" : "b69b240a-cbf9-49d6-a4eb-1773e85631f3",
    "color" : "#F2F2F2",
    "position" : {
      "x" : 15.28486,
      "y" : -10.506916,
      "z" : 8.681905
    }
  }, {
    "shape" : "f684113e-96b1-45fe-9e58-36e2a34a899f",
    "color" : "#FFB31A",
    "position" : {
      "x" : 3.9614918,
      "y" : -17.73834,
      "z" : 23.000628
    },
    "orientation" : 5
  }, {
    "shape" : "b69b240a-cbf9-49d6-a4eb-1773e85631f3",
    "color" : "#FF0000",
    "position" : {
      "x" : 10.472972,
      "y" : -0.84844136,
      "z" : -16.536007
    }
  }, {
    "shape" : "f684113e-96b1-45fe-9e58-36e2a34a899f",
    "color" : "#FFB31A",
    "position" : {
      "x" : -18.829369,
      "y" : -15.353504,
      "z" : 21.005272
    },
    "orientation" : 22
  }, {
    "shape" : "b69b240a-cbf9-49d6-a4eb-1773e85631f3",
    "color" : "#F2F2F2",
    "position" : {
      "x" : 2.3434577,
      "y" : -6.6481705,
      "z" : 18.76456
    }
  }, {
    "shape" : "ce61fa36-7208-47de-8896-b158c57c4ab9",
    "color" : "#00993F",
    "position" : {
      "x" : -0.27457622,
      "y" : -16.120306,
      "z" : 11.910459
    },
    "orientation" : 10
  }, {
    "shape" : "1b5d9b05-bd7d-4a11-bf50-bc1f0a860446",
    "color" : "#008EC2",
    "position" : {
      "x" : -10.089334,
      "y" : 19.713865,
      "z" : -2.8278024
    },
    "orientation" : 0
  }, {
    "shape" : "a1312720-d19c-42a7-a710-d398a6efc3df",
    "color" : "#008EC2",
    "position" : {
      "x" : -8.746712,
      "y" : -5.030136,
      "z" : 10.292424
    },
    "orientation" : 52
  }, {
    "shape" : "2ed69ace-3838-43a2-82bc-a3b3e2143add",
    "color" : "#008EC2",
    "position" : {
      "x" : -11.975266,
      "y" : -20.589573,
      "z" : 4.679034
    },
    "orientation" : 51
  }, {
    "shape" : "b69b240a-cbf9-49d6-a4eb-1773e85631f3",
    "color" : "#F2F2F2",
    "position" : {
      "x" : 14.853165,
      "y" : -7.7239895,
      "z" : 28.114017
    }
  }, {
    "shape" : "a1312720-d19c-42a7-a710-d398a6efc3df",
    "color" : "#008EC2",
    "position" : {
      "x" : -8.746712,
      "y" : -5.030136,
      "z" : 10.292424
    },
    "orientation" : 53
  }, {
    "shape" : "b69b240a-cbf9-49d6-a4eb-1773e85631f3",
    "color" : "#F2F2F2",
    "position" : {
      "x" : -4.743842,
      "y" : -18.115662,
      "z" : 37.31935
    }
  }, {
    "shape" : "ce61fa36-7208-47de-8896-b158c57c4ab9",
    "color" : "#00993F",
    "position" : {
      "x" : -14.5933,
      "y" : -24.82564,
      "z" : 11.533136
    },
    "orientation" : 58
  }, {
    "shape" : "2ed69ace-3838-43a2-82bc-a3b3e2143add",
    "color" : "#008EC2",
    "position" : {
      "x" : 11.192916,
      "y" : -29.43903,
      "z" : 18.531363
    },
    "orientation" : 52
  }, {
    "shape" : "80502f00-de6d-47fd-92d6-277583a1f565",
    "color" : "#00993F",
    "position" : {
      "x" : -13.5933,
      "y" : -6.881368,
      "z" : 7.297068
    },
    "orientation" : 10
  }, {
    "shape" : "b69b240a-cbf9-49d6-a4eb-1773e85631f3",
    "color" : "#F2F2F2",
    "position" : {
      "x" : 4.5720115,
      "y" : -6.4149723,
      "z" : 35.46812
    }
  }, {
    "shape" : "a1312720-d19c-42a7-a710-d398a6efc3df",
    "color" : "#008EC2",
    "position" : {
      "x" : 8.197559,
      "y" : -21.97441,
      "z" : 27.236696
    },
    "orientation" : 24
  }, {
    "shape" : "b69b240a-cbf9-49d6-a4eb-1773e85631f3",
    "color" : "#CCFF00",
    "position" : {
      "x" : -0.27457622,
      "y" : -13.502273,
      "z" : 18.76456
    }
  }, {
    "shape" : "2ed69ace-3838-43a2-82bc-a3b3e2143add",
    "color" : "#008EC2",
    "position" : {
      "x" : -0.04137839,
      "y" : -2.0347803,
      "z" : 2.8278024
    },
    "orientation" : 11
  }, {
    "shape" : "b69b240a-cbf9-49d6-a4eb-1773e85631f3",
    "color" : "#FF0000",
    "position" : {
      "x" : -3.2352316,
      "y" : 19.713865,
      "z" : -2.8278024
    }
  }, {
    "shape" : "b69b240a-cbf9-49d6-a4eb-1773e85631f3",
    "color" : "#CCFF00",
    "position" : {
      "x" : -2.8926103,
      "y" : -20.356375,
      "z" : 18.76456
    }
  }, {
    "shape" : "b69b240a-cbf9-49d6-a4eb-1773e85631f3",
    "color" : "#FF0000",
    "position" : {
      "x" : 3.6188705,
      "y" : 19.713865,
      "z" : -2.8278024
    }
  }, {
    "shape" : "ce61fa36-7208-47de-8896-b158c57c4ab9",
    "color" : "#00993F",
    "position" : {
      "x" : -4.510644,
      "y" : -9.266204,
      "z" : 14.528492
    },
    "orientation" : 15
  }, {
    "shape" : "f684113e-96b1-45fe-9e58-36e2a34a899f",
    "color" : "#FFB31A",
    "position" : {
      "x" : -13.5933,
      "y" : -6.881368,
      "z" : 7.297068
    },
    "orientation" : 16
  }, {
    "shape" : "b69b240a-cbf9-49d6-a4eb-1773e85631f3",
    "color" : "#F2F2F2",
    "position" : {
      "x" : -10.089334,
      "y" : -0.84844136,
      "z" : -2.8278024
    }
  }, {
    "shape" : "b69b240a-cbf9-49d6-a4eb-1773e85631f3",
    "color" : "#FF0000",
    "position" : {
      "x" : 10.472972,
      "y" : 19.713865,
      "z" : -16.536007
    }
  }, {
    "shape" : "2ed69ace-3838-43a2-82bc-a3b3e2143add",
    "color" : "#008EC2",
    "position" : {
      "x" : 6.9568477,
      "y" : -27.820995,
      "z" : 7.441192
    },
    "orientation" : 40
  }, {
    "shape" : "a1312720-d19c-42a7-a710-d398a6efc3df",
    "color" : "#008EC2",
    "position" : {
      "x" : 4.9614916,
      "y" : 0.20593165,
      "z" : 18.76456
    },
    "orientation" : 51
  }, {
    "shape" : "b69b240a-cbf9-49d6-a4eb-1773e85631f3",
    "color" : "#F2F2F2",
    "position" : {
      "x" : 11.192916,
      "y" : -26.820995,
      "z" : 25.385464
    }
  }, {
    "shape" : "b69b240a-cbf9-49d6-a4eb-1773e85631f3",
    "color" : "#F2F2F2",
    "position" : {
      "x" : 10.472972,
      "y" : 19.713865,
      "z" : -23.390108
    }
  }, {
    "shape" : "b69b240a-cbf9-49d6-a4eb-1773e85631f3",
    "color" : "#F2F2F2",
    "position" : {
      "x" : -2.125808,
      "y" : -11.26156,
      "z" : 37.31935
    }
  }, {
    "shape" : "b69b240a-cbf9-49d6-a4eb-1773e85631f3",
    "color" : "#F2F2F2",
    "position" : {
      "x" : 5.5037065,
      "y" : -4.1528144,
      "z" : 3.6368194
    }
  }, {
    "shape" : "f684113e-96b1-45fe-9e58-36e2a34a899f",
    "color" : "#FFB31A",
    "position" : {
      "x" : -10.357232,
      "y" : -29.061708,
      "z" : 15.769204
    },
    "orientation" : 54
  }, {
    "shape" : "b69b240a-cbf9-49d6-a4eb-1773e85631f3",
    "color" : "#F2F2F2",
    "position" : {
      "x" : -4.887966,
      "y" : 5.0525193,
      "z" : 23.233826
    }
  }, {
    "shape" : "b69b240a-cbf9-49d6-a4eb-1773e85631f3",
    "color" : "#FF0000",
    "position" : {
      "x" : 10.472972,
      "y" : 6.0056605,
      "z" : -23.390108
    }
  }, {
    "shape" : "b69b240a-cbf9-49d6-a4eb-1773e85631f3",
    "color" : "#F2F2F2",
    "position" : {
      "x" : -9.624034,
      "y" : 1.6254685,
      "z" : 24.542843
    }
  }, {
    "shape" : "f684113e-96b1-45fe-9e58-36e2a34a899f",
    "color" : "#FFB31A",
    "position" : {
      "x" : 15.28486,
      "y" : -10.506916,
      "z" : 8.681905
    },
    "orientation" : 54
  }, {
    "shape" : "b69b240a-cbf9-49d6-a4eb-1773e85631f3",
    "color" : "#F2F2F2",
    "position" : {
      "x" : 11.192916,
      "y" : -29.43903,
      "z" : 18.531363
    }
  }, {
