{
  "polygons" : "true",
  "field" : "golden",
  "symmetry" : "icosahedral",
  "orientations" : [ [ 1.0, 0.0, 0.0, 0.0, 0.0, 1.0, 0.0, 0.0, 0.0, 0.0, 1.0, 0.0, 0.0, 0.0, 0.0, 1.0 ], [ 0.0, 0.0, 1.0, 0.0, 1.0, 0.0, 0.0, 0.0, 0.0, 1.0, 0.0, 0.0, 0.0, 0.0, 0.0, 1.0 ], [ 0.0, 1.0, 0.0, 0.0, 0.0, 0.0, 1.0, 0.0, 1.0, 0.0, 0.0, 0.0, 0.0, 0.0, 0.0, 1.0 ], [ 0.809017, 0.309017, 0.5, 0.0, 0.309017, 0.5, -0.809017, 0.0, -0.5, 0.809017, 0.309017, 0.0, 0.0, 0.0, 0.0, 1.0 ], [ -0.5, 0.809017, 0.309017, 0.0, 0.809017, 0.309017, 0.5, 0.0, 0.309017, 0.5, -0.809017, 0.0, 0.0, 0.0, 0.0, 1.0 ], [ 0.309017, 0.5, -0.809017, 0.0, -0.5, 0.809017, 0.309017, 0.0, 0.809017, 0.309017, 0.5, 0.0, 0.0, 0.0, 0.0, 1.0 ], [ 0.5, 0.809017, 0.309017, 0.0, 0.809017, -0.309017, -0.5, 0.0, -0.309017, 0.5, -0.809017, 0.0, 0.0, 0.0, 0.0, 1.0 ], [ -0.309017, 0.5, -0.809017, 0.0, 0.5, 0.809017, 0.309017, 0.0, 0.809017, -0.309017, -0.5, 0.0, 0.0, 0.0, 0.0, 1.0 ], [ 0.809017, -0.309017, -0.5, 0.0, -0.309017, 0.5, -0.809017, 0.0, 0.5, 0.809017, 0.309017, 0.0, 0.0, 0.0, 0.0, 1.0 ], [ 0.5, 0.809017, -0.309017, 0.0, 0.809017, -0.309017, 0.5, 0.0, 0.309017, -0.5, -0.809017, 0.0, 0.0, 0.0, 0.0, 1.0 ], [ 0.309017, -0.5, -0.809017, 0.0, 0.5, 0.809017, -0.309017, 0.0, 0.809017, -0.309017, 0.5, 0.0, 0.0, 0.0, 0.0, 1.0 ], [ 0.809017, -0.309017, 0.5, 0.0, 0.309017, -0.5, -0.809017, 0.0, 0.5, 0.809017, -0.309017, 0.0, 0.0, 0.0, 0.0, 1.0 ], [ 0.809017, 0.309017, -0.5, 0.0, 0.309017, 0.5, 0.809017, 0.0, 0.5, -0.809017, 0.309017, 0.0, 0.0, 0.0, 0.0, 1.0 ], [ 0.5, -0.809017, 0.309017, 0.0, 0.809017, 0.309017, -0.5, 0.0, 0.309017, 0.5, 0.809017, 0.0, 0.0, 0.0, 0.0, 1.0 ], [ 0.309017, 0.5, 0.809017, 0.0, 0.5, -0.809017, 0.309017, 0.0, 0.809017, 0.309017, -0.5, 0.0, 0.0, 0.0, 0.0, 1.0 ], [ 1.0, 0.0, 0.0, 0.0, 0.0, -1.0, 0.0, 0.0, 0.0, 0.0, -1.0, 0.0, 0.0, 0.0, 0.0, 1.0 ], [ 0.0, 0.0, 1.0, 0.0, -1.0, 0.0, 0.0, 0.0, 0.0, -1.0, 0.0, 0.0, 0.0, 0.0, 0.0, 1.0 ], [ 0.0, 1.0, 0.0, 0.0, 0.0, 0.0, -1.0, 0.0, -1.0, 0.0, 0.0, 0.0, 0.0, 0.0, 0.0, 1.0 ], [ 0.809017, 0.309017, 0.5, 0.0, -0.309017, -0.5, 0.809017, 0.0, 0.5, -0.809017, -0.309017, 0.0, 0.0, 0.0, 0.0, 1.0 ], [ -0.5, 0.809017, 0.309017, 0.0, -0.809017, -0.309017, -0.5, 0.0, -0.309017, -0.5, 0.809017, 0.0, 0.0, 0.0, 0.0, 1.0 ], [ 0.309017, 0.5, -0.809017, 0.0, 0.5, -0.809017, -0.309017, 0.0, -0.809017, -0.309017, -0.5, 0.0, 0.0, 0.0, 0.0, 1.0 ], [ 0.5, 0.809017, 0.309017, 0.0, -0.809017, 0.309017, 0.5, 0.0, 0.309017, -0.5, 0.809017, 0.0, 0.0, 0.0, 0.0, 1.0 ], [ -0.309017, 0.5, -0.809017, 0.0, -0.5, -0.809017, -0.309017, 0.0, -0.809017, 0.309017, 0.5, 0.0, 0.0, 0.0, 0.0, 1.0 ], [ 0.809017, -0.309017, -0.5, 0.0, 0.309017, -0.5, 0.809017, 0.0, -0.5, -0.809017, -0.309017, 0.0, 0.0, 0.0, 0.0, 1.0 ], [ 0.5, 0.809017, -0.309017, 0.0, -0.809017, 0.309017, -0.5, 0.0, -0.309017, 0.5, 0.809017, 0.0, 0.0, 0.0, 0.0, 1.0 ], [ 0.309017, -0.5, -0.809017, 0.0, -0.5, -0.809017, 0.309017, 0.0, -0.809017, 0.309017, -0.5, 0.0, 0.0, 0.0, 0.0, 1.0 ], [ 0.809017, -0.309017, 0.5, 0.0, -0.309017, 0.5, 0.809017, 0.0, -0.5, -0.809017, 0.309017, 0.0, 0.0, 0.0, 0.0, 1.0 ], [ 0.809017, 0.309017, -0.5, 0.0, -0.309017, -0.5, -0.809017, 0.0, -0.5, 0.809017, -0.309017, 0.0, 0.0, 0.0, 0.0, 1.0 ], [ 0.5, -0.809017, 0.309017, 0.0, -0.809017, -0.309017, 0.5, 0.0, -0.309017, -0.5, -0.809017, 0.0, 0.0, 0.0, 0.0, 1.0 ], [ 0.309017, 0.5, 0.809017, 0.0, -0.5, 0.809017, -0.309017, 0.0, -0.809017, -0.309017, 0.5, 0.0, 0.0, 0.0, 0.0, 1.0 ], [ -1.0, 0.0, 0.0, 0.0, 0.0, -1.0, 0.0, 0.0, 0.0, 0.0, 1.0, 0.0, 0.0, 0.0, 0.0, 1.0 ], [ 0.0, 0.0, -1.0, 0.0, -1.0, 0.0, 0.0, 0.0, 0.0, 1.0, 0.0, 0.0, 0.0, 0.0, 0.0, 1.0 ], [ 0.0, -1.0, 0.0, 0.0, 0.0, 0.0, -1.0, 0.0, 1.0, 0.0, 0.0, 0.0, 0.0, 0.0, 0.0, 1.0 ], [ -0.809017, -0.309017, -0.5, 0.0, -0.309017, -0.5, 0.809017, 0.0, -0.5, 0.809017, 0.309017, 0.0, 0.0, 0.0, 0.0, 1.0 ], [ 0.5, -0.809017, -0.309017, 0.0, -0.809017, -0.309017, -0.5, 0.0, 0.309017, 0.5, -0.809017, 0.0, 0.0, 0.0, 0.0, 1.0 ], [ -0.309017, -0.5, 0.809017, 0.0, 0.5, -0.809017, -0.309017, 0.0, 0.809017, 0.309017, 0.5, 0.0, 0.0, 0.0, 0.0, 1.0 ], [ -0.5, -0.809017, -0.309017, 0.0, -0.809017, 0.309017, 0.5, 0.0, -0.309017, 0.5, -0.809017, 0.0, 0.0, 0.0, 0.0, 1.0 ], [ 0.309017, -0.5, 0.809017, 0.0, -0.5, -0.809017, -0.309017, 0.0, 0.809017, -0.309017, -0.5, 0.0, 0.0, 0.0, 0.0, 1.0 ], [ -0.809017, 0.309017, 0.5, 0.0, 0.309017, -0.5, 0.809017, 0.0, 0.5, 0.809017, 0.309017, 0.0, 0.0, 0.0, 0.0, 1.0 ], [ -0.5, -0.809017, 0.309017, 0.0, -0.809017, 0.309017, -0.5, 0.0, 0.309017, -0.5, -0.809017, 0.0, 0.0, 0.0, 0.0, 1.0 ], [ -0.309017, 0.5, 0.809017, 0.0, -0.5, -0.809017, 0.309017, 0.0, 0.809017, -0.309017, 0.5, 0.0, 0.0, 0.0, 0.0, 1.0 ], [ -0.809017, 0.309017, -0.5, 0.0, -0.309017, 0.5, 0.809017, 0.0, 0.5, 0.809017, -0.309017, 0.0, 0.0, 0.0, 0.0, 1.0 ], [ -0.809017, -0.309017, 0.5, 0.0, -0.309017, -0.5, -0.809017, 0.0, 0.5, -0.809017, 0.309017, 0.0, 0.0, 0.0, 0.0, 1.0 ], [ -0.5, 0.809017, -0.309017, 0.0, -0.809017, -0.309017, 0.5, 0.0, 0.309017, 0.5, 0.809017, 0.0, 0.0, 0.0, 0.0, 1.0 ], [ -0.309017, -0.5, -0.809017, 0.0, -0.5, 0.809017, -0.309017, 0.0, 0.809017, 0.309017, -0.5, 0.0, 0.0, 0.0, 0.0, 1.0 ], [ -1.0, 0.0, 0.0, 0.0, 0.0, 1.0, 0.0, 0.0, 0.0, 0.0, -1.0, 0.0, 0.0, 0.0, 0.0, 1.0 ], [ 0.0, 0.0, -1.0, 0.0, 1.0, 0.0, 0.0, 0.0, 0.0, -1.0, 0.0, 0.0, 0.0, 0.0, 0.0, 1.0 ], [ 0.0, -1.0, 0.0, 0.0, 0.0, 0.0, 1.0, 0.0, -1.0, 0.0, 0.0, 0.0, 0.0, 0.0, 0.0, 1.0 ], [ -0.809017, -0.309017, -0.5, 0.0, 0.309017, 0.5, -0.809017, 0.0, 0.5, -0.809017, -0.309017, 0.0, 0.0, 0.0, 0.0, 1.0 ], [ 0.5, -0.809017, -0.309017, 0.0, 0.809017, 0.309017, 0.5, 0.0, -0.309017, -0.5, 0.809017, 0.0, 0.0, 0.0, 0.0, 1.0 ], [ -0.309017, -0.5, 0.809017, 0.0, -0.5, 0.809017, 0.309017, 0.0, -0.809017, -0.309017, -0.5, 0.0, 0.0, 0.0, 0.0, 1.0 ], [ -0.5, -0.809017, -0.309017, 0.0, 0.809017, -0.309017, -0.5, 0.0, 0.309017, -0.5, 0.809017, 0.0, 0.0, 0.0, 0.0, 1.0 ], [ 0.309017, -0.5, 0.809017, 0.0, 0.5, 0.809017, 0.309017, 0.0, -0.809017, 0.309017, 0.5, 0.0, 0.0, 0.0, 0.0, 1.0 ], [ -0.809017, 0.309017, 0.5, 0.0, -0.309017, 0.5, -0.809017, 0.0, -0.5, -0.809017, -0.309017, 0.0, 0.0, 0.0, 0.0, 1.0 ], [ -0.5, -0.809017, 0.309017, 0.0, 0.809017, -0.309017, 0.5, 0.0, -0.309017, 0.5, 0.809017, 0.0, 0.0, 0.0, 0.0, 1.0 ], [ -0.309017, 0.5, 0.809017, 0.0, 0.5, 0.809017, -0.309017, 0.0, -0.809017, 0.309017, -0.5, 0.0, 0.0, 0.0, 0.0, 1.0 ], [ -0.809017, 0.309017, -0.5, 0.0, 0.309017, -0.5, -0.809017, 0.0, -0.5, -0.809017, 0.309017, 0.0, 0.0, 0.0, 0.0, 1.0 ], [ -0.809017, -0.309017, 0.5, 0.0, 0.309017, 0.5, 0.809017, 0.0, -0.5, 0.809017, -0.309017, 0.0, 0.0, 0.0, 0.0, 1.0 ], [ -0.5, 0.809017, -0.309017, 0.0, 0.809017, 0.309017, -0.5, 0.0, -0.309017, -0.5, -0.809017, 0.0, 0.0, 0.0, 0.0, 1.0 ], [ -0.309017, -0.5, -0.809017, 0.0, 0.5, -0.809017, 0.309017, 0.0, -0.809017, -0.309017, 0.5, 0.0, 0.0, 0.0, 0.0, 1.0 ] ],
  "lights" : {
    "directionalLights" : [ {
      "direction" : [ 1.0, -1.0, -1.0 ],
      "color" : "#EBEBE4"
    }, {
      "direction" : [ -1.0, 0.0, 0.0 ],
      "color" : "#E4E4EB"
    }, {
      "direction" : [ 0.0, 0.0, -1.0 ],
      "color" : "#1E1E1E"
    } ],
    "ambientColor" : "#292929",
    "backgroundColor" : "#AFC8DC"
  },
  "camera" : {
    "position" : {
      "x" : 1.1078835,
      "y" : 139.02765,
      "z" : 83.555115
    },
    "width" : 72.9936,
    "viewDistance" : 162.208,
    "upDirectionRV" : {
      "x" : 0.9639543,
      "y" : 0.13137288,
      "z" : -0.23137106,
      "zero" : false
    },
    "fieldOfView" : 0.4426289,
    "lookDirectionRV" : {
      "x" : -0.006830018,
      "y" : -0.85709494,
      "z" : -0.51511097,
      "zero" : false
    },
    "perspective" : true,
    "lookAtPointRV" : {
      "x" : 0.0,
      "y" : 0.0,
      "z" : 0.0,
      "zero" : true
    },
    "lookAtPoint" : {
      "x" : 0.0,
      "y" : 0.0,
      "z" : 0.0
    },
    "upDirection" : {
      "x" : 0.9639543,
      "y" : 0.13137288,
      "z" : -0.23137106
    },
    "lookDirection" : {
      "x" : -0.006830018,
      "y" : -0.85709494,
      "z" : -0.51511097
    },
    "farClipDistance" : 324.416,
    "stereo" : false,
    "nearClipDistance" : 0.40552005
  },
  "embedding" : [ 1.0, 0.0, 0.0, 0.0, 0.0, 1.0, 0.0, 0.0, 0.0, 0.0, 1.0, 0.0, 0.0, 0.0, 0.0, 1.0 ],
  "shapes" : [ {
    "id" : "0e0c3d3e-d494-4992-8822-42cfa3832a8b",
    "orbit" : "blue",
    "orbitC" : "[[0,0,1],[0,0,1]]",
    "length" : "[1,0,1]",
    "name" : "b1",
    "vertices" : [ {
      "x" : 7.472136,
      "y" : 0.309017,
      "z" : 0.19098301
    }, {
      "x" : 7.472136,
      "y" : 0.309017,
      "z" : -0.19098301
    }, {
      "x" : 1.0,
      "y" : 0.309017,
      "z" : -0.19098301
    }, {
      "x" : 1.0,
      "y" : 0.309017,
      "z" : 0.19098301
    }, {
      "x" : 7.472136,
      "y" : -0.309017,
      "z" : 0.19098301
    }, {
      "x" : 1.0,
      "y" : -0.309017,
      "z" : 0.19098301
    }, {
      "x" : 1.0,
      "y" : -0.309017,
      "z" : -0.19098301
    }, {
      "x" : 7.472136,
      "y" : -0.309017,
      "z" : -0.19098301
    }, {
      "x" : 8.472136,
      "y" : 0.0,
      "z" : 0.0
    } ],
    "faces" : [ {
      "vertices" : [ 1, 7, 6, 2 ]
    }, {
      "vertices" : [ 0, 1, 2, 3 ]
    }, {
      "vertices" : [ 4, 5, 6, 7 ]
    }, {
      "vertices" : [ 0, 3, 5, 4 ]
    } ]
  }, {
    "id" : "87164e38-4424-4176-95a4-1b232a93a434",
    "name" : "ball",
    "vertices" : [ {
      "x" : 0.309017,
      "y" : -0.809017,
      "z" : 0.618034
    }, {
      "x" : 0.809017,
      "y" : -0.618034,
      "z" : 0.309017
    }, {
      "x" : 0.618034,
      "y" : -0.309017,
      "z" : 0.809017
    }, {
      "x" : 1.0,
      "y" : 0.309017,
      "z" : 0.19098301
    }, {
      "x" : 0.809017,
      "y" : 0.618034,
      "z" : 0.309017
    }, {
      "x" : 0.618034,
      "y" : 0.309017,
      "z" : 0.809017
    }, {
      "x" : 0.809017,
      "y" : 0.0,
      "z" : 0.690983
    }, {
      "x" : 0.19098301,
      "y" : -1.0,
      "z" : 0.309017
    }, {
      "x" : -0.19098301,
      "y" : -1.0,
      "z" : 0.309017
    }, {
      "x" : -0.19098301,
      "y" : -1.0,
      "z" : -0.309017
    }, {
      "x" : 0.19098301,
      "y" : -1.0,
      "z" : -0.309017
    }, {
      "x" : 1.0,
      "y" : -0.309017,
      "z" : -0.19098301
    }, {
      "x" : 0.809017,
      "y" : -0.618034,
      "z" : -0.309017
    }, {
      "x" : 0.618034,
      "y" : -0.309017,
      "z" : -0.809017
    }, {
      "x" : 0.809017,
      "y" : 0.0,
      "z" : -0.690983
    }, {
      "x" : 0.0,
      "y" : 0.690983,
      "z" : -0.809017
    }, {
      "x" : 0.309017,
      "y" : 0.809017,
      "z" : -0.618034
    }, {
      "x" : 0.618034,
      "y" : 0.309017,
      "z" : -0.809017
    }, {
      "x" : 0.309017,
      "y" : 0.19098301,
      "z" : -1.0
    }, {
      "x" : 1.0,
      "y" : 0.309017,
      "z" : -0.19098301
    }, {
      "x" : -0.309017,
      "y" : -0.809017,
      "z" : 0.618034
    }, {
      "x" : 0.0,
      "y" : -0.690983,
      "z" : 0.809017
    }, {
      "x" : 0.809017,
      "y" : 0.618034,
      "z" : -0.309017
    }, {
      "x" : 0.690983,
      "y" : 0.809017,
      "z" : 0.0
    }, {
      "x" : -0.690983,
      "y" : 0.809017,
      "z" : 0.0
    }, {
      "x" : -0.809017,
      "y" : 0.618034,
      "z" : 0.309017
    }, {
      "x" : -0.309017,
      "y" : 0.809017,
      "z" : 0.618034
    }, {
      "x" : -0.19098301,
      "y" : 1.0,
      "z" : 0.309017
    }, {
      "x" : 0.309017,
      "y" : -0.19098301,
      "z" : -1.0
    }, {
      "x" : 0.19098301,
      "y" : 1.0,
      "z" : 0.309017
    }, {
      "x" : 0.309017,
      "y" : 0.809017,
      "z" : 0.618034
    }, {
      "x" : -0.809017,
      "y" : -0.618034,
      "z" : 0.309017
    }, {
      "x" : -0.690983,
      "y" : -0.809017,
      "z" : 0.0
    }, {
      "x" : 0.0,
      "y" : 0.690983,
      "z" : 0.809017
    }, {
      "x" : 0.309017,
      "y" : -0.809017,
      "z" : -0.618034
    }, {
      "x" : 0.0,
      "y" : -0.690983,
      "z" : -0.809017
    }, {
      "x" : -1.0,
      "y" : 0.309017,
      "z" : 0.19098301
    }, {
      "x" : -0.809017,
      "y" : 0.0,
      "z" : 0.690983
    }, {
      "x" : -0.618034,
      "y" : 0.309017,
      "z" : 0.809017
    }, {
      "x" : 1.0,
      "y" : -0.309017,
      "z" : 0.19098301
    }, {
      "x" : -0.309017,
      "y" : -0.809017,
      "z" : -0.618034
    }, {
      "x" : -1.0,
      "y" : 0.309017,
      "z" : -0.19098301
    }, {
      "x" : -1.0,
      "y" : -0.309017,
      "z" : -0.19098301
    }, {
      "x" : -1.0,
      "y" : -0.309017,
      "z" : 0.19098301
    }, {
      "x" : 0.19098301,
      "y" : 1.0,
      "z" : -0.309017
    }, {
      "x" : -0.809017,
      "y" : 0.618034,
      "z" : -0.309017
    }, {
      "x" : -0.19098301,
      "y" : 1.0,
      "z" : -0.309017
    }, {
      "x" : -0.309017,
      "y" : 0.809017,
      "z" : -0.618034
    }, {
      "x" : -0.618034,
      "y" : -0.309017,
      "z" : 0.809017
    }, {
      "x" : 0.309017,
      "y" : 0.19098301,
      "z" : 1.0
    }, {
      "x" : -0.309017,
      "y" : 0.19098301,
      "z" : -1.0
    }, {
      "x" : -0.309017,
      "y" : 0.19098301,
      "z" : 1.0
    }, {
      "x" : -0.309017,
      "y" : -0.19098301,
      "z" : 1.0
    }, {
      "x" : 0.309017,
      "y" : -0.19098301,
      "z" : 1.0
    }, {
      "x" : 0.690983,
      "y" : -0.809017,
      "z" : 0.0
    }, {
      "x" : -0.809017,
      "y" : 0.0,
      "z" : -0.690983
    }, {
      "x" : -0.618034,
      "y" : -0.309017,
      "z" : -0.809017
    }, {
      "x" : -0.309017,
      "y" : -0.19098301,
      "z" : -1.0
    }, {
      "x" : -0.618034,
      "y" : 0.309017,
      "z" : -0.809017
    }, {
      "x" : -0.809017,
      "y" : -0.618034,
      "z" : -0.309017
    } ],
    "faces" : [ {
      "vertices" : [ 9, 40, 35, 34, 10 ]
    }, {
      "vertices" : [ 0, 1, 2 ]
    }, {
      "vertices" : [ 33, 51, 49 ]
    }, {
      "vertices" : [ 25, 36, 37, 38 ]
    }, {
      "vertices" : [ 41, 55, 42 ]
    }, {
      "vertices" : [ 9, 32, 59, 40 ]
    }, {
      "vertices" : [ 20, 21, 52, 48 ]
    }, {
      "vertices" : [ 26, 33, 30, 29, 27 ]
    }, {
      "vertices" : [ 3, 4, 5, 6 ]
    }, {
      "vertices" : [ 27, 29, 44, 46 ]
    }, {
      "vertices" : [ 50, 57, 56, 55, 58 ]
    }, {
      "vertices" : [ 26, 38, 51, 33 ]
    }, {
      "vertices" : [ 45, 47, 58 ]
    }, {
      "vertices" : [ 18, 28, 57, 50 ]
    }, {
      "vertices" : [ 40, 59, 56 ]
    }, {
      "vertices" : [ 31, 48, 37, 43 ]
    }, {
      "vertices" : [ 7, 8, 9, 10 ]
    }, {
      "vertices" : [ 36, 41, 42, 43 ]
    }, {
      "vertices" : [ 24, 46, 47, 45 ]
    }, {
      "vertices" : [ 4, 30, 5 ]
    }, {
      "vertices" : [ 15, 47, 46, 44, 16 ]
    }, {
      "vertices" : [ 15, 50, 58, 47 ]
    }, {
      "vertices" : [ 24, 45, 41, 36, 25 ]
    }, {
      "vertices" : [ 11, 14, 19 ]
    }, {
      "vertices" : [ 3, 6, 39 ]
    }, {
      "vertices" : [ 1, 39, 6, 2 ]
    }, {
      "vertices" : [ 8, 32, 9 ]
    }, {
      "vertices" : [ 11, 12, 13, 14 ]
    }, {
      "vertices" : [ 16, 22, 17 ]
    }, {
      "vertices" : [ 0, 21, 20, 8, 7 ]
    }, {
      "vertices" : [ 12, 34, 13 ]
    }, {
      "vertices" : [ 35, 40, 56, 57 ]
    }, {
      "vertices" : [ 0, 7, 54, 1 ]
    }, {
      "vertices" : [ 15, 16, 17, 18 ]
    }, {
      "vertices" : [ 3, 19, 22, 23, 4 ]
    }, {
      "vertices" : [ 7, 10, 54 ]
    }, {
      "vertices" : [ 41, 45, 58, 55 ]
    }, {
      "vertices" : [ 3, 39, 11, 19 ]
    }, {
      "vertices" : [ 14, 17, 22, 19 ]
    }, {
      "vertices" : [ 0, 2, 53, 21 ]
    }, {
      "vertices" : [ 49, 51, 52, 53 ]
    }, {
      "vertices" : [ 31, 43, 42, 59, 32 ]
    }, {
      "vertices" : [ 15, 18, 50 ]
    }, {
      "vertices" : [ 42, 55, 56, 59 ]
    }, {
      "vertices" : [ 4, 23, 29, 30 ]
    }, {
      "vertices" : [ 25, 38, 26 ]
    }, {
      "vertices" : [ 13, 28, 18, 17, 14 ]
    }, {
      "vertices" : [ 8, 20, 31, 32 ]
    }, {
      "vertices" : [ 23, 44, 29 ]
    }, {
      "vertices" : [ 24, 27, 46 ]
    }, {
      "vertices" : [ 37, 48, 52, 51, 38 ]
    }, {
      "vertices" : [ 20, 48, 31 ]
    }, {
      "vertices" : [ 24, 25, 26, 27 ]
    }, {
      "vertices" : [ 16, 44, 23, 22 ]
    }, {
      "vertices" : [ 13, 34, 35, 28 ]
    }, {
      "vertices" : [ 10, 34, 12, 54 ]
    }, {
      "vertices" : [ 2, 6, 5, 49, 53 ]
    }, {
      "vertices" : [ 36, 43, 37 ]
    }, {
      "vertices" : [ 5, 30, 33, 49 ]
    }, {
      "vertices" : [ 1, 54, 12, 11, 39 ]
    }, {
      "vertices" : [ 28, 35, 57 ]
    }, {
      "vertices" : [ 21, 53, 52 ]
    } ]
  }, {
    "id" : "1feafb8d-3b46-4d5b-b0c8-4568cf75b967",
    "orbit" : "green",
    "orbitC" : "[[2,-1,1],[5,-3,1]]",
    "length" : "[1,0,1]",
    "name" : "g1",
    "vertices" : [ {
      "x" : 9.376644,
      "y" : 3.3905764,
      "z" : -1.486068
    }, {
      "x" : 10.399187,
      "y" : 3.427051,
      "z" : -1.618034
    }, {
      "x" : 9.376644,
      "y" : 3.3905764,
      "z" : -1.104102
    }, {
      "x" : 9.185661,
      "y" : 3.6995935,
      "z" : -1.604102
    }, {
      "x" : 9.185661,
      "y" : 3.6995935,
      "z" : -1.2221359
    }, {
      "x" : 0.809017,
      "y" : 0.618034,
      "z" : 0.309017
    }, {
      "x" : 1.0,
      "y" : 0.309017,
      "z" : 0.19098301
    }, {
      "x" : 1.9045085,
      "y" : 0.5364745,
      "z" : -0.013932022
    }, {
      "x" : 10.09017,
      "y" : 3.927051,
      "z" : -1.809017
    }, {
      "x" : 10.281153,
      "y" : 3.618034,
      "z" : -1.927051
    }, {
      "x" : 10.281153,
      "y" : 3.618034,
      "z" : -1.309017
    }, {
      "x" : 10.09017,
      "y" : 3.927051,
      "z" : -1.427051
    }, {
      "x" : 1.7135255,
      "y" : 0.8454915,
      "z" : -0.13196601
    }, {
      "x" : 0.690983,
      "y" : 0.809017,
      "z" : 0.0
    }, {
      "x" : 1.9045085,
      "y" : 0.5364745,
      "z" : -0.39589804
    }, {
      "x" : 1.7135255,
      "y" : 0.8454915,
      "z" : -0.51393205
    }, {
      "x" : 0.809017,
      "y" : 0.618034,
      "z" : -0.309017
    }, {
      "x" : 1.0,
      "y" : 0.309017,
      "z" : -0.19098301
    }, {
      "x" : 11.09017,
      "y" : 4.236068,
      "z" : -1.618034
    } ],
    "faces" : [ {
      "vertices" : [ 0, 14, 15, 3 ]
    }, {
      "vertices" : [ 3, 15, 12, 4 ]
    }, {
      "vertices" : [ 0, 1, 2 ]
    }, {
      "vertices" : [ 12, 15, 13 ]
    }, {
      "vertices" : [ 0, 9, 1 ]
    }, {
      "vertices" : [ 0, 3, 9 ]
    }, {
      "vertices" : [ 13, 15, 16 ]
    }, {
      "vertices" : [ 6, 17, 14, 7 ]
    }, {
      "vertices" : [ 1, 10, 2 ]
    }, {
      "vertices" : [ 5, 6, 7 ]
    }, {
      "vertices" : [ 3, 8, 9 ]
    }, {
      "vertices" : [ 0, 2, 7, 14 ]
    }, {
      "vertices" : [ 5, 7, 12 ]
    }, {
      "vertices" : [ 2, 4, 12, 7 ]
    }, {
      "vertices" : [ 3, 4, 11, 8 ]
    }, {
      "vertices" : [ 2, 10, 11, 4 ]
    }, {
      "vertices" : [ 5, 12, 13 ]
    }, {
      "vertices" : [ 14, 17, 16, 15 ]
    } ]
  }, {
    "id" : "3da3f5a3-c0aa-4dee-8c6e-73bd5f545981",
    "orbit" : "green",
    "orbitC" : "[[2,-1,1],[5,-3,1]]",
    "length" : "[0,1,2]",
    "name" : " :1/2*phi",
    "vertices" : [ {
      "x" : 7.2586102,
      "y" : 2.5815594,
      "z" : -1.177051
    }, {
      "x" : 8.281153,
      "y" : 2.618034,
      "z" : -1.309017
    }, {
      "x" : 7.2586102,
      "y" : 2.5815594,
      "z" : -0.79508495
    }, {
      "x" : 7.0676274,
      "y" : 2.8905764,
      "z" : -1.295085
    }, {
      "x" : 7.0676274,
      "y" : 2.8905764,
      "z" : -0.91311896
    }, {
      "x" : 0.809017,
      "y" : 0.618034,
      "z" : 0.309017
    }, {
      "x" : 1.0,
      "y" : 0.309017,
      "z" : 0.19098301
    }, {
      "x" : 1.9045085,
      "y" : 0.5364745,
      "z" : -0.013932022
    }, {
      "x" : 7.972136,
      "y" : 3.118034,
      "z" : -1.5
    }, {
      "x" : 8.163119,
      "y" : 2.809017,
      "z" : -1.618034
    }, {
      "x" : 8.163119,
      "y" : 2.809017,
      "z" : -1.0
    }, {
      "x" : 7.972136,
      "y" : 3.118034,
      "z" : -1.118034
    }, {
      "x" : 1.7135255,
      "y" : 0.8454915,
      "z" : -0.13196601
    }, {
      "x" : 0.690983,
      "y" : 0.809017,
      "z" : 0.0
    }, {
      "x" : 1.9045085,
      "y" : 0.5364745,
      "z" : -0.39589804
    }, {
      "x" : 1.7135255,
      "y" : 0.8454915,
      "z" : -0.51393205
    }, {
      "x" : 0.809017,
      "y" : 0.618034,
      "z" : -0.309017
    }, {
      "x" : 1.0,
      "y" : 0.309017,
      "z" : -0.19098301
    }, {
      "x" : 8.972136,
      "y" : 3.427051,
      "z" : -1.309017
    } ],
    "faces" : [ {
      "vertices" : [ 0, 14, 15, 3 ]
    }, {
      "vertices" : [ 3, 15, 12, 4 ]
    }, {
      "vertices" : [ 0, 1, 2 ]
    }, {
      "vertices" : [ 12, 15, 13 ]
    }, {
      "vertices" : [ 0, 9, 1 ]
    }, {
      "vertices" : [ 0, 3, 9 ]
    }, {
      "vertices" : [ 13, 15, 16 ]
    }, {
      "vertices" : [ 6, 17, 14, 7 ]
    }, {
      "vertices" : [ 1, 10, 2 ]
    }, {
      "vertices" : [ 5, 6, 7 ]
    }, {
      "vertices" : [ 3, 8, 9 ]
    }, {
      "vertices" : [ 0, 2, 7, 14 ]
    }, {
      "vertices" : [ 5, 7, 12 ]
    }, {
      "vertices" : [ 2, 4, 12, 7 ]
    }, {
      "vertices" : [ 3, 4, 11, 8 ]
    }, {
      "vertices" : [ 2, 10, 11, 4 ]
    }, {
      "vertices" : [ 5, 12, 13 ]
    }, {
      "vertices" : [ 14, 17, 16, 15 ]
    } ]
  }, {
    "id" : "2e65835a-47af-4525-9acd-fcb6d51776f7",
    "orbit" : "blue",
    "orbitC" : "[[0,0,1],[0,0,1]]",
    "length" : "[0,1,2]",
    "name" : " :1/2*phi",
    "vertices" : [ {
      "x" : 5.854102,
      "y" : 0.309017,
      "z" : 0.19098301
    }, {
      "x" : 5.854102,
      "y" : 0.309017,
      "z" : -0.19098301
    }, {
      "x" : 1.0,
      "y" : 0.309017,
      "z" : -0.19098301
    }, {
      "x" : 1.0,
      "y" : 0.309017,
      "z" : 0.19098301
    }, {
      "x" : 5.854102,
      "y" : -0.309017,
      "z" : 0.19098301
    }, {
      "x" : 1.0,
      "y" : -0.309017,
      "z" : 0.19098301
    }, {
      "x" : 1.0,
      "y" : -0.309017,
      "z" : -0.19098301
    }, {
      "x" : 5.854102,
      "y" : -0.309017,
      "z" : -0.19098301
    }, {
      "x" : 6.854102,
      "y" : 0.0,
      "z" : 0.0
    } ],
    "faces" : [ {
      "vertices" : [ 1, 7, 6, 2 ]
    }, {
      "vertices" : [ 0, 1, 2, 3 ]
    }, {
      "vertices" : [ 4, 5, 6, 7 ]
    }, {
      "vertices" : [ 0, 3, 5, 4 ]
    } ]
  }, {
    "id" : "60944420-70f8-48fa-ac88-68e4b1e897b7",
    "orbit" : "green",
    "orbitC" : "[[2,-1,1],[5,-3,1]]",
    "length" : "[1,0,2]",
    "name" : " :1/2",
    "vertices" : [ {
      "x" : 3.8315594,
      "y" : 1.2725425,
      "z" : -0.677051
    }, {
      "x" : 4.854102,
      "y" : 1.309017,
      "z" : -0.809017
    }, {
      "x" : 3.8315594,
      "y" : 1.2725425,
      "z" : -0.29508498
    }, {
      "x" : 3.6405764,
      "y" : 1.5815595,
      "z" : -0.79508495
    }, {
      "x" : 3.6405764,
      "y" : 1.5815595,
      "z" : -0.41311896
    }, {
      "x" : 0.809017,
      "y" : 0.618034,
      "z" : 0.309017
    }, {
      "x" : 1.0,
      "y" : 0.309017,
      "z" : 0.19098301
    }, {
      "x" : 1.9045085,
      "y" : 0.5364745,
      "z" : -0.013932022
    }, {
      "x" : 4.545085,
      "y" : 1.809017,
      "z" : -1.0
    }, {
      "x" : 4.736068,
      "y" : 1.5,
      "z" : -1.118034
    }, {
      "x" : 4.736068,
      "y" : 1.5,
      "z" : -0.5
    }, {
      "x" : 4.545085,
      "y" : 1.809017,
      "z" : -0.618034
    }, {
      "x" : 1.7135255,
      "y" : 0.8454915,
      "z" : -0.13196601
    }, {
      "x" : 0.690983,
      "y" : 0.809017,
      "z" : 0.0
    }, {
      "x" : 1.9045085,
      "y" : 0.5364745,
      "z" : -0.39589804
    }, {
      "x" : 1.7135255,
      "y" : 0.8454915,
      "z" : -0.51393205
    }, {
      "x" : 0.809017,
      "y" : 0.618034,
      "z" : -0.309017
    }, {
      "x" : 1.0,
      "y" : 0.309017,
      "z" : -0.19098301
    }, {
      "x" : 5.545085,
      "y" : 2.118034,
      "z" : -0.809017
    } ],
    "faces" : [ {
      "vertices" : [ 0, 14, 15, 3 ]
    }, {
      "vertices" : [ 3, 15, 12, 4 ]
    }, {
      "vertices" : [ 0, 1, 2 ]
    }, {
      "vertices" : [ 12, 15, 13 ]
    }, {
      "vertices" : [ 0, 9, 1 ]
    }, {
      "vertices" : [ 0, 3, 9 ]
    }, {
      "vertices" : [ 13, 15, 16 ]
    }, {
      "vertices" : [ 6, 17, 14, 7 ]
    }, {
      "vertices" : [ 1, 10, 2 ]
    }, {
      "vertices" : [ 5, 6, 7 ]
    }, {
      "vertices" : [ 3, 8, 9 ]
    }, {
      "vertices" : [ 0, 2, 7, 14 ]
    }, {
      "vertices" : [ 5, 7, 12 ]
    }, {
      "vertices" : [ 2, 4, 12, 7 ]
    }, {
      "vertices" : [ 3, 4, 11, 8 ]
    }, {
      "vertices" : [ 2, 10, 11, 4 ]
    }, {
      "vertices" : [ 5, 12, 13 ]
    }, {
      "vertices" : [ 14, 17, 16, 15 ]
    } ]
  } ],
  "instances" : [ {
    "shape" : "0e0c3d3e-d494-4992-8822-42cfa3832a8b",
    "color" : "#008EC2",
    "position" : {
      "x" : 2.618034,
      "y" : 1.0,
      "z" : 20.562305
    },
    "orientation" : 38
  }, {
    "shape" : "87164e38-4424-4176-95a4-1b232a93a434",
    "color" : "#F2F2F2",
    "position" : {
      "x" : 7.854102,
      "y" : -12.708204,
      "z" : 20.562305
    }
  }, {
    "shape" : "87164e38-4424-4176-95a4-1b232a93a434",
    "color" : "#F2F2F2",
    "position" : {
      "x" : 0.0,
      "y" : 5.236068,
      "z" : 13.708204
    }
  }, {
    "shape" : "1feafb8d-3b46-4d5b-b0c8-4568cf75b967",
    "color" : "#00993F",
    "position" : {
      "x" : 1.0,
      "y" : -15.326238,
      "z" : 11.09017
    },
    "orientation" : 0
  }, {
    "shape" : "0e0c3d3e-d494-4992-8822-42cfa3832a8b",
    "color" : "#008EC2",
    "position" : {
      "x" : 5.236068,
      "y" : -8.472136,
      "z" : 13.708204
    },
    "orientation" : 26
  }, {
    "shape" : "87164e38-4424-4176-95a4-1b232a93a434",
    "color" : "#99FF00",
    "position" : {
      "x" : 0.5,
      "y" : 12.899187,
      "z" : -2.927051
    }
  }, {
    "shape" : "3da3f5a3-c0aa-4dee-8c6e-73bd5f545981",
    "color" : "#00993F",
    "position" : {
      "x" : 0.5,
      "y" : 6.045085,
      "z" : -9.781153
    },
    "orientation" : 52
  }, {
    "shape" : "0e0c3d3e-d494-4992-8822-42cfa3832a8b",
    "color" : "#008EC2",
    "position" : {
      "x" : 2.618034,
      "y" : -4.236068,
      "z" : 6.854102
    },
    "orientation" : 55
  }, {
    "shape" : "2e65835a-47af-4525-9acd-fcb6d51776f7",
    "color" : "#008EC2",
    "position" : {
      "x" : 0.5,
      "y" : 6.045085,
      "z" : -16.635256
    },
    "orientation" : 2
  }, {
    "shape" : "60944420-70f8-48fa-ac88-68e4b1e897b7",
    "color" : "#00993F",
    "position" : {
      "x" : 2.618034,
      "y" : 1.0,
      "z" : 20.562305
    },
    "orientation" : 50
  }, {
    "shape" : "0e0c3d3e-d494-4992-8822-42cfa3832a8b",
    "color" : "#008EC2",
    "position" : {
      "x" : 0.0,
      "y" : 0.0,
      "z" : 0.0
    },
    "orientation" : 38
  }, {
    "shape" : "0e0c3d3e-d494-4992-8822-42cfa3832a8b",
    "color" : "#008EC2",
    "position" : {
      "x" : -5.854102,
      "y" : -12.708204,
      "z" : 15.326238
    },
    "orientation" : 26
  }, {
    "shape" : "0e0c3d3e-d494-4992-8822-42cfa3832a8b",
    "color" : "#008EC2",
    "position" : {
      "x" : -1.618034,
      "y" : -5.854102,
      "z" : 17.944271
    },
    "orientation" : 36
  }, {
    "shape" : "60944420-70f8-48fa-ac88-68e4b1e897b7",
    "color" : "#00993F",
    "position" : {
      "x" : 6.854102,
      "y" : 2.618034,
      "z" : 9.472136
    },
    "orientation" : 42
  }, {
    "shape" : "87164e38-4424-4176-95a4-1b232a93a434",
    "color" : "#F2F2F2",
    "position" : {
      "x" : 4.236068,
      "y" : 12.09017,
      "z" : 16.326239
    }
  }, {
    "shape" : "1feafb8d-3b46-4d5b-b0c8-4568cf75b967",
    "color" : "#00993F",
    "position" : {
      "x" : 12.09017,
      "y" : -5.854102,
      "z" : 23.18034
    },
    "orientation" : 17
  }, {
    "shape" : "87164e38-4424-4176-95a4-1b232a93a434",
    "color" : "#99FF00",
    "position" : {
      "x" : -13.208204,
      "y" : 12.899187,
      "z" : -16.635256
    }
  }, {
    "shape" : "2e65835a-47af-4525-9acd-fcb6d51776f7",
    "color" : "#008EC2",
    "position" : {
      "x" : 0.5,
      "y" : 19.753288,
      "z" : -16.635256
    },
    "orientation" : 16
  }, {
    "shape" : "87164e38-4424-4176-95a4-1b232a93a434",
    "color" : "#F2F2F2",
    "position" : {
      "x" : 1.309017,
      "y" : 0.5,
      "z" : 10.281153
    }
  }, {
    "shape" : "0e0c3d3e-d494-4992-8822-42cfa3832a8b",
    "color" : "#008EC2",
    "position" : {
      "x" : 4.236068,
      "y" : 6.854102,
      "z" : 2.618034
    },
    "orientation" : 37
  }, {
    "shape" : "60944420-70f8-48fa-ac88-68e4b1e897b7",
    "color" : "#00993F",
    "position" : {
      "x" : 11.09017,
      "y" : 9.472136,
      "z" : 12.09017
    },
    "orientation" : 44
  }, {
    "shape" : "2e65835a-47af-4525-9acd-fcb6d51776f7",
    "color" : "#008EC2",
    "position" : {
      "x" : -13.208204,
      "y" : 6.045085,
      "z" : -2.927051
    },
    "orientation" : 1
  }, {
    "shape" : "87164e38-4424-4176-95a4-1b232a93a434",
    "color" : "#F2F2F2",
    "position" : {
      "x" : 4.736068,
      "y" : 1.809017,
      "z" : 15.0172205
    }
  }, {
    "shape" : "1feafb8d-3b46-4d5b-b0c8-4568cf75b967",
    "color" : "#00993F",
    "position" : {
      "x" : 6.854102,
      "y" : 7.854102,
      "z" : 23.18034
    },
    "orientation" : 42
  }, {
    "shape" : "60944420-70f8-48fa-ac88-68e4b1e897b7",
    "color" : "#00993F",
    "position" : {
      "x" : 2.618034,
      "y" : 1.0,
      "z" : 20.562305
    },
    "orientation" : 17
  }, {
    "shape" : "87164e38-4424-4176-95a4-1b232a93a434",
    "color" : "#99FF00",
    "position" : {
      "x" : -6.354102,
      "y" : 6.045085,
      "z" : -16.635256
    }
  }, {
    "shape" : "0e0c3d3e-d494-4992-8822-42cfa3832a8b",
    "color" : "#008EC2",
    "position" : {
      "x" : 4.236068,
      "y" : 6.854102,
      "z" : 2.618034
    },
    "orientation" : 36
  }, {
    "shape" : "60944420-70f8-48fa-ac88-68e4b1e897b7",
    "color" : "#00993F",
    "position" : {
      "x" : 13.708204,
      "y" : 0.0,
      "z" : 5.236068
    },
    "orientation" : 43
  }, {
    "shape" : "87164e38-4424-4176-95a4-1b232a93a434",
    "color" : "#F2F2F2",
    "position" : {
      "x" : -1.309017,
      "y" : 4.736068,
      "z" : 3.427051
    }
  }, {
    "shape" : "87164e38-4424-4176-95a4-1b232a93a434",
    "color" : "#F2F2F2",
    "position" : {
      "x" : 5.236068,
      "y" : -3.236068,
      "z" : 27.416409
    }
  }, {
    "shape" : "2e65835a-47af-4525-9acd-fcb6d51776f7",
    "color" : "#008EC2",
    "position" : {
      "x" : -13.208204,
      "y" : 19.753288,
      "z" : -16.635256
    },
    "orientation" : 2
  }, {
    "shape" : "87164e38-4424-4176-95a4-1b232a93a434",
    "color" : "#99FF00",
    "position" : {
      "x" : -6.354102,
      "y" : 6.045085,
      "z" : -2.927051
    }
  }, {
    "shape" : "60944420-70f8-48fa-ac88-68e4b1e897b7",
    "color" : "#00993F",
    "position" : {
      "x" : -1.618034,
      "y" : -5.854102,
      "z" : 17.944271
    },
    "orientation" : 0
  }, {
    "shape" : "2e65835a-47af-4525-9acd-fcb6d51776f7",
    "color" : "#008EC2",
    "position" : {
      "x" : -13.208204,
      "y" : 6.045085,
      "z" : -2.927051
    },
    "orientation" : 0
  }, {
    "shape" : "3da3f5a3-c0aa-4dee-8c6e-73bd5f545981",
    "color" : "#00993F",
    "position" : {
      "x" : 0.5,
      "y" : 19.753288,
      "z" : -9.781153
    },
    "orientation" : 38
  }, {
    "shape" : "60944420-70f8-48fa-ac88-68e4b1e897b7",
    "color" : "#00993F",
    "position" : {
      "x" : -4.236068,
      "y" : -1.618034,
      "z" : 11.09017
    },
    "orientation" : 18
  }, {
    "shape" : "2e65835a-47af-4525-9acd-fcb6d51776f7",
    "color" : "#008EC2",
    "position" : {
      "x" : -13.208204,
      "y" : 6.045085,
      "z" : -16.635256
    },
    "orientation" : 1
  }, {
    "shape" : "87164e38-4424-4176-95a4-1b232a93a434",
    "color" : "#99FF00",
    "position" : {
      "x" : -13.208204,
      "y" : 19.753288,
      "z" : -9.781153
    }
  }, {
    "shape" : "2e65835a-47af-4525-9acd-fcb6d51776f7",
    "color" : "#008EC2",
    "position" : {
      "x" : 0.5,
      "y" : 6.045085,
      "z" : -2.927051
    },
    "orientation" : 47
  }, {
    "shape" : "87164e38-4424-4176-95a4-1b232a93a434",
    "color" : "#F2F2F2",
    "position" : {
      "x" : 11.09017,
      "y" : 9.472136,
      "z" : 12.09017
    }
  }, {
    "shape" : "87164e38-4424-4176-95a4-1b232a93a434",
    "color" : "#99FF00",
    "position" : {
      "x" : 0.5,
      "y" : 12.899187,
      "z" : -16.635256
    }
  }, {
    "shape" : "60944420-70f8-48fa-ac88-68e4b1e897b7",
    "color" : "#00993F",
    "position" : {
      "x" : 2.618034,
      "y" : -4.236068,
      "z" : 6.854102
    },
    "orientation" : 44
  }, {
    "shape" : "87164e38-4424-4176-95a4-1b232a93a434",
    "color" : "#F2F2F2",
    "position" : {
      "x" : -13.208204,
      "y" : 19.753288,
      "z" : -16.635256
    }
  }, {
    "shape" : "0e0c3d3e-d494-4992-8822-42cfa3832a8b",
    "color" : "#008EC2",
    "position" : {
      "x" : 13.708204,
      "y" : 5.236068,
      "z" : 18.944271
    },
    "orientation" : 38
  }, {
    "shape" : "3da3f5a3-c0aa-4dee-8c6e-73bd5f545981",
    "color" : "#00993F",
    "position" : {
      "x" : -13.208204,
      "y" : 12.899187,
      "z" : -16.635256
    },
    "orientation" : 6
  }, {
    "shape" : "3da3f5a3-c0aa-4dee-8c6e-73bd5f545981",
    "color" : "#00993F",
    "position" : {
      "x" : -13.208204,
      "y" : 19.753288,
      "z" : -9.781153
    },
    "orientation" : 37
  }, {
    "shape" : "0e0c3d3e-d494-4992-8822-42cfa3832a8b",
    "color" : "#008EC2",
    "position" : {
      "x" : -4.236068,
      "y" : 3.618034,
      "z" : 24.798374
    },
    "orientation" : 36
  }, {
    "shape" : "60944420-70f8-48fa-ac88-68e4b1e897b7",
    "color" : "#00993F",
    "position" : {
      "x" : -6.854102,
      "y" : 2.618034,
      "z" : 4.236068
    },
    "orientation" : 0
  }, {
    "shape" : "60944420-70f8-48fa-ac88-68e4b1e897b7",
    "color" : "#00993F",
    "position" : {
      "x" : 12.09017,
      "y" : -11.09017,
      "z" : 9.472136
    },
    "orientation" : 46
  }, {
    "shape" : "2e65835a-47af-4525-9acd-fcb6d51776f7",
    "color" : "#008EC2",
    "position" : {
      "x" : 0.5,
      "y" : 19.753288,
      "z" : -16.635256
    },
    "orientation" : 2
  }, {
    "shape" : "0e0c3d3e-d494-4992-8822-42cfa3832a8b",
    "color" : "#008EC2",
    "position" : {
      "x" : 2.618034,
      "y" : 1.0,
      "z" : 20.562305
    },
    "orientation" : 9
  }, {
    "shape" : "87164e38-4424-4176-95a4-1b232a93a434",
    "color" : "#F2F2F2",
    "position" : {
      "x" : -8.472136,
      "y" : -8.472136,
      "z" : 8.472136
    }
  }, {
    "shape" : "60944420-70f8-48fa-ac88-68e4b1e897b7",
    "color" : "#00993F",
    "position" : {
      "x" : 1.0,
      "y" : -15.326238,
      "z" : 11.09017
    },
    "orientation" : 54
  }, {
    "shape" : "60944420-70f8-48fa-ac88-68e4b1e897b7",
    "color" : "#00993F",
    "position" : {
      "x" : 0.0,
      "y" : 0.0,
      "z" : 0.0
    },
    "orientation" : 4
  }, {
    "shape" : "60944420-70f8-48fa-ac88-68e4b1e897b7",
    "color" : "#00993F",
    "position" : {
      "x" : 5.236068,
      "y" : -8.472136,
      "z" : 13.708204
    },
    "orientation" : 4
  }, {
    "shape" : "1feafb8d-3b46-4d5b-b0c8-4568cf75b967",
    "color" : "#00993F",
    "position" : {
      "x" : 1.0,
      "y" : -10.09017,
      "z" : 24.798374
    },
    "orientation" : 50
  }, {
    "shape" : "3da3f5a3-c0aa-4dee-8c6e-73bd5f545981",
    "color" : "#00993F",
    "position" : {
      "x" : 0.5,
      "y" : 6.045085,
      "z" : -9.781153
    },
    "orientation" : 7
  }, {
    "shape" : "1feafb8d-3b46-4d5b-b0c8-4568cf75b967",
    "color" : "#00993F",
    "position" : {
      "x" : 6.854102,
      "y" : 7.854102,
      "z" : 23.18034
    },
    "orientation" : 43
  }, {
    "shape" : "87164e38-4424-4176-95a4-1b232a93a434",
    "color" : "#F2F2F2",
    "position" : {
      "x" : 13.708204,
      "y" : 0.0,
      "z" : 5.236068
    }
  }, {
    "shape" : "87164e38-4424-4176-95a4-1b232a93a434",
    "color" : "#F2F2F2",
    "position" : {
      "x" : 9.472136,
      "y" : -1.618034,
      "z" : 16.326239
    }
  }, {
    "shape" : "60944420-70f8-48fa-ac88-68e4b1e897b7",
    "color" : "#00993F",
    "position" : {
      "x" : 12.09017,
      "y" : -5.854102,
      "z" : 23.18034
    },
    "orientation" : 42
  }, {
    "shape" : "87164e38-4424-4176-95a4-1b232a93a434",
    "color" : "#F2F2F2",
    "position" : {
      "x" : 1.0,
      "y" : -10.09017,
      "z" : 24.798374
    }
  }, {
    "shape" : "1feafb8d-3b46-4d5b-b0c8-4568cf75b967",
    "color" : "#00993F",
    "position" : {
      "x" : -6.854102,
      "y" : 7.854102,
      "z" : 17.944271
    },
    "orientation" : 0
  }, {
    "shape" : "0e0c3d3e-d494-4992-8822-42cfa3832a8b",
    "color" : "#008EC2",
    "position" : {
      "x" : 12.09017,
      "y" : -5.854102,
      "z" : 23.18034
    },
    "orientation" : 38
  }, {
    "shape" : "60944420-70f8-48fa-ac88-68e4b1e897b7",
    "color" : "#00993F",
    "position" : {
      "x" : 0.0,
      "y" : 5.236068,
      "z" : 13.708204
    },
    "orientation" : 18
  }, {
    "shape" : "87164e38-4424-4176-95a4-1b232a93a434",
    "color" : "#F2F2F2",
    "position" : {
      "x" : 16.326239,
      "y" : -4.236068,
      "z" : 12.09017
    }
  }, {
    "shape" : "3da3f5a3-c0aa-4dee-8c6e-73bd5f545981",
    "color" : "#00993F",
    "position" : {
      "x" : 0.5,
      "y" : 19.753288,
      "z" : -9.781153
    },
    "orientation" : 22
  }, {
    "shape" : "1feafb8d-3b46-4d5b-b0c8-4568cf75b967",
    "color" : "#00993F",
    "position" : {
      "x" : -8.472136,
      "y" : -3.236068,
      "z" : 22.18034
    },
    "orientation" : 25
  }, {
    "shape" : "0e0c3d3e-d494-4992-8822-42cfa3832a8b",
    "color" : "#008EC2",
    "position" : {
      "x" : 6.854102,
      "y" : 7.854102,
      "z" : 23.18034
    },
    "orientation" : 55
  }, {
    "shape" : "0e0c3d3e-d494-4992-8822-42cfa3832a8b",
    "color" : "#008EC2",
    "position" : {
      "x" : 4.236068,
      "y" : 6.854102,
      "z" : 2.618034
    },
    "orientation" : 38
  }, {
    "shape" : "3da3f5a3-c0aa-4dee-8c6e-73bd5f545981",
    "color" : "#00993F",
    "position" : {
      "x" : -13.208204,
      "y" : 6.045085,
      "z" : -9.781153
    },
    "orientation" : 7
  }, {
    "shape" : "87164e38-4424-4176-95a4-1b232a93a434",
    "color" : "#F2F2F2",
    "position" : {
      "x" : 0.5,
      "y" : -5.045085,
      "z" : 12.399187
    }
  }, {
    "shape" : "87164e38-4424-4176-95a4-1b232a93a434",
    "color" : "#F2F2F2",
    "position" : {
      "x" : -5.854102,
      "y" : -12.708204,
      "z" : 15.326238
    }
  }, {
    "shape" : "60944420-70f8-48fa-ac88-68e4b1e897b7",
    "color" : "#00993F",
    "position" : {
      "x" : 6.854102,
      "y" : 2.618034,
      "z" : 9.472136
    },
    "orientation" : 44
  }, {
    "shape" : "2e65835a-47af-4525-9acd-fcb6d51776f7",
    "color" : "#008EC2",
    "position" : {
      "x" : 0.5,
      "y" : 19.753288,
      "z" : -2.927051
    },
    "orientation" : 45
  }, {
    "shape" : "2e65835a-47af-4525-9acd-fcb6d51776f7",
    "color" : "#008EC2",
    "position" : {
      "x" : 0.5,
      "y" : 6.045085,
      "z" : -2.927051
    },
    "orientation" : 1
  }, {
    "shape" : "0e0c3d3e-d494-4992-8822-42cfa3832a8b",
    "color" : "#008EC2",
    "position" : {
      "x" : -6.854102,
      "y" : 2.618034,
      "z" : 4.236068
    },
    "orientation" : 9
  }, {
    "shape" : "60944420-70f8-48fa-ac88-68e4b1e897b7",
    "color" : "#00993F",
    "position" : {
      "x" : -4.236068,
      "y" : -1.618034,
      "z" : 11.09017
    },
    "orientation" : 0
  }, {
    "shape" : "1feafb8d-3b46-4d5b-b0c8-4568cf75b967",
    "color" : "#00993F",
