{
  "polygons" : "true",
  "field" : "golden",
  "symmetry" : "icosahedral",
  "orientations" : [ [ 1.0, 0.0, 0.0, 0.0, 0.0, 1.0, 0.0, 0.0, 0.0, 0.0, 1.0, 0.0, 0.0, 0.0, 0.0, 1.0 ], [ 0.0, 0.0, 1.0, 0.0, 1.0, 0.0, 0.0, 0.0, 0.0, 1.0, 0.0, 0.0, 0.0, 0.0, 0.0, 1.0 ], [ 0.0, 1.0, 0.0, 0.0, 0.0, 0.0, 1.0, 0.0, 1.0, 0.0, 0.0, 0.0, 0.0, 0.0, 0.0, 1.0 ], [ 0.809017, 0.309017, 0.5, 0.0, 0.309017, 0.5, -0.809017, 0.0, -0.5, 0.809017, 0.309017, 0.0, 0.0, 0.0, 0.0, 1.0 ], [ -0.5, 0.809017, 0.309017, 0.0, 0.809017, 0.309017, 0.5, 0.0, 0.309017, 0.5, -0.809017, 0.0, 0.0, 0.0, 0.0, 1.0 ], [ 0.309017, 0.5, -0.809017, 0.0, -0.5, 0.809017, 0.309017, 0.0, 0.809017, 0.309017, 0.5, 0.0, 0.0, 0.0, 0.0, 1.0 ], [ 0.5, 0.809017, 0.309017, 0.0, 0.809017, -0.309017, -0.5, 0.0, -0.309017, 0.5, -0.809017, 0.0, 0.0, 0.0, 0.0, 1.0 ], [ -0.309017, 0.5, -0.809017, 0.0, 0.5, 0.809017, 0.309017, 0.0, 0.809017, -0.309017, -0.5, 0.0, 0.0, 0.0, 0.0, 1.0 ], [ 0.809017, -0.309017, -0.5, 0.0, -0.309017, 0.5, -0.809017, 0.0, 0.5, 0.809017, 0.309017, 0.0, 0.0, 0.0, 0.0, 1.0 ], [ 0.5, 0.809017, -0.309017, 0.0, 0.809017, -0.309017, 0.5, 0.0, 0.309017, -0.5, -0.809017, 0.0, 0.0, 0.0, 0.0, 1.0 ], [ 0.309017, -0.5, -0.809017, 0.0, 0.5, 0.809017, -0.309017, 0.0, 0.809017, -0.309017, 0.5, 0.0, 0.0, 0.0, 0.0, 1.0 ], [ 0.809017, -0.309017, 0.5, 0.0, 0.309017, -0.5, -0.809017, 0.0, 0.5, 0.809017, -0.309017, 0.0, 0.0, 0.0, 0.0, 1.0 ], [ 0.809017, 0.309017, -0.5, 0.0, 0.309017, 0.5, 0.809017, 0.0, 0.5, -0.809017, 0.309017, 0.0, 0.0, 0.0, 0.0, 1.0 ], [ 0.5, -0.809017, 0.309017, 0.0, 0.809017, 0.309017, -0.5, 0.0, 0.309017, 0.5, 0.809017, 0.0, 0.0, 0.0, 0.0, 1.0 ], [ 0.309017, 0.5, 0.809017, 0.0, 0.5, -0.809017, 0.309017, 0.0, 0.809017, 0.309017, -0.5, 0.0, 0.0, 0.0, 0.0, 1.0 ], [ 1.0, 0.0, 0.0, 0.0, 0.0, -1.0, 0.0, 0.0, 0.0, 0.0, -1.0, 0.0, 0.0, 0.0, 0.0, 1.0 ], [ 0.0, 0.0, 1.0, 0.0, -1.0, 0.0, 0.0, 0.0, 0.0, -1.0, 0.0, 0.0, 0.0, 0.0, 0.0, 1.0 ], [ 0.0, 1.0, 0.0, 0.0, 0.0, 0.0, -1.0, 0.0, -1.0, 0.0, 0.0, 0.0, 0.0, 0.0, 0.0, 1.0 ], [ 0.809017, 0.309017, 0.5, 0.0, -0.309017, -0.5, 0.809017, 0.0, 0.5, -0.809017, -0.309017, 0.0, 0.0, 0.0, 0.0, 1.0 ], [ -0.5, 0.809017, 0.309017, 0.0, -0.809017, -0.309017, -0.5, 0.0, -0.309017, -0.5, 0.809017, 0.0, 0.0, 0.0, 0.0, 1.0 ], [ 0.309017, 0.5, -0.809017, 0.0, 0.5, -0.809017, -0.309017, 0.0, -0.809017, -0.309017, -0.5, 0.0, 0.0, 0.0, 0.0, 1.0 ], [ 0.5, 0.809017, 0.309017, 0.0, -0.809017, 0.309017, 0.5, 0.0, 0.309017, -0.5, 0.809017, 0.0, 0.0, 0.0, 0.0, 1.0 ], [ -0.309017, 0.5, -0.809017, 0.0, -0.5, -0.809017, -0.309017, 0.0, -0.809017, 0.309017, 0.5, 0.0, 0.0, 0.0, 0.0, 1.0 ], [ 0.809017, -0.309017, -0.5, 0.0, 0.309017, -0.5, 0.809017, 0.0, -0.5, -0.809017, -0.309017, 0.0, 0.0, 0.0, 0.0, 1.0 ], [ 0.5, 0.809017, -0.309017, 0.0, -0.809017, 0.309017, -0.5, 0.0, -0.309017, 0.5, 0.809017, 0.0, 0.0, 0.0, 0.0, 1.0 ], [ 0.309017, -0.5, -0.809017, 0.0, -0.5, -0.809017, 0.309017, 0.0, -0.809017, 0.309017, -0.5, 0.0, 0.0, 0.0, 0.0, 1.0 ], [ 0.809017, -0.309017, 0.5, 0.0, -0.309017, 0.5, 0.809017, 0.0, -0.5, -0.809017, 0.309017, 0.0, 0.0, 0.0, 0.0, 1.0 ], [ 0.809017, 0.309017, -0.5, 0.0, -0.309017, -0.5, -0.809017, 0.0, -0.5, 0.809017, -0.309017, 0.0, 0.0, 0.0, 0.0, 1.0 ], [ 0.5, -0.809017, 0.309017, 0.0, -0.809017, -0.309017, 0.5, 0.0, -0.309017, -0.5, -0.809017, 0.0, 0.0, 0.0, 0.0, 1.0 ], [ 0.309017, 0.5, 0.809017, 0.0, -0.5, 0.809017, -0.309017, 0.0, -0.809017, -0.309017, 0.5, 0.0, 0.0, 0.0, 0.0, 1.0 ], [ -1.0, 0.0, 0.0, 0.0, 0.0, -1.0, 0.0, 0.0, 0.0, 0.0, 1.0, 0.0, 0.0, 0.0, 0.0, 1.0 ], [ 0.0, 0.0, -1.0, 0.0, -1.0, 0.0, 0.0, 0.0, 0.0, 1.0, 0.0, 0.0, 0.0, 0.0, 0.0, 1.0 ], [ 0.0, -1.0, 0.0, 0.0, 0.0, 0.0, -1.0, 0.0, 1.0, 0.0, 0.0, 0.0, 0.0, 0.0, 0.0, 1.0 ], [ -0.809017, -0.309017, -0.5, 0.0, -0.309017, -0.5, 0.809017, 0.0, -0.5, 0.809017, 0.309017, 0.0, 0.0, 0.0, 0.0, 1.0 ], [ 0.5, -0.809017, -0.309017, 0.0, -0.809017, -0.309017, -0.5, 0.0, 0.309017, 0.5, -0.809017, 0.0, 0.0, 0.0, 0.0, 1.0 ], [ -0.309017, -0.5, 0.809017, 0.0, 0.5, -0.809017, -0.309017, 0.0, 0.809017, 0.309017, 0.5, 0.0, 0.0, 0.0, 0.0, 1.0 ], [ -0.5, -0.809017, -0.309017, 0.0, -0.809017, 0.309017, 0.5, 0.0, -0.309017, 0.5, -0.809017, 0.0, 0.0, 0.0, 0.0, 1.0 ], [ 0.309017, -0.5, 0.809017, 0.0, -0.5, -0.809017, -0.309017, 0.0, 0.809017, -0.309017, -0.5, 0.0, 0.0, 0.0, 0.0, 1.0 ], [ -0.809017, 0.309017, 0.5, 0.0, 0.309017, -0.5, 0.809017, 0.0, 0.5, 0.809017, 0.309017, 0.0, 0.0, 0.0, 0.0, 1.0 ], [ -0.5, -0.809017, 0.309017, 0.0, -0.809017, 0.309017, -0.5, 0.0, 0.309017, -0.5, -0.809017, 0.0, 0.0, 0.0, 0.0, 1.0 ], [ -0.309017, 0.5, 0.809017, 0.0, -0.5, -0.809017, 0.309017, 0.0, 0.809017, -0.309017, 0.5, 0.0, 0.0, 0.0, 0.0, 1.0 ], [ -0.809017, 0.309017, -0.5, 0.0, -0.309017, 0.5, 0.809017, 0.0, 0.5, 0.809017, -0.309017, 0.0, 0.0, 0.0, 0.0, 1.0 ], [ -0.809017, -0.309017, 0.5, 0.0, -0.309017, -0.5, -0.809017, 0.0, 0.5, -0.809017, 0.309017, 0.0, 0.0, 0.0, 0.0, 1.0 ], [ -0.5, 0.809017, -0.309017, 0.0, -0.809017, -0.309017, 0.5, 0.0, 0.309017, 0.5, 0.809017, 0.0, 0.0, 0.0, 0.0, 1.0 ], [ -0.309017, -0.5, -0.809017, 0.0, -0.5, 0.809017, -0.309017, 0.0, 0.809017, 0.309017, -0.5, 0.0, 0.0, 0.0, 0.0, 1.0 ], [ -1.0, 0.0, 0.0, 0.0, 0.0, 1.0, 0.0, 0.0, 0.0, 0.0, -1.0, 0.0, 0.0, 0.0, 0.0, 1.0 ], [ 0.0, 0.0, -1.0, 0.0, 1.0, 0.0, 0.0, 0.0, 0.0, -1.0, 0.0, 0.0, 0.0, 0.0, 0.0, 1.0 ], [ 0.0, -1.0, 0.0, 0.0, 0.0, 0.0, 1.0, 0.0, -1.0, 0.0, 0.0, 0.0, 0.0, 0.0, 0.0, 1.0 ], [ -0.809017, -0.309017, -0.5, 0.0, 0.309017, 0.5, -0.809017, 0.0, 0.5, -0.809017, -0.309017, 0.0, 0.0, 0.0, 0.0, 1.0 ], [ 0.5, -0.809017, -0.309017, 0.0, 0.809017, 0.309017, 0.5, 0.0, -0.309017, -0.5, 0.809017, 0.0, 0.0, 0.0, 0.0, 1.0 ], [ -0.309017, -0.5, 0.809017, 0.0, -0.5, 0.809017, 0.309017, 0.0, -0.809017, -0.309017, -0.5, 0.0, 0.0, 0.0, 0.0, 1.0 ], [ -0.5, -0.809017, -0.309017, 0.0, 0.809017, -0.309017, -0.5, 0.0, 0.309017, -0.5, 0.809017, 0.0, 0.0, 0.0, 0.0, 1.0 ], [ 0.309017, -0.5, 0.809017, 0.0, 0.5, 0.809017, 0.309017, 0.0, -0.809017, 0.309017, 0.5, 0.0, 0.0, 0.0, 0.0, 1.0 ], [ -0.809017, 0.309017, 0.5, 0.0, -0.309017, 0.5, -0.809017, 0.0, -0.5, -0.809017, -0.309017, 0.0, 0.0, 0.0, 0.0, 1.0 ], [ -0.5, -0.809017, 0.309017, 0.0, 0.809017, -0.309017, 0.5, 0.0, -0.309017, 0.5, 0.809017, 0.0, 0.0, 0.0, 0.0, 1.0 ], [ -0.309017, 0.5, 0.809017, 0.0, 0.5, 0.809017, -0.309017, 0.0, -0.809017, 0.309017, -0.5, 0.0, 0.0, 0.0, 0.0, 1.0 ], [ -0.809017, 0.309017, -0.5, 0.0, 0.309017, -0.5, -0.809017, 0.0, -0.5, -0.809017, 0.309017, 0.0, 0.0, 0.0, 0.0, 1.0 ], [ -0.809017, -0.309017, 0.5, 0.0, 0.309017, 0.5, 0.809017, 0.0, -0.5, 0.809017, -0.309017, 0.0, 0.0, 0.0, 0.0, 1.0 ], [ -0.5, 0.809017, -0.309017, 0.0, 0.809017, 0.309017, -0.5, 0.0, -0.309017, -0.5, -0.809017, 0.0, 0.0, 0.0, 0.0, 1.0 ], [ -0.309017, -0.5, -0.809017, 0.0, 0.5, -0.809017, 0.309017, 0.0, -0.809017, -0.309017, 0.5, 0.0, 0.0, 0.0, 0.0, 1.0 ] ],
  "lights" : {
    "directionalLights" : [ {
      "direction" : [ 1.0, -1.0, -1.0 ],
      "color" : "#EBEBE4"
    }, {
      "direction" : [ -1.0, 0.0, 0.0 ],
      "color" : "#E4E4EB"
    }, {
      "direction" : [ 0.0, 0.0, -1.0 ],
      "color" : "#1E1E1E"
    } ],
    "backgroundColor" : "#AFC8DC",
    "ambientColor" : "#292929"
  },
  "camera" : {
    "position" : {
      "x" : -342.04666,
      "y" : -33.8755,
      "z" : 169.68661
    },
    "width" : 172.49567,
    "viewDistance" : 383.32358,
    "lookAtPointRV" : {
      "x" : 0.0,
      "y" : 0.0,
      "z" : 0.0,
      "zero" : true
    },
    "perspective" : true,
    "fieldOfView" : 0.442629,
    "lookDirectionRV" : {
      "x" : 0.89231837,
      "y" : 0.08837312,
      "z" : -0.44267198,
      "zero" : false
    },
    "upDirectionRV" : {
      "x" : 0.4335415,
      "y" : 0.105385706,
      "z" : 0.8949505,
      "zero" : false
    },
    "nearClipDistance" : 0.95830923,
    "lookAtPoint" : {
      "x" : 0.0,
      "y" : 0.0,
      "z" : 0.0
    },
    "lookDirection" : {
      "x" : 0.89231837,
      "y" : 0.08837312,
      "z" : -0.44267198
    },
    "upDirection" : {
      "x" : 0.4335415,
      "y" : 0.105385706,
      "z" : 0.8949505
    },
    "farClipDistance" : 766.647,
    "stereo" : false
  },
  "embedding" : [ 1.0, 0.0, 0.0, 0.0, 0.0, 1.0, 0.0, 0.0, 0.0, 0.0, 1.0, 0.0, 0.0, 0.0, 0.0, 1.0 ],
  "shapes" : [ {
    "id" : "db684635-27b1-4024-a8c5-74dd11f60f24",
    "orbit" : "green",
    "orbitC" : "[[2,-1,1],[5,-3,1]]",
    "length" : "[1,1,2]",
    "name" : " :1/2 +1/2*phi",
    "vertices" : [ {
      "x" : 12.803696,
      "y" : 4.6995935,
      "z" : -1.986068
    }, {
      "x" : 13.826238,
      "y" : 4.736068,
      "z" : -2.118034
    }, {
      "x" : 12.803696,
      "y" : 4.6995935,
      "z" : -1.604102
    }, {
      "x" : 12.612713,
      "y" : 5.0086102,
      "z" : -2.104102
    }, {
      "x" : 12.612713,
      "y" : 5.0086102,
      "z" : -1.7221359
    }, {
      "x" : 0.809017,
      "y" : 0.618034,
      "z" : 0.309017
    }, {
      "x" : 1.0,
      "y" : 0.309017,
      "z" : 0.19098301
    }, {
      "x" : 1.9045085,
      "y" : 0.5364745,
      "z" : -0.013932022
    }, {
      "x" : 13.5172205,
      "y" : 5.236068,
      "z" : -2.309017
    }, {
      "x" : 13.708204,
      "y" : 4.927051,
      "z" : -2.427051
    }, {
      "x" : 13.708204,
      "y" : 4.927051,
      "z" : -1.809017
    }, {
      "x" : 13.5172205,
      "y" : 5.236068,
      "z" : -1.927051
    }, {
      "x" : 1.7135255,
      "y" : 0.8454915,
      "z" : -0.13196601
    }, {
      "x" : 0.690983,
      "y" : 0.809017,
      "z" : 0.0
    }, {
      "x" : 1.9045085,
      "y" : 0.5364745,
      "z" : -0.39589804
    }, {
      "x" : 1.7135255,
      "y" : 0.8454915,
      "z" : -0.51393205
    }, {
      "x" : 0.809017,
      "y" : 0.618034,
      "z" : -0.309017
    }, {
      "x" : 1.0,
      "y" : 0.309017,
      "z" : -0.19098301
    }, {
      "x" : 14.5172205,
      "y" : 5.545085,
      "z" : -2.118034
    } ],
    "faces" : [ {
      "vertices" : [ 0, 14, 15, 3 ]
    }, {
      "vertices" : [ 3, 15, 12, 4 ]
    }, {
      "vertices" : [ 0, 1, 2 ]
    }, {
      "vertices" : [ 12, 15, 13 ]
    }, {
      "vertices" : [ 0, 9, 1 ]
    }, {
      "vertices" : [ 0, 3, 9 ]
    }, {
      "vertices" : [ 13, 15, 16 ]
    }, {
      "vertices" : [ 6, 17, 14, 7 ]
    }, {
      "vertices" : [ 1, 10, 2 ]
    }, {
      "vertices" : [ 5, 6, 7 ]
    }, {
      "vertices" : [ 3, 8, 9 ]
    }, {
      "vertices" : [ 0, 2, 7, 14 ]
    }, {
      "vertices" : [ 5, 7, 12 ]
    }, {
      "vertices" : [ 2, 4, 12, 7 ]
    }, {
      "vertices" : [ 3, 4, 11, 8 ]
    }, {
      "vertices" : [ 2, 10, 11, 4 ]
    }, {
      "vertices" : [ 5, 12, 13 ]
    }, {
      "vertices" : [ 14, 17, 16, 15 ]
    } ]
  }, {
    "id" : "1f438a00-26e2-47e1-975c-632e72738b93",
    "orbit" : "blue",
    "orbitC" : "[[0,0,1],[0,0,1]]",
    "length" : "[1,0,1]",
    "name" : "b1",
    "vertices" : [ {
      "x" : 7.472136,
      "y" : 0.309017,
      "z" : 0.19098301
    }, {
      "x" : 7.472136,
      "y" : 0.309017,
      "z" : -0.19098301
    }, {
      "x" : 1.0,
      "y" : 0.309017,
      "z" : -0.19098301
    }, {
      "x" : 1.0,
      "y" : 0.309017,
      "z" : 0.19098301
    }, {
      "x" : 7.472136,
      "y" : -0.309017,
      "z" : 0.19098301
    }, {
      "x" : 1.0,
      "y" : -0.309017,
      "z" : 0.19098301
    }, {
      "x" : 1.0,
      "y" : -0.309017,
      "z" : -0.19098301
    }, {
      "x" : 7.472136,
      "y" : -0.309017,
      "z" : -0.19098301
    }, {
      "x" : 8.472136,
      "y" : 0.0,
      "z" : 0.0
    } ],
    "faces" : [ {
      "vertices" : [ 1, 7, 6, 2 ]
    }, {
      "vertices" : [ 0, 1, 2, 3 ]
    }, {
      "vertices" : [ 4, 5, 6, 7 ]
    }, {
      "vertices" : [ 0, 3, 5, 4 ]
    } ]
  }, {
    "id" : "7d7e9641-fabd-4d5c-92e6-cac58e738705",
    "name" : "ball",
    "vertices" : [ {
      "x" : 0.309017,
      "y" : -0.809017,
      "z" : 0.618034
    }, {
      "x" : 0.809017,
      "y" : -0.618034,
      "z" : 0.309017
    }, {
      "x" : 0.618034,
      "y" : -0.309017,
      "z" : 0.809017
    }, {
      "x" : 1.0,
      "y" : 0.309017,
      "z" : 0.19098301
    }, {
      "x" : 0.809017,
      "y" : 0.618034,
      "z" : 0.309017
    }, {
      "x" : 0.618034,
      "y" : 0.309017,
      "z" : 0.809017
    }, {
      "x" : 0.809017,
      "y" : 0.0,
      "z" : 0.690983
    }, {
      "x" : 0.19098301,
      "y" : -1.0,
      "z" : 0.309017
    }, {
      "x" : -0.19098301,
      "y" : -1.0,
      "z" : 0.309017
    }, {
      "x" : -0.19098301,
      "y" : -1.0,
      "z" : -0.309017
    }, {
      "x" : 0.19098301,
      "y" : -1.0,
      "z" : -0.309017
    }, {
      "x" : 1.0,
      "y" : -0.309017,
      "z" : -0.19098301
    }, {
      "x" : 0.809017,
      "y" : -0.618034,
      "z" : -0.309017
    }, {
      "x" : 0.618034,
      "y" : -0.309017,
      "z" : -0.809017
    }, {
      "x" : 0.809017,
      "y" : 0.0,
      "z" : -0.690983
    }, {
      "x" : 0.0,
      "y" : 0.690983,
      "z" : -0.809017
    }, {
      "x" : 0.309017,
      "y" : 0.809017,
      "z" : -0.618034
    }, {
      "x" : 0.618034,
      "y" : 0.309017,
      "z" : -0.809017
    }, {
      "x" : 0.309017,
      "y" : 0.19098301,
      "z" : -1.0
    }, {
      "x" : 1.0,
      "y" : 0.309017,
      "z" : -0.19098301
    }, {
      "x" : -0.309017,
      "y" : -0.809017,
      "z" : 0.618034
    }, {
      "x" : 0.0,
      "y" : -0.690983,
      "z" : 0.809017
    }, {
      "x" : 0.809017,
      "y" : 0.618034,
      "z" : -0.309017
    }, {
      "x" : 0.690983,
      "y" : 0.809017,
      "z" : 0.0
    }, {
      "x" : -0.690983,
      "y" : 0.809017,
      "z" : 0.0
    }, {
      "x" : -0.809017,
      "y" : 0.618034,
      "z" : 0.309017
    }, {
      "x" : -0.309017,
      "y" : 0.809017,
      "z" : 0.618034
    }, {
      "x" : -0.19098301,
      "y" : 1.0,
      "z" : 0.309017
    }, {
      "x" : 0.309017,
      "y" : -0.19098301,
      "z" : -1.0
    }, {
      "x" : 0.19098301,
      "y" : 1.0,
      "z" : 0.309017
    }, {
      "x" : 0.309017,
      "y" : 0.809017,
      "z" : 0.618034
    }, {
      "x" : -0.809017,
      "y" : -0.618034,
      "z" : 0.309017
    }, {
      "x" : -0.690983,
      "y" : -0.809017,
      "z" : 0.0
    }, {
      "x" : 0.0,
      "y" : 0.690983,
      "z" : 0.809017
    }, {
      "x" : 0.309017,
      "y" : -0.809017,
      "z" : -0.618034
    }, {
      "x" : 0.0,
      "y" : -0.690983,
      "z" : -0.809017
    }, {
      "x" : -1.0,
      "y" : 0.309017,
      "z" : 0.19098301
    }, {
      "x" : -0.809017,
      "y" : 0.0,
      "z" : 0.690983
    }, {
      "x" : -0.618034,
      "y" : 0.309017,
      "z" : 0.809017
    }, {
      "x" : 1.0,
      "y" : -0.309017,
      "z" : 0.19098301
    }, {
      "x" : -0.309017,
      "y" : -0.809017,
      "z" : -0.618034
    }, {
      "x" : -1.0,
      "y" : 0.309017,
      "z" : -0.19098301
    }, {
      "x" : -1.0,
      "y" : -0.309017,
      "z" : -0.19098301
    }, {
      "x" : -1.0,
      "y" : -0.309017,
      "z" : 0.19098301
    }, {
      "x" : 0.19098301,
      "y" : 1.0,
      "z" : -0.309017
    }, {
      "x" : -0.809017,
      "y" : 0.618034,
      "z" : -0.309017
    }, {
      "x" : -0.19098301,
      "y" : 1.0,
      "z" : -0.309017
    }, {
      "x" : -0.309017,
      "y" : 0.809017,
      "z" : -0.618034
    }, {
      "x" : -0.618034,
      "y" : -0.309017,
      "z" : 0.809017
    }, {
      "x" : 0.309017,
      "y" : 0.19098301,
      "z" : 1.0
    }, {
      "x" : -0.309017,
      "y" : 0.19098301,
      "z" : -1.0
    }, {
      "x" : -0.309017,
      "y" : 0.19098301,
      "z" : 1.0
    }, {
      "x" : -0.309017,
      "y" : -0.19098301,
      "z" : 1.0
    }, {
      "x" : 0.309017,
      "y" : -0.19098301,
      "z" : 1.0
    }, {
      "x" : 0.690983,
      "y" : -0.809017,
      "z" : 0.0
    }, {
      "x" : -0.809017,
      "y" : 0.0,
      "z" : -0.690983
    }, {
      "x" : -0.618034,
      "y" : -0.309017,
      "z" : -0.809017
    }, {
      "x" : -0.309017,
      "y" : -0.19098301,
      "z" : -1.0
    }, {
      "x" : -0.618034,
      "y" : 0.309017,
      "z" : -0.809017
    }, {
      "x" : -0.809017,
      "y" : -0.618034,
      "z" : -0.309017
    } ],
    "faces" : [ {
      "vertices" : [ 9, 40, 35, 34, 10 ]
    }, {
      "vertices" : [ 0, 1, 2 ]
    }, {
      "vertices" : [ 33, 51, 49 ]
    }, {
      "vertices" : [ 25, 36, 37, 38 ]
    }, {
      "vertices" : [ 41, 55, 42 ]
    }, {
      "vertices" : [ 9, 32, 59, 40 ]
    }, {
      "vertices" : [ 20, 21, 52, 48 ]
    }, {
      "vertices" : [ 26, 33, 30, 29, 27 ]
    }, {
      "vertices" : [ 3, 4, 5, 6 ]
    }, {
      "vertices" : [ 27, 29, 44, 46 ]
    }, {
      "vertices" : [ 50, 57, 56, 55, 58 ]
    }, {
      "vertices" : [ 26, 38, 51, 33 ]
    }, {
      "vertices" : [ 45, 47, 58 ]
    }, {
      "vertices" : [ 18, 28, 57, 50 ]
    }, {
      "vertices" : [ 40, 59, 56 ]
    }, {
      "vertices" : [ 31, 48, 37, 43 ]
    }, {
      "vertices" : [ 7, 8, 9, 10 ]
    }, {
      "vertices" : [ 36, 41, 42, 43 ]
    }, {
      "vertices" : [ 24, 46, 47, 45 ]
    }, {
      "vertices" : [ 4, 30, 5 ]
    }, {
      "vertices" : [ 15, 47, 46, 44, 16 ]
    }, {
      "vertices" : [ 15, 50, 58, 47 ]
    }, {
      "vertices" : [ 24, 45, 41, 36, 25 ]
    }, {
      "vertices" : [ 11, 14, 19 ]
    }, {
      "vertices" : [ 3, 6, 39 ]
    }, {
      "vertices" : [ 1, 39, 6, 2 ]
    }, {
      "vertices" : [ 8, 32, 9 ]
    }, {
      "vertices" : [ 11, 12, 13, 14 ]
    }, {
      "vertices" : [ 16, 22, 17 ]
    }, {
      "vertices" : [ 0, 21, 20, 8, 7 ]
    }, {
      "vertices" : [ 12, 34, 13 ]
    }, {
      "vertices" : [ 35, 40, 56, 57 ]
    }, {
      "vertices" : [ 0, 7, 54, 1 ]
    }, {
      "vertices" : [ 15, 16, 17, 18 ]
    }, {
      "vertices" : [ 3, 19, 22, 23, 4 ]
    }, {
      "vertices" : [ 7, 10, 54 ]
    }, {
      "vertices" : [ 41, 45, 58, 55 ]
    }, {
      "vertices" : [ 3, 39, 11, 19 ]
    }, {
      "vertices" : [ 14, 17, 22, 19 ]
    }, {
      "vertices" : [ 0, 2, 53, 21 ]
    }, {
      "vertices" : [ 49, 51, 52, 53 ]
    }, {
      "vertices" : [ 31, 43, 42, 59, 32 ]
    }, {
      "vertices" : [ 15, 18, 50 ]
    }, {
      "vertices" : [ 42, 55, 56, 59 ]
    }, {
      "vertices" : [ 4, 23, 29, 30 ]
    }, {
      "vertices" : [ 25, 38, 26 ]
    }, {
      "vertices" : [ 13, 28, 18, 17, 14 ]
    }, {
      "vertices" : [ 8, 20, 31, 32 ]
    }, {
      "vertices" : [ 23, 44, 29 ]
    }, {
      "vertices" : [ 24, 27, 46 ]
    }, {
      "vertices" : [ 37, 48, 52, 51, 38 ]
    }, {
      "vertices" : [ 20, 48, 31 ]
    }, {
      "vertices" : [ 24, 25, 26, 27 ]
    }, {
      "vertices" : [ 16, 44, 23, 22 ]
    }, {
      "vertices" : [ 13, 34, 35, 28 ]
    }, {
      "vertices" : [ 10, 34, 12, 54 ]
    }, {
      "vertices" : [ 2, 6, 5, 49, 53 ]
    }, {
      "vertices" : [ 36, 43, 37 ]
    }, {
      "vertices" : [ 5, 30, 33, 49 ]
    }, {
      "vertices" : [ 1, 54, 12, 11, 39 ]
    }, {
      "vertices" : [ 28, 35, 57 ]
    }, {
      "vertices" : [ 21, 53, 52 ]
    } ]
  }, {
    "id" : "b8f053aa-d470-4e31-a0ad-df64c058a9b3",
    "orbit" : "green",
    "orbitC" : "[[2,-1,1],[5,-3,1]]",
    "length" : "[1,0,1]",
    "name" : "g1",
    "vertices" : [ {
      "x" : 9.376644,
      "y" : 3.3905764,
      "z" : -1.486068
    }, {
      "x" : 10.399187,
      "y" : 3.427051,
      "z" : -1.618034
    }, {
      "x" : 9.376644,
      "y" : 3.3905764,
      "z" : -1.104102
    }, {
      "x" : 9.185661,
      "y" : 3.6995935,
      "z" : -1.604102
    }, {
      "x" : 9.185661,
      "y" : 3.6995935,
      "z" : -1.2221359
    }, {
      "x" : 0.809017,
      "y" : 0.618034,
      "z" : 0.309017
    }, {
      "x" : 1.0,
      "y" : 0.309017,
      "z" : 0.19098301
    }, {
      "x" : 1.9045085,
      "y" : 0.5364745,
      "z" : -0.013932022
    }, {
      "x" : 10.09017,
      "y" : 3.927051,
      "z" : -1.809017
    }, {
      "x" : 10.281153,
      "y" : 3.618034,
      "z" : -1.927051
    }, {
      "x" : 10.281153,
      "y" : 3.618034,
      "z" : -1.309017
    }, {
      "x" : 10.09017,
      "y" : 3.927051,
      "z" : -1.427051
    }, {
      "x" : 1.7135255,
      "y" : 0.8454915,
      "z" : -0.13196601
    }, {
      "x" : 0.690983,
      "y" : 0.809017,
      "z" : 0.0
    }, {
      "x" : 1.9045085,
      "y" : 0.5364745,
      "z" : -0.39589804
    }, {
      "x" : 1.7135255,
      "y" : 0.8454915,
      "z" : -0.51393205
    }, {
      "x" : 0.809017,
      "y" : 0.618034,
      "z" : -0.309017
    }, {
      "x" : 1.0,
      "y" : 0.309017,
      "z" : -0.19098301
    }, {
      "x" : 11.09017,
      "y" : 4.236068,
      "z" : -1.618034
    } ],
    "faces" : [ {
      "vertices" : [ 0, 14, 15, 3 ]
    }, {
      "vertices" : [ 3, 15, 12, 4 ]
    }, {
      "vertices" : [ 0, 1, 2 ]
    }, {
      "vertices" : [ 12, 15, 13 ]
    }, {
      "vertices" : [ 0, 9, 1 ]
    }, {
      "vertices" : [ 0, 3, 9 ]
    }, {
      "vertices" : [ 13, 15, 16 ]
    }, {
      "vertices" : [ 6, 17, 14, 7 ]
    }, {
      "vertices" : [ 1, 10, 2 ]
    }, {
      "vertices" : [ 5, 6, 7 ]
    }, {
      "vertices" : [ 3, 8, 9 ]
    }, {
      "vertices" : [ 0, 2, 7, 14 ]
    }, {
      "vertices" : [ 5, 7, 12 ]
    }, {
      "vertices" : [ 2, 4, 12, 7 ]
    }, {
      "vertices" : [ 3, 4, 11, 8 ]
    }, {
      "vertices" : [ 2, 10, 11, 4 ]
    }, {
      "vertices" : [ 5, 12, 13 ]
    }, {
      "vertices" : [ 14, 17, 16, 15 ]
    } ]
  }, {
    "id" : "088e5ad0-1eda-40dc-a2d5-053da8a8d23f",
    "orbit" : "blue",
    "orbitC" : "[[0,0,1],[0,0,1]]",
    "length" : "[1,1,2]",
    "name" : " :1/2 +1/2*phi",
    "vertices" : [ {
      "x" : 10.09017,
      "y" : 0.309017,
      "z" : 0.19098301
    }, {
      "x" : 10.09017,
      "y" : 0.309017,
      "z" : -0.19098301
    }, {
      "x" : 1.0,
      "y" : 0.309017,
      "z" : -0.19098301
    }, {
      "x" : 1.0,
      "y" : 0.309017,
      "z" : 0.19098301
    }, {
      "x" : 10.09017,
      "y" : -0.309017,
      "z" : 0.19098301
    }, {
      "x" : 1.0,
      "y" : -0.309017,
      "z" : 0.19098301
    }, {
      "x" : 1.0,
      "y" : -0.309017,
      "z" : -0.19098301
    }, {
      "x" : 10.09017,
      "y" : -0.309017,
      "z" : -0.19098301
    }, {
      "x" : 11.09017,
      "y" : 0.0,
      "z" : 0.0
    } ],
    "faces" : [ {
      "vertices" : [ 1, 7, 6, 2 ]
    }, {
      "vertices" : [ 0, 1, 2, 3 ]
    }, {
      "vertices" : [ 4, 5, 6, 7 ]
    }, {
      "vertices" : [ 0, 3, 5, 4 ]
    } ]
  }, {
    "id" : "9cbdb3eb-1785-4883-aaca-958e7bd59c6e",
    "orbit" : "green",
    "orbitC" : "[[2,-1,1],[5,-3,1]]",
    "length" : "[1,0,2]",
    "name" : " :1/2",
    "vertices" : [ {
      "x" : 3.8315594,
      "y" : 1.2725425,
      "z" : -0.677051
    }, {
      "x" : 4.854102,
      "y" : 1.309017,
      "z" : -0.809017
    }, {
      "x" : 3.8315594,
      "y" : 1.2725425,
      "z" : -0.29508498
    }, {
      "x" : 3.6405764,
      "y" : 1.5815595,
      "z" : -0.79508495
    }, {
      "x" : 3.6405764,
      "y" : 1.5815595,
      "z" : -0.41311896
    }, {
      "x" : 0.809017,
      "y" : 0.618034,
      "z" : 0.309017
    }, {
      "x" : 1.0,
      "y" : 0.309017,
      "z" : 0.19098301
    }, {
      "x" : 1.9045085,
      "y" : 0.5364745,
      "z" : -0.013932022
    }, {
      "x" : 4.545085,
      "y" : 1.809017,
      "z" : -1.0
    }, {
      "x" : 4.736068,
      "y" : 1.5,
      "z" : -1.118034
    }, {
      "x" : 4.736068,
      "y" : 1.5,
      "z" : -0.5
    }, {
      "x" : 4.545085,
      "y" : 1.809017,
      "z" : -0.618034
    }, {
      "x" : 1.7135255,
      "y" : 0.8454915,
      "z" : -0.13196601
    }, {
      "x" : 0.690983,
      "y" : 0.809017,
      "z" : 0.0
    }, {
      "x" : 1.9045085,
      "y" : 0.5364745,
      "z" : -0.39589804
    }, {
      "x" : 1.7135255,
      "y" : 0.8454915,
      "z" : -0.51393205
    }, {
      "x" : 0.809017,
      "y" : 0.618034,
      "z" : -0.309017
    }, {
      "x" : 1.0,
      "y" : 0.309017,
      "z" : -0.19098301
    }, {
      "x" : 5.545085,
      "y" : 2.118034,
      "z" : -0.809017
    } ],
    "faces" : [ {
      "vertices" : [ 0, 14, 15, 3 ]
    }, {
      "vertices" : [ 3, 15, 12, 4 ]
    }, {
      "vertices" : [ 0, 1, 2 ]
    }, {
      "vertices" : [ 12, 15, 13 ]
    }, {
      "vertices" : [ 0, 9, 1 ]
    }, {
      "vertices" : [ 0, 3, 9 ]
    }, {
      "vertices" : [ 13, 15, 16 ]
    }, {
      "vertices" : [ 6, 17, 14, 7 ]
    }, {
      "vertices" : [ 1, 10, 2 ]
    }, {
      "vertices" : [ 5, 6, 7 ]
    }, {
      "vertices" : [ 3, 8, 9 ]
    }, {
      "vertices" : [ 0, 2, 7, 14 ]
    }, {
      "vertices" : [ 5, 7, 12 ]
    }, {
      "vertices" : [ 2, 4, 12, 7 ]
    }, {
      "vertices" : [ 3, 4, 11, 8 ]
    }, {
      "vertices" : [ 2, 10, 11, 4 ]
    }, {
      "vertices" : [ 5, 12, 13 ]
    }, {
      "vertices" : [ 14, 17, 16, 15 ]
    } ]
  } ],
  "instances" : [ {
    "shape" : "db684635-27b1-4024-a8c5-74dd11f60f24",
    "color" : "#00993F",
    "position" : {
      "x" : 22.18034,
      "y" : -41.228714,
      "z" : -16.152632
    },
    "orientation" : 36
  }, {
    "shape" : "1f438a00-26e2-47e1-975c-632e72738b93",
    "color" : "#008EC2",
    "position" : {
      "x" : -12.708204,
      "y" : 24.902475,
      "z" : -1.5916408
    },
    "orientation" : 45
  }, {
    "shape" : "7d7e9641-fabd-4d5c-92e6-cac58e738705",
    "color" : "#FFFFFF",
    "position" : {
      "x" : 4.236068,
      "y" : 33.37461,
      "z" : 15.352632
    }
  }, {
    "shape" : "7d7e9641-fabd-4d5c-92e6-cac58e738705",
    "color" : "#FFFFFF",
    "position" : {
      "x" : -4.236068,
      "y" : 50.318882,
      "z" : -10.063777
    }
  }, {
    "shape" : "db684635-27b1-4024-a8c5-74dd11f60f24",
    "color" : "#00993F",
    "position" : {
      "x" : -22.18034,
      "y" : -52.318882,
      "z" : -5.0624614
    },
    "orientation" : 52
  }, {
    "shape" : "b8f053aa-d470-4e31-a0ad-df64c058a9b3",
    "color" : "#00993F",
    "position" : {
      "x" : 21.18034,
      "y" : 33.37461,
      "z" : 6.880495
    },
    "orientation" : 38
  }, {
    "shape" : "b8f053aa-d470-4e31-a0ad-df64c058a9b3",
    "color" : "#00993F",
    "position" : {
      "x" : -21.18034,
      "y" : 24.902475,
      "z" : 6.880495
    },
    "orientation" : 8
  }, {
    "shape" : "1f438a00-26e2-47e1-975c-632e72738b93",
    "color" : "#008EC2",
    "position" : {
      "x" : -4.236068,
      "y" : 50.318882,
      "z" : 6.880495
    },
    "orientation" : 0
  }, {
    "shape" : "1f438a00-26e2-47e1-975c-632e72738b93",
    "color" : "#008EC2",
    "position" : {
      "x" : 4.236068,
      "y" : 7.958204,
      "z" : -1.5916408
    },
    "orientation" : 2
  }, {
    "shape" : "7d7e9641-fabd-4d5c-92e6-cac58e738705",
    "color" : "#CCFF00",
    "position" : {
      "x" : 0.0,
      "y" : -19.048374,
      "z" : -16.152632
    }
  }, {
    "shape" : "7d7e9641-fabd-4d5c-92e6-cac58e738705",
    "color" : "#FFFFFF",
    "position" : {
      "x" : -21.18034,
      "y" : 24.902475,
      "z" : -18.535913
    }
  }, {
    "shape" : "b8f053aa-d470-4e31-a0ad-df64c058a9b3",
    "color" : "#00993F",
    "position" : {
      "x" : -4.236068,
      "y" : 41.84675,
      "z" : -10.063777
    },
    "orientation" : 36
  }, {
    "shape" : "b8f053aa-d470-4e31-a0ad-df64c058a9b3",
    "color" : "#00993F",
    "position" : {
      "x" : 12.708204,
      "y" : 24.902475,
      "z" : 15.352632
    },
    "orientation" : 23
  }, {
    "shape" : "7d7e9641-fabd-4d5c-92e6-cac58e738705",
    "color" : "#FFFFFF",
    "position" : {
      "x" : 21.18034,
      "y" : 33.37461,
      "z" : -18.535913
    }
  }, {
    "shape" : "088e5ad0-1eda-40dc-a2d5-053da8a8d23f",
    "color" : "#008EC2",
    "position" : {
      "x" : 11.09017,
      "y" : -52.318882,
      "z" : 28.208048
    },
    "orientation" : 45
  }, {
    "shape" : "7d7e9641-fabd-4d5c-92e6-cac58e738705",
    "color" : "#FFFFFF",
    "position" : {
      "x" : -4.236068,
      "y" : 24.902475,
      "z" : 15.352632
    }
  }, {
    "shape" : "9cbdb3eb-1785-4883-aaca-958e7bd59c6e",
    "color" : "#00993F",
    "position" : {
      "x" : 4.236068,
      "y" : 7.958204,
      "z" : -1.5916408
    },
    "orientation" : 53
  }, {
    "shape" : "b8f053aa-d470-4e31-a0ad-df64c058a9b3",
    "color" : "#00993F",
    "position" : {
      "x" : -12.708204,
      "y" : 50.318882,
      "z" : -1.5916408
    },
    "orientation" : 8
  }, {
    "shape" : "1f438a00-26e2-47e1-975c-632e72738b93",
    "color" : "#008EC2",
    "position" : {
      "x" : -4.236068,
      "y" : 24.902475,
      "z" : -27.008049
    },
    "orientation" : 16
  }, {
    "shape" : "b8f053aa-d470-4e31-a0ad-df64c058a9b3",
    "color" : "#00993F",
    "position" : {
      "x" : 4.236068,
      "y" : 50.318882,
      "z" : -18.535913
    },
    "orientation" : 22
  }, {
    "shape" : "b8f053aa-d470-4e31-a0ad-df64c058a9b3",
    "color" : "#00993F",
    "position" : {
      "x" : 12.708204,
      "y" : 50.318882,
      "z" : -1.5916408
    },
    "orientation" : 21
  }, {
    "shape" : "b8f053aa-d470-4e31-a0ad-df64c058a9b3",
    "color" : "#00993F",
    "position" : {
      "x" : 12.708204,
      "y" : 24.902475,
      "z" : -1.5916408
    },
    "orientation" : 38
  }, {
    "shape" : "7d7e9641-fabd-4d5c-92e6-cac58e738705",
    "color" : "#FF0000",
    "position" : {
      "x" : 12.708204,
      "y" : 24.902475,
      "z" : -10.063777
    }
  }, {
    "shape" : "1f438a00-26e2-47e1-975c-632e72738b93",
    "color" : "#008EC2",
    "position" : {
      "x" : 4.236068,
      "y" : 24.902475,
      "z" : -27.008049
    },
    "orientation" : 16
  }, {
    "shape" : "b8f053aa-d470-4e31-a0ad-df64c058a9b3",
    "color" : "#00993F",
    "position" : {
      "x" : 21.18034,
      "y" : 24.902475,
      "z" : -18.535913
    },
    "orientation" : 53
  }, {
    "shape" : "7d7e9641-fabd-4d5c-92e6-cac58e738705",
    "color" : "#FF0000",
    "position" : {
      "x" : 4.236068,
      "y" : 33.37461,
      "z" : 6.880495
    }
  }, {
    "shape" : "b8f053aa-d470-4e31-a0ad-df64c058a9b3",
    "color" : "#00993F",
    "position" : {
      "x" : -4.236068,
      "y" : 7.958204,
      "z" : 6.880495
    },
    "orientation" : 53
  }, {
    "shape" : "7d7e9641-fabd-4d5c-92e6-cac58e738705",
    "color" : "#FFFFFF",
    "position" : {
      "x" : 12.708204,
      "y" : 24.902475,
      "z" : -1.5916408
    }
  }, {
    "shape" : "088e5ad0-1eda-40dc-a2d5-053da8a8d23f",
    "color" : "#008EC2",
    "position" : {
      "x" : -22.18034,
      "y" : -19.048374,
      "z" : 28.208048
    },
    "orientation" : 16
  }, {
    "shape" : "b8f053aa-d470-4e31-a0ad-df64c058a9b3",
    "color" : "#00993F",
    "position" : {
      "x" : -12.708204,
      "y" : 24.902475,
      "z" : -1.5916408
    },
    "orientation" : 8
  }, {
    "shape" : "7d7e9641-fabd-4d5c-92e6-cac58e738705",
    "color" : "#F2F2F2",
    "position" : {
      "x" : 0.0,
      "y" : -7.958204,
      "z" : 28.208048
    }
  }, {
    "shape" : "088e5ad0-1eda-40dc-a2d5-053da8a8d23f",
    "color" : "#008EC2",
    "position" : {
      "x" : -22.18034,
      "y" : -7.958204,
      "z" : 6.0277085
    },
    "orientation" : 0
  }, {
    "shape" : "1f438a00-26e2-47e1-975c-632e72738b93",
    "color" : "#008EC2",
    "position" : {
      "x" : -4.236068,
      "y" : 33.37461,
      "z" : -18.535913
    },
    "orientation" : 47
  }, {
    "shape" : "9cbdb3eb-1785-4883-aaca-958e7bd59c6e",
    "color" : "#00993F",
    "position" : {
      "x" : 12.708204,
      "y" : 33.37461,
      "z" : -10.063777
    },
    "orientation" : 37
  }, {
    "shape" : "7d7e9641-fabd-4d5c-92e6-cac58e738705",
    "color" : "#FFFFFF",
    "position" : {
      "x" : -12.708204,
      "y" : 33.37461,
      "z" : -1.5916408
    }
  }, {
    "shape" : "db684635-27b1-4024-a8c5-74dd11f60f24",
    "color" : "#00993F",
    "position" : {
      "x" : -11.09017,
      "y" : -30.138544,
      "z" : 28.208048
    },
    "orientation" : 6
  }, {
    "shape" : "b8f053aa-d470-4e31-a0ad-df64c058a9b3",
    "color" : "#00993F",
    "position" : {
      "x" : -4.236068,
      "y" : 16.43034,
      "z" : -1.5916408
    },
    "orientation" : 51
  }, {
    "shape" : "7d7e9641-fabd-4d5c-92e6-cac58e738705",
    "color" : "#FFFFFF",
    "position" : {
      "x" : 4.236068,
      "y" : 41.84675,
      "z" : -27.008049
    }
  }, {
    "shape" : "9cbdb3eb-1785-4883-aaca-958e7bd59c6e",
    "color" : "#00993F",
    "position" : {
      "x" : -21.18034,
      "y" : 29.138544,
      "z" : -5.8277087
    },
    "orientation" : 37
  }, {
    "shape" : "7d7e9641-fabd-4d5c-92e6-cac58e738705",
    "color" : "#FFFFFF",
    "position" : {
      "x" : -12.708204,
      "y" : 24.902475,
      "z" : 15.352632
    }
  }, {
    "shape" : "7d7e9641-fabd-4d5c-92e6-cac58e738705",
    "color" : "#FFFFFF",
    "position" : {
      "x" : -12.708204,
      "y" : 33.37461,
      "z" : -27.008049
    }
  }, {
    "shape" : "b8f053aa-d470-4e31-a0ad-df64c058a9b3",
    "color" : "#00993F",
    "position" : {
      "x" : 4.236068,
      "y" : 16.43034,
      "z" : 15.352632
    },
    "orientation" : 6
  }, {
    "shape" : "1f438a00-26e2-47e1-975c-632e72738b93",
    "color" : "#008EC2",
    "position" : {
      "x" : 12.708204,
      "y" : 33.37461,
      "z" : -1.5916408
    },
    "orientation" : 0
  }, {
    "shape" : "9cbdb3eb-1785-4883-aaca-958e7bd59c6e",
    "color" : "#00993F",
    "position" : {
      "x" : -4.236068,
      "y" : 33.37461,
      "z" : -18.535913
    },
    "orientation" : 21
  }, {
    "shape" : "1f438a00-26e2-47e1-975c-632e72738b93",
    "color" : "#008EC2",
    "position" : {
      "x" : -4.236068,
      "y" : 24.902475,
      "z" : -27.008049
    },
    "orientation" : 45
  }, {
    "shape" : "db684635-27b1-4024-a8c5-74dd11f60f24",
    "color" : "#00993F",
    "position" : {
      "x" : -22.18034,
      "y" : -52.318882,
      "z" : 17.117878
    },
    "orientation" : 7
  }, {
    "shape" : "088e5ad0-1eda-40dc-a2d5-053da8a8d23f",
    "color" : "#008EC2",
    "position" : {
      "x" : -22.18034,
      "y" : -19.048374,
      "z" : -16.152632
    },
    "orientation" : 16
  }, {
    "shape" : "1f438a00-26e2-47e1-975c-632e72738b93",
    "color" : "#008EC2",
    "position" : {
      "x" : 4.236068,
      "y" : 41.84675,
      "z" : -10.063777
    },
    "orientation" : 1
  }, {
    "shape" : "7d7e9641-fabd-4d5c-92e6-cac58e738705",
    "color" : "#FFFFFF",
    "position" : {
      "x" : -4.236068,
      "y" : 16.43034,
      "z" : 15.352632
    }
  }, {
    "shape" : "088e5ad0-1eda-40dc-a2d5-053da8a8d23f",
    "color" : "#008EC2",
    "position" : {
      "x" : -11.09017,
      "y" : -52.318882,
      "z" : -16.152632
    },
    "orientation" : 0
  }, {
    "shape" : "1f438a00-26e2-47e1-975c-632e72738b93",
    "color" : "#008EC2",
    "position" : {
      "x" : 21.18034,
      "y" : 24.902475,
      "z" : -1.5916408
    },
    "orientation" : 16
  }, {
    "shape" : "9cbdb3eb-1785-4883-aaca-958e7bd59c6e",
    "color" : "#00993F",
    "position" : {
      "x" : 4.236068,
      "y" : 33.37461,
      "z" : -27.008049
    },
    "orientation" : 36
  }, {
    "shape" : "9cbdb3eb-1785-4883-aaca-958e7bd59c6e",
    "color" : "#00993F",
    "position" : {
      "x" : -4.236068,
      "y" : 41.84675,
      "z" : -10.063777
    },
    "orientation" : 8
  }, {
    "shape" : "db684635-27b1-4024-a8c5-74dd11f60f24",
    "color" : "#00993F",
    "position" : {
      "x" : 22.18034,
      "y" : -19.048374,
      "z" : 6.0277085
    },
    "orientation" : 22
  }, {
    "shape" : "7d7e9641-fabd-4d5c-92e6-cac58e738705",
    "color" : "#F2F2F2",
    "position" : {
      "x" : 11.09017,
      "y" : -7.958204,
      "z" : -16.152632
    }
  }, {
    "shape" : "7d7e9641-fabd-4d5c-92e6-cac58e738705",
    "color" : "#FFFFFF",
    "position" : {
      "x" : 0.0,
      "y" : 50.318882,
      "z" : -5.8277087
    }
  }, {
    "shape" : "088e5ad0-1eda-40dc-a2d5-053da8a8d23f",
    "color" : "#008EC2",
    "position" : {
      "x" : 22.18034,
      "y" : -52.318882,
      "z" : 6.0277085
    },
    "orientation" : 1
  }, {
    "shape" : "1f438a00-26e2-47e1-975c-632e72738b93",
    "color" : "#008EC2",
    "position" : {
      "x" : 4.236068,
      "y" : 16.43034,
      "z" : -1.5916408
    },
    "orientation" : 16
  }, {
    "shape" : "088e5ad0-1eda-40dc-a2d5-053da8a8d23f",
    "color" : "#008EC2",
    "position" : {
      "x" : 22.18034,
      "y" : -7.958204,
      "z" : 17.117878
    },
    "orientation" : 47
  }, {
    "shape" : "db684635-27b1-4024-a8c5-74dd11f60f24",
    "color" : "#00993F",
    "position" : {
      "x" : 22.18034,
      "y" : -7.958204,
      "z" : 17.117878
    },
    "orientation" : 38
  }, {
    "shape" : "7d7e9641-fabd-4d5c-92e6-cac58e738705",
    "color" : "#FFFFFF",
    "position" : {
      "x" : -4.236068,
      "y" : 41.84675,
      "z" : -27.008049
    }
  }, {
    "shape" : "b8f053aa-d470-4e31-a0ad-df64c058a9b3",
    "color" : "#00993F",
    "position" : {
      "x" : 21.18034,
      "y" : 41.84675,
      "z" : -10.063777
    },
    "orientation" : 51
  }, {
    "shape" : "7d7e9641-fabd-4d5c-92e6-cac58e738705",
    "color" : "#FFFFFF",
    "position" : {
      "x" : 0.0,
      "y" : 16.43034,
      "z" : -5.8277087
    }
  }, {
    "shape" : "7d7e9641-fabd-4d5c-92e6-cac58e738705",
    "color" : "#CCFF00",
    "position" : {
      "x" : -11.09017,
      "y" : -7.958204,
      "z" : 6.0277085
    }
  }, {
    "shape" : "7d7e9641-fabd-4d5c-92e6-cac58e738705",
    "color" : "#F2F2F2",
    "position" : {
      "x" : -22.18034,
      "y" : -7.958204,
      "z" : -5.0624614
    }
  }, {
    "shape" : "7d7e9641-fabd-4d5c-92e6-cac58e738705",
    "color" : "#CCFF00",
    "position" : {
      "x" : 22.18034,
      "y" : -41.228714,
      "z" : 6.0277085
    }
  }, {
    "shape" : "db684635-27b1-4024-a8c5-74dd11f60f24",
    "color" : "#00993F",
    "position" : {
      "x" : 11.09017,
      "y" : -7.958204,
      "z" : 6.0277085
    },
    "orientation" : 38
  }, {
    "shape" : "1f438a00-26e2-47e1-975c-632e72738b93",
    "color" : "#008EC2",
    "position" : {
      "x" : -4.236068,
      "y" : 16.43034,
      "z" : -10.063777
    },
    "orientation" : 16
  }, {
    "shape" : "9cbdb3eb-1785-4883-aaca-958e7bd59c6e",
    "color" : "#00993F",
    "position" : {
      "x" : 4.236068,
      "y" : 41.84675,
      "z" : -1.5916408
    },
    "orientation" : 53
  }, {
    "shape" : "db684635-27b1-4024-a8c5-74dd11f60f24",
    "color" : "#00993F",
    "position" : {
      "x" : -22.18034,
      "y" : -7.958204,
      "z" : -5.0624614
    },
    "orientation" : 23
  }, {
    "shape" : "7d7e9641-fabd-4d5c-92e6-cac58e738705",
    "color" : "#CCFF00",
    "position" : {
      "x" : 11.09017,
      "y" : -52.318882,
      "z" : 6.0277085
    }
  }, {
    "shape" : "b8f053aa-d470-4e31-a0ad-df64c058a9b3",
    "color" : "#00993F",
    "position" : {
      "x" : 4.236068,
      "y" : 16.43034,
      "z" : -10.063777
    },
    "orientation" : 6
  }, {
    "shape" : "9cbdb3eb-1785-4883-aaca-958e7bd59c6e",
    "color" : "#00993F",
    "position" : {
      "x" : 21.18034,
      "y" : 29.138544,
      "z" : -5.8277087
    },
    "orientation" : 37
  }, {
    "shape" : "1f438a00-26e2-47e1-975c-632e72738b93",
    "color" : "#008EC2",
    "position" : {
      "x" : 21.18034,
      "y" : 33.37461,
      "z" : -1.5916408
    },
    "orientation" : 2
  }, {
    "shape" : "7d7e9641-fabd-4d5c-92e6-cac58e738705",
    "color" : "#FFFFFF",
    "position" : {
      "x" : -12.708204,
      "y" : 7.958204,
      "z" : -10.063777
    }
  }, {
    "shape" : "1f438a00-26e2-47e1-975c-632e72738b93",
    "color" : "#008EC2",
    "position" : {
      "x" : -4.236068,
      "y" : 7.958204,
      "z" : -10.063777
    },
    "orientation" : 45
  }, {
    "shape" : "9cbdb3eb-1785-4883-aaca-958e7bd59c6e",
    "color" : "#00993F",
    "position" : {
      "x" : -21.18034,
      "y" : 33.37461,
      "z" : -1.5916408
    },
    "orientation" : 22
  }, {
    "shape" : "7d7e9641-fabd-4d5c-92e6-cac58e738705",
    "color" : "#F2F2F2",
