{
  "polygons" : "true",
  "field" : "golden",
  "symmetry" : "icosahedral",
  "orientations" : [ [ 1.0, 0.0, 0.0, 0.0, 0.0, 1.0, 0.0, 0.0, 0.0, 0.0, 1.0, 0.0, 0.0, 0.0, 0.0, 1.0 ], [ 0.0, 0.0, 1.0, 0.0, 1.0, 0.0, 0.0, 0.0, 0.0, 1.0, 0.0, 0.0, 0.0, 0.0, 0.0, 1.0 ], [ 0.0, 1.0, 0.0, 0.0, 0.0, 0.0, 1.0, 0.0, 1.0, 0.0, 0.0, 0.0, 0.0, 0.0, 0.0, 1.0 ], [ 0.809017, 0.309017, 0.5, 0.0, 0.309017, 0.5, -0.809017, 0.0, -0.5, 0.809017, 0.309017, 0.0, 0.0, 0.0, 0.0, 1.0 ], [ -0.5, 0.809017, 0.309017, 0.0, 0.809017, 0.309017, 0.5, 0.0, 0.309017, 0.5, -0.809017, 0.0, 0.0, 0.0, 0.0, 1.0 ], [ 0.309017, 0.5, -0.809017, 0.0, -0.5, 0.809017, 0.309017, 0.0, 0.809017, 0.309017, 0.5, 0.0, 0.0, 0.0, 0.0, 1.0 ], [ 0.5, 0.809017, 0.309017, 0.0, 0.809017, -0.309017, -0.5, 0.0, -0.309017, 0.5, -0.809017, 0.0, 0.0, 0.0, 0.0, 1.0 ], [ -0.309017, 0.5, -0.809017, 0.0, 0.5, 0.809017, 0.309017, 0.0, 0.809017, -0.309017, -0.5, 0.0, 0.0, 0.0, 0.0, 1.0 ], [ 0.809017, -0.309017, -0.5, 0.0, -0.309017, 0.5, -0.809017, 0.0, 0.5, 0.809017, 0.309017, 0.0, 0.0, 0.0, 0.0, 1.0 ], [ 0.5, 0.809017, -0.309017, 0.0, 0.809017, -0.309017, 0.5, 0.0, 0.309017, -0.5, -0.809017, 0.0, 0.0, 0.0, 0.0, 1.0 ], [ 0.309017, -0.5, -0.809017, 0.0, 0.5, 0.809017, -0.309017, 0.0, 0.809017, -0.309017, 0.5, 0.0, 0.0, 0.0, 0.0, 1.0 ], [ 0.809017, -0.309017, 0.5, 0.0, 0.309017, -0.5, -0.809017, 0.0, 0.5, 0.809017, -0.309017, 0.0, 0.0, 0.0, 0.0, 1.0 ], [ 0.809017, 0.309017, -0.5, 0.0, 0.309017, 0.5, 0.809017, 0.0, 0.5, -0.809017, 0.309017, 0.0, 0.0, 0.0, 0.0, 1.0 ], [ 0.5, -0.809017, 0.309017, 0.0, 0.809017, 0.309017, -0.5, 0.0, 0.309017, 0.5, 0.809017, 0.0, 0.0, 0.0, 0.0, 1.0 ], [ 0.309017, 0.5, 0.809017, 0.0, 0.5, -0.809017, 0.309017, 0.0, 0.809017, 0.309017, -0.5, 0.0, 0.0, 0.0, 0.0, 1.0 ], [ 1.0, 0.0, 0.0, 0.0, 0.0, -1.0, 0.0, 0.0, 0.0, 0.0, -1.0, 0.0, 0.0, 0.0, 0.0, 1.0 ], [ 0.0, 0.0, 1.0, 0.0, -1.0, 0.0, 0.0, 0.0, 0.0, -1.0, 0.0, 0.0, 0.0, 0.0, 0.0, 1.0 ], [ 0.0, 1.0, 0.0, 0.0, 0.0, 0.0, -1.0, 0.0, -1.0, 0.0, 0.0, 0.0, 0.0, 0.0, 0.0, 1.0 ], [ 0.809017, 0.309017, 0.5, 0.0, -0.309017, -0.5, 0.809017, 0.0, 0.5, -0.809017, -0.309017, 0.0, 0.0, 0.0, 0.0, 1.0 ], [ -0.5, 0.809017, 0.309017, 0.0, -0.809017, -0.309017, -0.5, 0.0, -0.309017, -0.5, 0.809017, 0.0, 0.0, 0.0, 0.0, 1.0 ], [ 0.309017, 0.5, -0.809017, 0.0, 0.5, -0.809017, -0.309017, 0.0, -0.809017, -0.309017, -0.5, 0.0, 0.0, 0.0, 0.0, 1.0 ], [ 0.5, 0.809017, 0.309017, 0.0, -0.809017, 0.309017, 0.5, 0.0, 0.309017, -0.5, 0.809017, 0.0, 0.0, 0.0, 0.0, 1.0 ], [ -0.309017, 0.5, -0.809017, 0.0, -0.5, -0.809017, -0.309017, 0.0, -0.809017, 0.309017, 0.5, 0.0, 0.0, 0.0, 0.0, 1.0 ], [ 0.809017, -0.309017, -0.5, 0.0, 0.309017, -0.5, 0.809017, 0.0, -0.5, -0.809017, -0.309017, 0.0, 0.0, 0.0, 0.0, 1.0 ], [ 0.5, 0.809017, -0.309017, 0.0, -0.809017, 0.309017, -0.5, 0.0, -0.309017, 0.5, 0.809017, 0.0, 0.0, 0.0, 0.0, 1.0 ], [ 0.309017, -0.5, -0.809017, 0.0, -0.5, -0.809017, 0.309017, 0.0, -0.809017, 0.309017, -0.5, 0.0, 0.0, 0.0, 0.0, 1.0 ], [ 0.809017, -0.309017, 0.5, 0.0, -0.309017, 0.5, 0.809017, 0.0, -0.5, -0.809017, 0.309017, 0.0, 0.0, 0.0, 0.0, 1.0 ], [ 0.809017, 0.309017, -0.5, 0.0, -0.309017, -0.5, -0.809017, 0.0, -0.5, 0.809017, -0.309017, 0.0, 0.0, 0.0, 0.0, 1.0 ], [ 0.5, -0.809017, 0.309017, 0.0, -0.809017, -0.309017, 0.5, 0.0, -0.309017, -0.5, -0.809017, 0.0, 0.0, 0.0, 0.0, 1.0 ], [ 0.309017, 0.5, 0.809017, 0.0, -0.5, 0.809017, -0.309017, 0.0, -0.809017, -0.309017, 0.5, 0.0, 0.0, 0.0, 0.0, 1.0 ], [ -1.0, 0.0, 0.0, 0.0, 0.0, -1.0, 0.0, 0.0, 0.0, 0.0, 1.0, 0.0, 0.0, 0.0, 0.0, 1.0 ], [ 0.0, 0.0, -1.0, 0.0, -1.0, 0.0, 0.0, 0.0, 0.0, 1.0, 0.0, 0.0, 0.0, 0.0, 0.0, 1.0 ], [ 0.0, -1.0, 0.0, 0.0, 0.0, 0.0, -1.0, 0.0, 1.0, 0.0, 0.0, 0.0, 0.0, 0.0, 0.0, 1.0 ], [ -0.809017, -0.309017, -0.5, 0.0, -0.309017, -0.5, 0.809017, 0.0, -0.5, 0.809017, 0.309017, 0.0, 0.0, 0.0, 0.0, 1.0 ], [ 0.5, -0.809017, -0.309017, 0.0, -0.809017, -0.309017, -0.5, 0.0, 0.309017, 0.5, -0.809017, 0.0, 0.0, 0.0, 0.0, 1.0 ], [ -0.309017, -0.5, 0.809017, 0.0, 0.5, -0.809017, -0.309017, 0.0, 0.809017, 0.309017, 0.5, 0.0, 0.0, 0.0, 0.0, 1.0 ], [ -0.5, -0.809017, -0.309017, 0.0, -0.809017, 0.309017, 0.5, 0.0, -0.309017, 0.5, -0.809017, 0.0, 0.0, 0.0, 0.0, 1.0 ], [ 0.309017, -0.5, 0.809017, 0.0, -0.5, -0.809017, -0.309017, 0.0, 0.809017, -0.309017, -0.5, 0.0, 0.0, 0.0, 0.0, 1.0 ], [ -0.809017, 0.309017, 0.5, 0.0, 0.309017, -0.5, 0.809017, 0.0, 0.5, 0.809017, 0.309017, 0.0, 0.0, 0.0, 0.0, 1.0 ], [ -0.5, -0.809017, 0.309017, 0.0, -0.809017, 0.309017, -0.5, 0.0, 0.309017, -0.5, -0.809017, 0.0, 0.0, 0.0, 0.0, 1.0 ], [ -0.309017, 0.5, 0.809017, 0.0, -0.5, -0.809017, 0.309017, 0.0, 0.809017, -0.309017, 0.5, 0.0, 0.0, 0.0, 0.0, 1.0 ], [ -0.809017, 0.309017, -0.5, 0.0, -0.309017, 0.5, 0.809017, 0.0, 0.5, 0.809017, -0.309017, 0.0, 0.0, 0.0, 0.0, 1.0 ], [ -0.809017, -0.309017, 0.5, 0.0, -0.309017, -0.5, -0.809017, 0.0, 0.5, -0.809017, 0.309017, 0.0, 0.0, 0.0, 0.0, 1.0 ], [ -0.5, 0.809017, -0.309017, 0.0, -0.809017, -0.309017, 0.5, 0.0, 0.309017, 0.5, 0.809017, 0.0, 0.0, 0.0, 0.0, 1.0 ], [ -0.309017, -0.5, -0.809017, 0.0, -0.5, 0.809017, -0.309017, 0.0, 0.809017, 0.309017, -0.5, 0.0, 0.0, 0.0, 0.0, 1.0 ], [ -1.0, 0.0, 0.0, 0.0, 0.0, 1.0, 0.0, 0.0, 0.0, 0.0, -1.0, 0.0, 0.0, 0.0, 0.0, 1.0 ], [ 0.0, 0.0, -1.0, 0.0, 1.0, 0.0, 0.0, 0.0, 0.0, -1.0, 0.0, 0.0, 0.0, 0.0, 0.0, 1.0 ], [ 0.0, -1.0, 0.0, 0.0, 0.0, 0.0, 1.0, 0.0, -1.0, 0.0, 0.0, 0.0, 0.0, 0.0, 0.0, 1.0 ], [ -0.809017, -0.309017, -0.5, 0.0, 0.309017, 0.5, -0.809017, 0.0, 0.5, -0.809017, -0.309017, 0.0, 0.0, 0.0, 0.0, 1.0 ], [ 0.5, -0.809017, -0.309017, 0.0, 0.809017, 0.309017, 0.5, 0.0, -0.309017, -0.5, 0.809017, 0.0, 0.0, 0.0, 0.0, 1.0 ], [ -0.309017, -0.5, 0.809017, 0.0, -0.5, 0.809017, 0.309017, 0.0, -0.809017, -0.309017, -0.5, 0.0, 0.0, 0.0, 0.0, 1.0 ], [ -0.5, -0.809017, -0.309017, 0.0, 0.809017, -0.309017, -0.5, 0.0, 0.309017, -0.5, 0.809017, 0.0, 0.0, 0.0, 0.0, 1.0 ], [ 0.309017, -0.5, 0.809017, 0.0, 0.5, 0.809017, 0.309017, 0.0, -0.809017, 0.309017, 0.5, 0.0, 0.0, 0.0, 0.0, 1.0 ], [ -0.809017, 0.309017, 0.5, 0.0, -0.309017, 0.5, -0.809017, 0.0, -0.5, -0.809017, -0.309017, 0.0, 0.0, 0.0, 0.0, 1.0 ], [ -0.5, -0.809017, 0.309017, 0.0, 0.809017, -0.309017, 0.5, 0.0, -0.309017, 0.5, 0.809017, 0.0, 0.0, 0.0, 0.0, 1.0 ], [ -0.309017, 0.5, 0.809017, 0.0, 0.5, 0.809017, -0.309017, 0.0, -0.809017, 0.309017, -0.5, 0.0, 0.0, 0.0, 0.0, 1.0 ], [ -0.809017, 0.309017, -0.5, 0.0, 0.309017, -0.5, -0.809017, 0.0, -0.5, -0.809017, 0.309017, 0.0, 0.0, 0.0, 0.0, 1.0 ], [ -0.809017, -0.309017, 0.5, 0.0, 0.309017, 0.5, 0.809017, 0.0, -0.5, 0.809017, -0.309017, 0.0, 0.0, 0.0, 0.0, 1.0 ], [ -0.5, 0.809017, -0.309017, 0.0, 0.809017, 0.309017, -0.5, 0.0, -0.309017, -0.5, -0.809017, 0.0, 0.0, 0.0, 0.0, 1.0 ], [ -0.309017, -0.5, -0.809017, 0.0, 0.5, -0.809017, 0.309017, 0.0, -0.809017, -0.309017, 0.5, 0.0, 0.0, 0.0, 0.0, 1.0 ] ],
  "lights" : {
    "directionalLights" : [ {
      "direction" : [ 1.0, -1.0, -1.0 ],
      "color" : "#EBEBE4"
    }, {
      "direction" : [ -1.0, 0.0, 0.0 ],
      "color" : "#E4E4EB"
    }, {
      "direction" : [ 0.0, 0.0, -1.0 ],
      "color" : "#1E1E1E"
    } ],
    "ambientColor" : "#292929",
    "backgroundColor" : "#AFC8DC"
  },
  "camera" : {
    "position" : {
      "x" : 202.5825,
      "y" : 171.68076,
      "z" : -276.44287
    },
    "width" : 172.4958,
    "perspective" : true,
    "lookDirectionRV" : {
      "x" : -0.52848953,
      "y" : -0.44787425,
      "z" : 0.7211737,
      "zero" : false
    },
    "fieldOfView" : 0.44262937,
    "viewDistance" : 383.32358,
    "lookAtPointRV" : {
      "x" : 0.0,
      "y" : 0.0,
      "z" : 0.0,
      "zero" : true
    },
    "upDirectionRV" : {
      "x" : -0.8120223,
      "y" : 0.01896767,
      "z" : -0.5832786,
      "zero" : false
    },
    "nearClipDistance" : 0.95831,
    "lookAtPoint" : {
      "x" : 0.0,
      "y" : 0.0,
      "z" : 0.0
    },
    "lookDirection" : {
      "x" : -0.52848953,
      "y" : -0.44787425,
      "z" : 0.7211737
    },
    "upDirection" : {
      "x" : -0.8120223,
      "y" : 0.01896767,
      "z" : -0.5832786
    },
    "farClipDistance" : 766.64844,
    "stereo" : false
  },
  "embedding" : [ 1.0, 0.0, 0.0, 0.0, 0.0, 1.0, 0.0, 0.0, 0.0, 0.0, 1.0, 0.0, 0.0, 0.0, 0.0, 1.0 ],
  "shapes" : [ {
    "id" : "1c0d2ae0-1d48-4bff-ba6a-0e172d2a17a6",
    "orbit" : "blue",
    "orbitC" : "[[0,0,1],[0,0,1]]",
    "length" : "[1,0,1]",
    "name" : "b1",
    "vertices" : [ {
      "x" : 7.472136,
      "y" : 0.309017,
      "z" : 0.19098301
    }, {
      "x" : 7.472136,
      "y" : 0.309017,
      "z" : -0.19098301
    }, {
      "x" : 1.0,
      "y" : 0.309017,
      "z" : -0.19098301
    }, {
      "x" : 1.0,
      "y" : 0.309017,
      "z" : 0.19098301
    }, {
      "x" : 7.472136,
      "y" : -0.309017,
      "z" : 0.19098301
    }, {
      "x" : 1.0,
      "y" : -0.309017,
      "z" : 0.19098301
    }, {
      "x" : 1.0,
      "y" : -0.309017,
      "z" : -0.19098301
    }, {
      "x" : 7.472136,
      "y" : -0.309017,
      "z" : -0.19098301
    }, {
      "x" : 8.472136,
      "y" : 0.0,
      "z" : 0.0
    } ],
    "faces" : [ {
      "vertices" : [ 1, 7, 6, 2 ]
    }, {
      "vertices" : [ 0, 1, 2, 3 ]
    }, {
      "vertices" : [ 4, 5, 6, 7 ]
    }, {
      "vertices" : [ 0, 3, 5, 4 ]
    } ]
  }, {
    "id" : "ed8afcca-a434-4bde-92af-1a837bd08ecb",
    "orbit" : "yellow",
    "orbitC" : "[[0,0,1],[2,-1,1]]",
    "length" : "[1,0,1]",
    "name" : "y1",
    "vertices" : [ {
      "x" : 0.809017,
      "y" : 0.0,
      "z" : -0.690983
    }, {
      "x" : 1.0,
      "y" : 0.309017,
      "z" : -0.19098301
    }, {
      "x" : 2.618034,
      "y" : 0.309017,
      "z" : -0.809017
    }, {
      "x" : 2.427051,
      "y" : 0.0,
      "z" : -1.309017
    }, {
      "x" : 5.854102,
      "y" : 0.309017,
      "z" : -2.427051
    }, {
      "x" : 1.0,
      "y" : -0.309017,
      "z" : -0.19098301
    }, {
      "x" : 2.618034,
      "y" : -0.309017,
      "z" : -0.809017
    }, {
      "x" : 4.236068,
      "y" : 0.309017,
      "z" : -1.809017
    }, {
      "x" : 4.427051,
      "y" : 0.0,
      "z" : -1.309017
    }, {
      "x" : 6.854102,
      "y" : 0.0,
      "z" : -2.618034
    }, {
      "x" : 4.236068,
      "y" : -0.309017,
      "z" : -1.809017
    }, {
      "x" : 6.045085,
      "y" : 0.0,
      "z" : -1.927051
    }, {
      "x" : 5.854102,
      "y" : -0.309017,
      "z" : -2.427051
    } ],
    "faces" : [ {
      "vertices" : [ 2, 6, 8 ]
    }, {
      "vertices" : [ 4, 12, 10, 7 ]
    }, {
      "vertices" : [ 2, 8, 7 ]
    }, {
      "vertices" : [ 3, 10, 6 ]
    }, {
      "vertices" : [ 3, 7, 10 ]
    }, {
      "vertices" : [ 0, 1, 2, 3 ]
    }, {
      "vertices" : [ 6, 10, 8 ]
    }, {
      "vertices" : [ 8, 10, 12, 11 ]
    }, {
      "vertices" : [ 2, 7, 3 ]
    }, {
      "vertices" : [ 0, 3, 6, 5 ]
    }, {
      "vertices" : [ 1, 5, 6, 2 ]
    }, {
      "vertices" : [ 4, 7, 8, 11 ]
    } ]
  }, {
    "id" : "aacd986b-9d2e-42e6-aaa1-4ffc46ab5533",
    "name" : "ball",
    "vertices" : [ {
      "x" : 0.309017,
      "y" : -0.809017,
      "z" : 0.618034
    }, {
      "x" : 0.809017,
      "y" : -0.618034,
      "z" : 0.309017
    }, {
      "x" : 0.618034,
      "y" : -0.309017,
      "z" : 0.809017
    }, {
      "x" : 1.0,
      "y" : 0.309017,
      "z" : 0.19098301
    }, {
      "x" : 0.809017,
      "y" : 0.618034,
      "z" : 0.309017
    }, {
      "x" : 0.618034,
      "y" : 0.309017,
      "z" : 0.809017
    }, {
      "x" : 0.809017,
      "y" : 0.0,
      "z" : 0.690983
    }, {
      "x" : 0.19098301,
      "y" : -1.0,
      "z" : 0.309017
    }, {
      "x" : -0.19098301,
      "y" : -1.0,
      "z" : 0.309017
    }, {
      "x" : -0.19098301,
      "y" : -1.0,
      "z" : -0.309017
    }, {
      "x" : 0.19098301,
      "y" : -1.0,
      "z" : -0.309017
    }, {
      "x" : 1.0,
      "y" : -0.309017,
      "z" : -0.19098301
    }, {
      "x" : 0.809017,
      "y" : -0.618034,
      "z" : -0.309017
    }, {
      "x" : 0.618034,
      "y" : -0.309017,
      "z" : -0.809017
    }, {
      "x" : 0.809017,
      "y" : 0.0,
      "z" : -0.690983
    }, {
      "x" : 0.0,
      "y" : 0.690983,
      "z" : -0.809017
    }, {
      "x" : 0.309017,
      "y" : 0.809017,
      "z" : -0.618034
    }, {
      "x" : 0.618034,
      "y" : 0.309017,
      "z" : -0.809017
    }, {
      "x" : 0.309017,
      "y" : 0.19098301,
      "z" : -1.0
    }, {
      "x" : 1.0,
      "y" : 0.309017,
      "z" : -0.19098301
    }, {
      "x" : -0.309017,
      "y" : -0.809017,
      "z" : 0.618034
    }, {
      "x" : 0.0,
      "y" : -0.690983,
      "z" : 0.809017
    }, {
      "x" : 0.809017,
      "y" : 0.618034,
      "z" : -0.309017
    }, {
      "x" : 0.690983,
      "y" : 0.809017,
      "z" : 0.0
    }, {
      "x" : -0.690983,
      "y" : 0.809017,
      "z" : 0.0
    }, {
      "x" : -0.809017,
      "y" : 0.618034,
      "z" : 0.309017
    }, {
      "x" : -0.309017,
      "y" : 0.809017,
      "z" : 0.618034
    }, {
      "x" : -0.19098301,
      "y" : 1.0,
      "z" : 0.309017
    }, {
      "x" : 0.309017,
      "y" : -0.19098301,
      "z" : -1.0
    }, {
      "x" : 0.19098301,
      "y" : 1.0,
      "z" : 0.309017
    }, {
      "x" : 0.309017,
      "y" : 0.809017,
      "z" : 0.618034
    }, {
      "x" : -0.809017,
      "y" : -0.618034,
      "z" : 0.309017
    }, {
      "x" : -0.690983,
      "y" : -0.809017,
      "z" : 0.0
    }, {
      "x" : 0.0,
      "y" : 0.690983,
      "z" : 0.809017
    }, {
      "x" : 0.309017,
      "y" : -0.809017,
      "z" : -0.618034
    }, {
      "x" : 0.0,
      "y" : -0.690983,
      "z" : -0.809017
    }, {
      "x" : -1.0,
      "y" : 0.309017,
      "z" : 0.19098301
    }, {
      "x" : -0.809017,
      "y" : 0.0,
      "z" : 0.690983
    }, {
      "x" : -0.618034,
      "y" : 0.309017,
      "z" : 0.809017
    }, {
      "x" : 1.0,
      "y" : -0.309017,
      "z" : 0.19098301
    }, {
      "x" : -0.309017,
      "y" : -0.809017,
      "z" : -0.618034
    }, {
      "x" : -1.0,
      "y" : 0.309017,
      "z" : -0.19098301
    }, {
      "x" : -1.0,
      "y" : -0.309017,
      "z" : -0.19098301
    }, {
      "x" : -1.0,
      "y" : -0.309017,
      "z" : 0.19098301
    }, {
      "x" : 0.19098301,
      "y" : 1.0,
      "z" : -0.309017
    }, {
      "x" : -0.809017,
      "y" : 0.618034,
      "z" : -0.309017
    }, {
      "x" : -0.19098301,
      "y" : 1.0,
      "z" : -0.309017
    }, {
      "x" : -0.309017,
      "y" : 0.809017,
      "z" : -0.618034
    }, {
      "x" : -0.618034,
      "y" : -0.309017,
      "z" : 0.809017
    }, {
      "x" : 0.309017,
      "y" : 0.19098301,
      "z" : 1.0
    }, {
      "x" : -0.309017,
      "y" : 0.19098301,
      "z" : -1.0
    }, {
      "x" : -0.309017,
      "y" : 0.19098301,
      "z" : 1.0
    }, {
      "x" : -0.309017,
      "y" : -0.19098301,
      "z" : 1.0
    }, {
      "x" : 0.309017,
      "y" : -0.19098301,
      "z" : 1.0
    }, {
      "x" : 0.690983,
      "y" : -0.809017,
      "z" : 0.0
    }, {
      "x" : -0.809017,
      "y" : 0.0,
      "z" : -0.690983
    }, {
      "x" : -0.618034,
      "y" : -0.309017,
      "z" : -0.809017
    }, {
      "x" : -0.309017,
      "y" : -0.19098301,
      "z" : -1.0
    }, {
      "x" : -0.618034,
      "y" : 0.309017,
      "z" : -0.809017
    }, {
      "x" : -0.809017,
      "y" : -0.618034,
      "z" : -0.309017
    } ],
    "faces" : [ {
      "vertices" : [ 9, 40, 35, 34, 10 ]
    }, {
      "vertices" : [ 0, 1, 2 ]
    }, {
      "vertices" : [ 33, 51, 49 ]
    }, {
      "vertices" : [ 25, 36, 37, 38 ]
    }, {
      "vertices" : [ 41, 55, 42 ]
    }, {
      "vertices" : [ 9, 32, 59, 40 ]
    }, {
      "vertices" : [ 20, 21, 52, 48 ]
    }, {
      "vertices" : [ 26, 33, 30, 29, 27 ]
    }, {
      "vertices" : [ 3, 4, 5, 6 ]
    }, {
      "vertices" : [ 27, 29, 44, 46 ]
    }, {
      "vertices" : [ 50, 57, 56, 55, 58 ]
    }, {
      "vertices" : [ 26, 38, 51, 33 ]
    }, {
      "vertices" : [ 45, 47, 58 ]
    }, {
      "vertices" : [ 18, 28, 57, 50 ]
    }, {
      "vertices" : [ 40, 59, 56 ]
    }, {
      "vertices" : [ 31, 48, 37, 43 ]
    }, {
      "vertices" : [ 7, 8, 9, 10 ]
    }, {
      "vertices" : [ 36, 41, 42, 43 ]
    }, {
      "vertices" : [ 24, 46, 47, 45 ]
    }, {
      "vertices" : [ 4, 30, 5 ]
    }, {
      "vertices" : [ 15, 47, 46, 44, 16 ]
    }, {
      "vertices" : [ 15, 50, 58, 47 ]
    }, {
      "vertices" : [ 24, 45, 41, 36, 25 ]
    }, {
      "vertices" : [ 11, 14, 19 ]
    }, {
      "vertices" : [ 3, 6, 39 ]
    }, {
      "vertices" : [ 1, 39, 6, 2 ]
    }, {
      "vertices" : [ 8, 32, 9 ]
    }, {
      "vertices" : [ 11, 12, 13, 14 ]
    }, {
      "vertices" : [ 16, 22, 17 ]
    }, {
      "vertices" : [ 0, 21, 20, 8, 7 ]
    }, {
      "vertices" : [ 12, 34, 13 ]
    }, {
      "vertices" : [ 35, 40, 56, 57 ]
    }, {
      "vertices" : [ 0, 7, 54, 1 ]
    }, {
      "vertices" : [ 15, 16, 17, 18 ]
    }, {
      "vertices" : [ 3, 19, 22, 23, 4 ]
    }, {
      "vertices" : [ 7, 10, 54 ]
    }, {
      "vertices" : [ 41, 45, 58, 55 ]
    }, {
      "vertices" : [ 3, 39, 11, 19 ]
    }, {
      "vertices" : [ 14, 17, 22, 19 ]
    }, {
      "vertices" : [ 0, 2, 53, 21 ]
    }, {
      "vertices" : [ 49, 51, 52, 53 ]
    }, {
      "vertices" : [ 31, 43, 42, 59, 32 ]
    }, {
      "vertices" : [ 15, 18, 50 ]
    }, {
      "vertices" : [ 42, 55, 56, 59 ]
    }, {
      "vertices" : [ 4, 23, 29, 30 ]
    }, {
      "vertices" : [ 25, 38, 26 ]
    }, {
      "vertices" : [ 13, 28, 18, 17, 14 ]
    }, {
      "vertices" : [ 8, 20, 31, 32 ]
    }, {
      "vertices" : [ 23, 44, 29 ]
    }, {
      "vertices" : [ 24, 27, 46 ]
    }, {
      "vertices" : [ 37, 48, 52, 51, 38 ]
    }, {
      "vertices" : [ 20, 48, 31 ]
    }, {
      "vertices" : [ 24, 25, 26, 27 ]
    }, {
      "vertices" : [ 16, 44, 23, 22 ]
    }, {
      "vertices" : [ 13, 34, 35, 28 ]
    }, {
      "vertices" : [ 10, 34, 12, 54 ]
    }, {
      "vertices" : [ 2, 6, 5, 49, 53 ]
    }, {
      "vertices" : [ 36, 43, 37 ]
    }, {
      "vertices" : [ 5, 30, 33, 49 ]
    }, {
      "vertices" : [ 1, 54, 12, 11, 39 ]
    }, {
      "vertices" : [ 28, 35, 57 ]
    }, {
      "vertices" : [ 21, 53, 52 ]
    } ]
  }, {
    "id" : "8fbdbc86-198a-46da-b92e-7b4343e9231c",
    "orbit" : "blue",
    "orbitC" : "[[0,0,1],[0,0,1]]",
    "length" : "[-53,38,12]",
    "name" : " :-53/12 +19/6*phi",
    "vertices" : [ {
      "x" : 4.990712,
      "y" : 0.309017,
      "z" : 0.19098301
    }, {
      "x" : 4.990712,
      "y" : 0.309017,
      "z" : -0.19098301
    }, {
      "x" : 1.0,
      "y" : 0.309017,
      "z" : -0.19098301
    }, {
      "x" : 1.0,
      "y" : 0.309017,
      "z" : 0.19098301
    }, {
      "x" : 4.990712,
      "y" : -0.309017,
      "z" : 0.19098301
    }, {
      "x" : 1.0,
      "y" : -0.309017,
      "z" : 0.19098301
    }, {
      "x" : 1.0,
      "y" : -0.309017,
      "z" : -0.19098301
    }, {
      "x" : 4.990712,
      "y" : -0.309017,
      "z" : -0.19098301
    }, {
      "x" : 5.990712,
      "y" : 0.0,
      "z" : 0.0
    } ],
    "faces" : [ {
      "vertices" : [ 1, 7, 6, 2 ]
    }, {
      "vertices" : [ 0, 1, 2, 3 ]
    }, {
      "vertices" : [ 4, 5, 6, 7 ]
    }, {
      "vertices" : [ 0, 3, 5, 4 ]
    } ]
  }, {
    "id" : "132bae5c-eaff-43a0-8c44-322b174e538b",
    "orbit" : "green",
    "orbitC" : "[[2,-1,1],[5,-3,1]]",
    "length" : "[1,0,1]",
    "name" : "g1",
    "vertices" : [ {
      "x" : 9.376644,
      "y" : 3.3905764,
      "z" : -1.486068
    }, {
      "x" : 10.399187,
      "y" : 3.427051,
      "z" : -1.618034
    }, {
      "x" : 9.376644,
      "y" : 3.3905764,
      "z" : -1.104102
    }, {
      "x" : 9.185661,
      "y" : 3.6995935,
      "z" : -1.604102
    }, {
      "x" : 9.185661,
      "y" : 3.6995935,
      "z" : -1.2221359
    }, {
      "x" : 0.809017,
      "y" : 0.618034,
      "z" : 0.309017
    }, {
      "x" : 1.0,
      "y" : 0.309017,
      "z" : 0.19098301
    }, {
      "x" : 1.9045085,
      "y" : 0.5364745,
      "z" : -0.013932022
    }, {
      "x" : 10.09017,
      "y" : 3.927051,
      "z" : -1.809017
    }, {
      "x" : 10.281153,
      "y" : 3.618034,
      "z" : -1.927051
    }, {
      "x" : 10.281153,
      "y" : 3.618034,
      "z" : -1.309017
    }, {
      "x" : 10.09017,
      "y" : 3.927051,
      "z" : -1.427051
    }, {
      "x" : 1.7135255,
      "y" : 0.8454915,
      "z" : -0.13196601
    }, {
      "x" : 0.690983,
      "y" : 0.809017,
      "z" : 0.0
    }, {
      "x" : 1.9045085,
      "y" : 0.5364745,
      "z" : -0.39589804
    }, {
      "x" : 1.7135255,
      "y" : 0.8454915,
      "z" : -0.51393205
    }, {
      "x" : 0.809017,
      "y" : 0.618034,
      "z" : -0.309017
    }, {
      "x" : 1.0,
      "y" : 0.309017,
      "z" : -0.19098301
    }, {
      "x" : 11.09017,
      "y" : 4.236068,
      "z" : -1.618034
    } ],
    "faces" : [ {
      "vertices" : [ 0, 14, 15, 3 ]
    }, {
      "vertices" : [ 3, 15, 12, 4 ]
    }, {
      "vertices" : [ 0, 1, 2 ]
    }, {
      "vertices" : [ 12, 15, 13 ]
    }, {
      "vertices" : [ 0, 9, 1 ]
    }, {
      "vertices" : [ 0, 3, 9 ]
    }, {
      "vertices" : [ 13, 15, 16 ]
    }, {
      "vertices" : [ 6, 17, 14, 7 ]
    }, {
      "vertices" : [ 1, 10, 2 ]
    }, {
      "vertices" : [ 5, 6, 7 ]
    }, {
      "vertices" : [ 3, 8, 9 ]
    }, {
      "vertices" : [ 0, 2, 7, 14 ]
    }, {
      "vertices" : [ 5, 7, 12 ]
    }, {
      "vertices" : [ 2, 4, 12, 7 ]
    }, {
      "vertices" : [ 3, 4, 11, 8 ]
    }, {
      "vertices" : [ 2, 10, 11, 4 ]
    }, {
      "vertices" : [ 5, 12, 13 ]
    }, {
      "vertices" : [ 14, 17, 16, 15 ]
    } ]
  }, {
    "id" : "8568e76d-74ff-4821-9ae5-9f6dbc638c5b",
    "orbit" : "blue",
    "orbitC" : "[[0,0,1],[0,0,1]]",
    "length" : "[180,456,649]",
    "name" : " :180/649 +456/649*phi",
    "vertices" : [ {
      "x" : 10.981395,
      "y" : 0.309017,
      "z" : 0.19098301
    }, {
      "x" : 10.981395,
      "y" : 0.309017,
      "z" : -0.19098301
    }, {
      "x" : 1.0,
      "y" : 0.309017,
      "z" : -0.19098301
    }, {
      "x" : 1.0,
      "y" : 0.309017,
      "z" : 0.19098301
    }, {
      "x" : 10.981395,
      "y" : -0.309017,
      "z" : 0.19098301
    }, {
      "x" : 1.0,
      "y" : -0.309017,
      "z" : 0.19098301
    }, {
      "x" : 1.0,
      "y" : -0.309017,
      "z" : -0.19098301
    }, {
      "x" : 10.981395,
      "y" : -0.309017,
      "z" : -0.19098301
    }, {
      "x" : 11.981395,
      "y" : 0.0,
      "z" : 0.0
    } ],
    "faces" : [ {
      "vertices" : [ 1, 7, 6, 2 ]
    }, {
      "vertices" : [ 0, 1, 2, 3 ]
    }, {
      "vertices" : [ 4, 5, 6, 7 ]
    }, {
      "vertices" : [ 0, 3, 5, 4 ]
    } ]
  }, {
    "id" : "6b5df182-32ce-4db2-b244-868aedf54079",
    "orbit" : "green",
    "orbitC" : "[[2,-1,1],[5,-3,1]]",
    "length" : "[-53,38,12]",
    "name" : " :-53/12 +19/6*phi",
    "vertices" : [ {
      "x" : 6.1284184,
      "y" : 2.1498644,
      "z" : -1.0121582
    }, {
      "x" : 7.150961,
      "y" : 2.186339,
      "z" : -1.1441242
    }, {
      "x" : 6.1284184,
      "y" : 2.1498644,
      "z" : -0.63019216
    }, {
      "x" : 5.937435,
      "y" : 2.4588814,
      "z" : -1.1301922
    }, {
      "x" : 5.937435,
      "y" : 2.4588814,
      "z" : -0.74822617
    }, {
      "x" : 0.809017,
      "y" : 0.618034,
      "z" : 0.309017
    }, {
      "x" : 1.0,
      "y" : 0.309017,
      "z" : 0.19098301
    }, {
      "x" : 1.9045085,
      "y" : 0.5364745,
      "z" : -0.013932022
    }, {
      "x" : 6.8419437,
      "y" : 2.686339,
      "z" : -1.3351072
    }, {
      "x" : 7.032927,
      "y" : 2.377322,
      "z" : -1.4531412
    }, {
      "x" : 7.032927,
      "y" : 2.377322,
      "z" : -0.8351072
    }, {
      "x" : 6.8419437,
      "y" : 2.686339,
      "z" : -0.95314115
    }, {
      "x" : 1.7135255,
      "y" : 0.8454915,
      "z" : -0.13196601
    }, {
      "x" : 0.690983,
      "y" : 0.809017,
      "z" : 0.0
    }, {
      "x" : 1.9045085,
      "y" : 0.5364745,
      "z" : -0.39589804
    }, {
      "x" : 1.7135255,
      "y" : 0.8454915,
      "z" : -0.51393205
    }, {
      "x" : 0.809017,
      "y" : 0.618034,
      "z" : -0.309017
    }, {
      "x" : 1.0,
      "y" : 0.309017,
      "z" : -0.19098301
    }, {
      "x" : 7.8419437,
      "y" : 2.995356,
      "z" : -1.1441242
    } ],
    "faces" : [ {
      "vertices" : [ 0, 14, 15, 3 ]
    }, {
      "vertices" : [ 3, 15, 12, 4 ]
    }, {
      "vertices" : [ 0, 1, 2 ]
    }, {
      "vertices" : [ 12, 15, 13 ]
    }, {
      "vertices" : [ 0, 9, 1 ]
    }, {
      "vertices" : [ 0, 3, 9 ]
    }, {
      "vertices" : [ 13, 15, 16 ]
    }, {
      "vertices" : [ 6, 17, 14, 7 ]
    }, {
      "vertices" : [ 1, 10, 2 ]
    }, {
      "vertices" : [ 5, 6, 7 ]
    }, {
      "vertices" : [ 3, 8, 9 ]
    }, {
      "vertices" : [ 0, 2, 7, 14 ]
    }, {
      "vertices" : [ 5, 7, 12 ]
    }, {
      "vertices" : [ 2, 4, 12, 7 ]
    }, {
      "vertices" : [ 3, 4, 11, 8 ]
    }, {
      "vertices" : [ 2, 10, 11, 4 ]
    }, {
      "vertices" : [ 5, 12, 13 ]
    }, {
      "vertices" : [ 14, 17, 16, 15 ]
    } ]
  } ],
  "instances" : [ {
    "shape" : "1c0d2ae0-1d48-4bff-ba6a-0e172d2a17a6",
    "color" : "#008EC2",
    "position" : {
      "x" : 4.236068,
      "y" : -61.403767,
      "z" : -17.387308
    },
    "orientation" : 2
  }, {
    "shape" : "1c0d2ae0-1d48-4bff-ba6a-0e172d2a17a6",
    "color" : "#008EC2",
    "position" : {
      "x" : -22.934969,
      "y" : 42.704865,
      "z" : 15.632679
    },
    "orientation" : 16
  }, {
    "shape" : "ed8afcca-a434-4bde-92af-1a837bd08ecb",
    "color" : "#FFB31A",
    "position" : {
      "x" : 0.0,
      "y" : -57.167698,
      "z" : -21.623377
    },
    "orientation" : 5
  }, {
    "shape" : "aacd986b-9d2e-42e6-aaa1-4ffc46ab5533",
    "color" : "#0000FF",
    "position" : {
      "x" : -8.472136,
      "y" : -57.167698,
      "z" : -30.095512
    }
  }, {
    "shape" : "1c0d2ae0-1d48-4bff-ba6a-0e172d2a17a6",
    "color" : "#008EC2",
    "position" : {
      "x" : -4.236068,
      "y" : 18.698915,
      "z" : 10.22678
    },
    "orientation" : 0
  }, {
    "shape" : "8fbdbc86-198a-46da-b92e-7b4343e9231c",
    "color" : "#008EC2",
    "position" : {
      "x" : 14.462848,
      "y" : 0.0,
      "z" : 8.472136
    },
    "orientation" : 2
  }, {
    "shape" : "132bae5c-eaff-43a0-8c44-322b174e538b",
    "color" : "#00993F",
    "position" : {
      "x" : -14.462833,
      "y" : 63.158394,
      "z" : 24.104815
    },
    "orientation" : 23
  }, {
    "shape" : "ed8afcca-a434-4bde-92af-1a837bd08ecb",
    "color" : "#FFB31A",
    "position" : {
      "x" : 4.236068,
      "y" : -27.515223,
      "z" : -42.803715
    },
    "orientation" : 4
  }, {
    "shape" : "ed8afcca-a434-4bde-92af-1a837bd08ecb",
    "color" : "#FFB31A",
    "position" : {
      "x" : 12.708204,
      "y" : -27.515223,
      "z" : -34.33158
    },
    "orientation" : 4
  }, {
    "shape" : "8fbdbc86-198a-46da-b92e-7b4343e9231c",
    "color" : "#008EC2",
    "position" : {
      "x" : -14.462848,
      "y" : 0.0,
      "z" : 8.472136
    },
    "orientation" : 2
  }, {
    "shape" : "ed8afcca-a434-4bde-92af-1a837bd08ecb",
    "color" : "#FFB31A",
    "position" : {
      "x" : 21.18034,
      "y" : -35.98736,
      "z" : -25.859444
    },
    "orientation" : 24
  }, {
    "shape" : "aacd986b-9d2e-42e6-aaa1-4ffc46ab5533",
    "color" : "#00FF00",
    "position" : {
      "x" : 8.472136,
      "y" : 14.462848,
      "z" : 14.462848
    }
  }, {
    "shape" : "1c0d2ae0-1d48-4bff-ba6a-0e172d2a17a6",
    "color" : "#008EC2",
    "position" : {
      "x" : -4.236068,
      "y" : -61.403767,
      "z" : -17.387308
    },
    "orientation" : 2
  }, {
    "shape" : "aacd986b-9d2e-42e6-aaa1-4ffc46ab5533",
    "color" : "#FFFFFF",
    "position" : {
      "x" : 12.708204,
      "y" : -52.93163,
      "z" : -42.803715
    }
  }, {
    "shape" : "1c0d2ae0-1d48-4bff-ba6a-0e172d2a17a6",
    "color" : "#008EC2",
    "position" : {
      "x" : -14.462833,
      "y" : 71.63053,
      "z" : 36.08621
    },
    "orientation" : 2
  }, {
    "shape" : "aacd986b-9d2e-42e6-aaa1-4ffc46ab5533",
    "color" : "#FFFF00",
    "position" : {
      "x" : 0.0,
      "y" : -40.223427,
      "z" : -4.6791043
    }
  }, {
    "shape" : "ed8afcca-a434-4bde-92af-1a837bd08ecb",
    "color" : "#FFB31A",
    "position" : {
      "x" : 21.18034,
      "y" : -35.98736,
      "z" : -17.387308
    },
    "orientation" : 24
  }, {
    "shape" : "aacd986b-9d2e-42e6-aaa1-4ffc46ab5533",
    "color" : "#FF0000",
    "position" : {
      "x" : 18.698915,
      "y" : -4.236068,
      "z" : -10.22678
    }
  }, {
    "shape" : "132bae5c-eaff-43a0-8c44-322b174e538b",
    "color" : "#00993F",
    "position" : {
      "x" : 21.18034,
      "y" : -35.98736,
      "z" : -25.859444
    },
    "orientation" : 51
  }, {
    "shape" : "1c0d2ae0-1d48-4bff-ba6a-0e172d2a17a6",
    "color" : "#008EC2",
    "position" : {
      "x" : -14.462833,
      "y" : 54.68626,
      "z" : 53.030483
    },
    "orientation" : 1
  }, {
    "shape" : "ed8afcca-a434-4bde-92af-1a837bd08ecb",
    "color" : "#FFB31A",
    "position" : {
      "x" : -14.462848,
      "y" : -8.472136,
      "z" : -14.462848
    },
    "orientation" : 3
  }, {
    "shape" : "ed8afcca-a434-4bde-92af-1a837bd08ecb",
    "color" : "#FFB31A",
    "position" : {
      "x" : 4.236068,
      "y" : 18.698915,
      "z" : -10.22678
    },
    "orientation" : 24
  }, {
    "shape" : "8568e76d-74ff-4821-9ae5-9f6dbc638c5b",
    "color" : "#008EC2",
    "position" : {
      "x" : -5.9906974,
      "y" : 34.232727,
      "z" : 15.632679
    },
    "orientation" : 0
  }, {
    "shape" : "aacd986b-9d2e-42e6-aaa1-4ffc46ab5533",
    "color" : "#0000FF",
    "position" : {
      "x" : 8.472136,
      "y" : -57.167698,
      "z" : -30.095512
    }
  }, {
    "shape" : "1c0d2ae0-1d48-4bff-ba6a-0e172d2a17a6",
    "color" : "#008EC2",
    "position" : {
      "x" : 5.9906974,
      "y" : 34.232727,
      "z" : 15.632679
    },
    "orientation" : 16
  }, {
    "shape" : "aacd986b-9d2e-42e6-aaa1-4ffc46ab5533",
    "color" : "#0000FF",
    "position" : {
      "x" : 22.934969,
      "y" : 34.232727,
      "z" : 44.558346
    }
  }, {
    "shape" : "ed8afcca-a434-4bde-92af-1a837bd08ecb",
    "color" : "#FFB31A",
    "position" : {
      "x" : -4.236068,
      "y" : -61.403767,
      "z" : -51.275852
    },
    "orientation" : 3
  }, {
    "shape" : "ed8afcca-a434-4bde-92af-1a837bd08ecb",
    "color" : "#FFB31A",
    "position" : {
      "x" : 0.0,
      "y" : 14.462848,
      "z" : 8.472136
    },
    "orientation" : 3
  }, {
    "shape" : "132bae5c-eaff-43a0-8c44-322b174e538b",
    "color" : "#00993F",
    "position" : {
      "x" : -21.18034,
      "y" : -44.459496,
      "z" : -42.803715
    },
    "orientation" : 7
  }, {
    "shape" : "8fbdbc86-198a-46da-b92e-7b4343e9231c",
    "color" : "#008EC2",
    "position" : {
      "x" : -4.236068,
      "y" : 18.698915,
      "z" : -4.236068
    },
    "orientation" : 47
  }, {
    "shape" : "132bae5c-eaff-43a0-8c44-322b174e538b",
    "color" : "#00993F",
    "position" : {
      "x" : 12.708204,
      "y" : -52.93163,
      "z" : -17.387308
    },
    "orientation" : 22
  }, {
    "shape" : "1c0d2ae0-1d48-4bff-ba6a-0e172d2a17a6",
    "color" : "#008EC2",
    "position" : {
      "x" : -14.462833,
      "y" : 63.158394,
      "z" : 24.104815
    },
    "orientation" : 1
  }, {
    "shape" : "132bae5c-eaff-43a0-8c44-322b174e538b",
    "color" : "#00993F",
    "position" : {
      "x" : 0.0,
      "y" : -74.11197,
      "z" : -38.56765
    },
    "orientation" : 8
  }, {
    "shape" : "aacd986b-9d2e-42e6-aaa1-4ffc46ab5533",
    "color" : "#0000FF",
    "position" : {
      "x" : 0.0,
      "y" : -14.462848,
      "z" : 8.472136
    }
  }, {
    "shape" : "aacd986b-9d2e-42e6-aaa1-4ffc46ab5533",
    "color" : "#FF0000",
    "position" : {
      "x" : 4.236068,
      "y" : -18.698915,
      "z" : -10.22678
    }
  }, {
    "shape" : "aacd986b-9d2e-42e6-aaa1-4ffc46ab5533",
    "color" : "#00FF00",
    "position" : {
      "x" : 5.9906974,
      "y" : 63.158394,
      "z" : 15.632679
    }
  }, {
    "shape" : "aacd986b-9d2e-42e6-aaa1-4ffc46ab5533",
    "color" : "#FFFF00",
    "position" : {
      "x" : -22.934969,
      "y" : 34.232727,
      "z" : 24.104815
    }
  }, {
    "shape" : "132bae5c-eaff-43a0-8c44-322b174e538b",
    "color" : "#00993F",
    "position" : {
      "x" : -22.934969,
      "y" : 34.232727,
      "z" : 44.558346
    },
    "orientation" : 21
  }, {
    "shape" : "1c0d2ae0-1d48-4bff-ba6a-0e172d2a17a6",
    "color" : "#008EC2",
    "position" : {
      "x" : 25.416409,
      "y" : -40.223427,
      "z" : -21.623377
    },
    "orientation" : 16
  }, {
    "shape" : "132bae5c-eaff-43a0-8c44-322b174e538b",
    "color" : "#00993F",
    "position" : {
      "x" : -5.9906974,
      "y" : 63.158394,
      "z" : 7.160543
    },
    "orientation" : 36
  }, {
    "shape" : "132bae5c-eaff-43a0-8c44-322b174e538b",
    "color" : "#00993F",
    "position" : {
      "x" : 12.708204,
      "y" : -69.8759,
      "z" : -34.33158
    },
    "orientation" : 53
  }, {
    "shape" : "aacd986b-9d2e-42e6-aaa1-4ffc46ab5533",
    "color" : "#FF0000",
    "position" : {
      "x" : -8.472136,
      "y" : -74.11197,
      "z" : -38.56765
    }
  }, {
    "shape" : "aacd986b-9d2e-42e6-aaa1-4ffc46ab5533",
    "color" : "#FFFF00",
    "position" : {
      "x" : 0.0,
      "y" : -74.11197,
      "z" : -38.56765
    }
  }, {
    "shape" : "ed8afcca-a434-4bde-92af-1a837bd08ecb",
    "color" : "#FFB31A",
    "position" : {
      "x" : -4.236068,
      "y" : -10.22678,
      "z" : -4.236068
    },
    "orientation" : 39
  }, {
    "shape" : "1c0d2ae0-1d48-4bff-ba6a-0e172d2a17a6",
    "color" : "#008EC2",
    "position" : {
      "x" : -4.236068,
      "y" : -10.22678,
      "z" : -18.698915
    },
    "orientation" : 0
  }, {
    "shape" : "1c0d2ae0-1d48-4bff-ba6a-0e172d2a17a6",
    "color" : "#008EC2",
    "position" : {
      "x" : -25.416409,
      "y" : -40.223427,
      "z" : -38.56765
    },
    "orientation" : 16
  }, {
    "shape" : "132bae5c-eaff-43a0-8c44-322b174e538b",
    "color" : "#00993F",
    "position" : {
      "x" : 12.708204,
      "y" : -61.403767,
      "z" : -25.859444
    },
    "orientation" : 38
  }, {
    "shape" : "aacd986b-9d2e-42e6-aaa1-4ffc46ab5533",
    "color" : "#00FF00",
    "position" : {
      "x" : -10.22678,
      "y" : 4.236068,
      "z" : -18.698915
    }
  }, {
    "shape" : "ed8afcca-a434-4bde-92af-1a837bd08ecb",
    "color" : "#FFB31A",
    "position" : {
      "x" : -18.698915,
      "y" : -4.236068,
      "z" : 10.22678
    },
    "orientation" : 9
  }, {
    "shape" : "aacd986b-9d2e-42e6-aaa1-4ffc46ab5533",
    "color" : "#FFFFFF",
    "position" : {
      "x" : -12.708204,
      "y" : -69.8759,
      "z" : -25.859444
    }
  }, {
    "shape" : "132bae5c-eaff-43a0-8c44-322b174e538b",
    "color" : "#00993F",
    "position" : {
      "x" : 14.462833,
      "y" : 71.63053,
      "z" : 44.558346
    },
    "orientation" : 37
  }, {
    "shape" : "1c0d2ae0-1d48-4bff-ba6a-0e172d2a17a6",
    "color" : "#008EC2",
    "position" : {
      "x" : 8.472136,
      "y" : -74.11197,
      "z" : -21.623377
    },
    "orientation" : 47
  }, {
    "shape" : "132bae5c-eaff-43a0-8c44-322b174e538b",
    "color" : "#00993F",
    "position" : {
      "x" : -12.708204,
      "y" : -35.98736,
      "z" : -25.859444
    },
    "orientation" : 8
  }, {
    "shape" : "ed8afcca-a434-4bde-92af-1a837bd08ecb",
    "color" : "#FFB31A",
    "position" : {
      "x" : 0.0,
      "y" : -14.462848,
      "z" : -14.462848
    },
    "orientation" : 54
  }, {
    "shape" : "132bae5c-eaff-43a0-8c44-322b174e538b",
    "color" : "#00993F",
    "position" : {
      "x" : 5.9906974,
      "y" : 71.63053,
      "z" : 44.558346
    },
    "orientation" : 37
  }, {
    "shape" : "aacd986b-9d2e-42e6-aaa1-4ffc46ab5533",
    "color" : "#FFFFFF",
    "position" : {
      "x" : 12.708204,
      "y" : -44.459496,
      "z" : -17.387308
    }
  }, {
    "shape" : "aacd986b-9d2e-42e6-aaa1-4ffc46ab5533",
    "color" : "#0000FF",
    "position" : {
      "x" : 14.462833,
      "y" : 25.760593,
      "z" : 44.558346
    }
  }, {
    "shape" : "aacd986b-9d2e-42e6-aaa1-4ffc46ab5533",
    "color" : "#FFFFFF",
    "position" : {
      "x" : -4.236068,
      "y" : -27.515223,
      "z" : -42.803715
    }
  }, {
    "shape" : "132bae5c-eaff-43a0-8c44-322b174e538b",
    "color" : "#00993F",
    "position" : {
      "x" : 22.934969,
      "y" : 34.232727,
      "z" : 44.558346
    },
    "orientation" : 36
  }, {
    "shape" : "1c0d2ae0-1d48-4bff-ba6a-0e172d2a17a6",
    "color" : "#008EC2",
    "position" : {
      "x" : 14.462833,
      "y" : 42.704865,
      "z" : 44.558346
    },
    "orientation" : 0
  }, {
    "shape" : "aacd986b-9d2e-42e6-aaa1-4ffc46ab5533",
    "color" : "#00FF00",
    "position" : {
      "x" : -5.9906974,
      "y" : 63.158394,
      "z" : 44.558346
    }
  }, {
    "shape" : "ed8afcca-a434-4bde-92af-1a837bd08ecb",
    "color" : "#FFB31A",
    "position" : {
      "x" : 4.236068,
      "y" : -10.22678,
      "z" : 4.236068
    },
    "orientation" : 39
  }, {
    "shape" : "8568e76d-74ff-4821-9ae5-9f6dbc638c5b",
    "color" : "#008EC2",
    "position" : {
      "x" : -22.934969,
      "y" : 42.704865,
      "z" : 44.558346
    },
    "orientation" : 1
  }, {
    "shape" : "1c0d2ae0-1d48-4bff-ba6a-0e172d2a17a6",
    "color" : "#008EC2",
    "position" : {
      "x" : 5.9906974,
      "y" : 25.760593,
      "z" : 15.632679
    },
    "orientation" : 0
  }, {
    "shape" : "132bae5c-eaff-43a0-8c44-322b174e538b",
    "color" : "#00993F",
    "position" : {
      "x" : -22.934969,
      "y" : 34.232727,
      "z" : 24.104815
    },
    "orientation" : 52
  }, {
    "shape" : "1c0d2ae0-1d48-4bff-ba6a-0e172d2a17a6",
    "color" : "#008EC2",
    "position" : {
      "x" : -10.22678,
      "y" : 4.236068,
      "z" : 4.236068
    },
    "orientation" : 16
  }, {
    "shape" : "8568e76d-74ff-4821-9ae5-9f6dbc638c5b",
    "color" : "#008EC2",
    "position" : {
      "x" : -14.462833,
      "y" : 54.68626,
      "z" : 53.030483
    },
    "orientation" : 16
  }, {
    "shape" : "132bae5c-eaff-43a0-8c44-322b174e538b",
    "color" : "#00993F",
    "position" : {
      "x" : -12.708204,
      "y" : -27.515223,
      "z" : -17.387308
    },
    "orientation" : 37
  }, {
    "shape" : "1c0d2ae0-1d48-4bff-ba6a-0e172d2a17a6",
    "color" : "#008EC2",
    "position" : {
      "x" : 4.236068,
      "y" : -61.403767,
      "z" : -42.803715
    },
    "orientation" : 47
  }, {
    "shape" : "aacd986b-9d2e-42e6-aaa1-4ffc46ab5533",
    "color" : "#FFFF00",
    "position" : {
      "x" : -5.9906974,
      "y" : 34.232727,
      "z" : 53.030483
    }
  }, {
    "shape" : "aacd986b-9d2e-42e6-aaa1-4ffc46ab5533",
    "color" : "#33FF00",
    "position" : {
      "x" : 8.472136,
      "y" : -74.11197,
      "z" : -38.56765
    }
  }, {
    "shape" : "ed8afcca-a434-4bde-92af-1a837bd08ecb",
    "color" : "#FFB31A",
    "position" : {
      "x" : 10.22678,
      "y" : 4.236068,
      "z" : 4.236068
    },
    "orientation" : 5
  }, {
    "shape" : "6b5df182-32ce-4db2-b244-868aedf54079",
    "color" : "#00993F",
    "position" : {
      "x" : 14.462848,
      "y" : -8.472136,
      "z" : 14.462848
    },
    "orientation" : 36
  }, {
    "shape" : "6b5df182-32ce-4db2-b244-868aedf54079",
    "color" : "#00993F",
    "position" : {
      "x" : -8.472136,
      "y" : -14.462848,
      "z" : 14.462848
    },
    "orientation" : 51
  }, {
    "shape" : "ed8afcca-a434-4bde-92af-1a837bd08ecb",
    "color" : "#FFB31A",
    "position" : {
      "x" : 12.708204,
      "y" : -27.515223,
      "z" : -17.387308
    },
    "orientation" : 54
  }, {
    "shape" : "aacd986b-9d2e-42e6-aaa1-4ffc46ab5533",
