{
  "polygons" : "true",
  "field" : "golden",
  "symmetry" : "icosahedral",
  "orientations" : [ [ 1.0, 0.0, 0.0, 0.0, 0.0, 1.0, 0.0, 0.0, 0.0, 0.0, 1.0, 0.0, 0.0, 0.0, 0.0, 1.0 ], [ 0.0, 0.0, 1.0, 0.0, 1.0, 0.0, 0.0, 0.0, 0.0, 1.0, 0.0, 0.0, 0.0, 0.0, 0.0, 1.0 ], [ 0.0, 1.0, 0.0, 0.0, 0.0, 0.0, 1.0, 0.0, 1.0, 0.0, 0.0, 0.0, 0.0, 0.0, 0.0, 1.0 ], [ 0.809017, 0.309017, 0.5, 0.0, 0.309017, 0.5, -0.809017, 0.0, -0.5, 0.809017, 0.309017, 0.0, 0.0, 0.0, 0.0, 1.0 ], [ -0.5, 0.809017, 0.309017, 0.0, 0.809017, 0.309017, 0.5, 0.0, 0.309017, 0.5, -0.809017, 0.0, 0.0, 0.0, 0.0, 1.0 ], [ 0.309017, 0.5, -0.809017, 0.0, -0.5, 0.809017, 0.309017, 0.0, 0.809017, 0.309017, 0.5, 0.0, 0.0, 0.0, 0.0, 1.0 ], [ 0.5, 0.809017, 0.309017, 0.0, 0.809017, -0.309017, -0.5, 0.0, -0.309017, 0.5, -0.809017, 0.0, 0.0, 0.0, 0.0, 1.0 ], [ -0.309017, 0.5, -0.809017, 0.0, 0.5, 0.809017, 0.309017, 0.0, 0.809017, -0.309017, -0.5, 0.0, 0.0, 0.0, 0.0, 1.0 ], [ 0.809017, -0.309017, -0.5, 0.0, -0.309017, 0.5, -0.809017, 0.0, 0.5, 0.809017, 0.309017, 0.0, 0.0, 0.0, 0.0, 1.0 ], [ 0.5, 0.809017, -0.309017, 0.0, 0.809017, -0.309017, 0.5, 0.0, 0.309017, -0.5, -0.809017, 0.0, 0.0, 0.0, 0.0, 1.0 ], [ 0.309017, -0.5, -0.809017, 0.0, 0.5, 0.809017, -0.309017, 0.0, 0.809017, -0.309017, 0.5, 0.0, 0.0, 0.0, 0.0, 1.0 ], [ 0.809017, -0.309017, 0.5, 0.0, 0.309017, -0.5, -0.809017, 0.0, 0.5, 0.809017, -0.309017, 0.0, 0.0, 0.0, 0.0, 1.0 ], [ 0.809017, 0.309017, -0.5, 0.0, 0.309017, 0.5, 0.809017, 0.0, 0.5, -0.809017, 0.309017, 0.0, 0.0, 0.0, 0.0, 1.0 ], [ 0.5, -0.809017, 0.309017, 0.0, 0.809017, 0.309017, -0.5, 0.0, 0.309017, 0.5, 0.809017, 0.0, 0.0, 0.0, 0.0, 1.0 ], [ 0.309017, 0.5, 0.809017, 0.0, 0.5, -0.809017, 0.309017, 0.0, 0.809017, 0.309017, -0.5, 0.0, 0.0, 0.0, 0.0, 1.0 ], [ 1.0, 0.0, 0.0, 0.0, 0.0, -1.0, 0.0, 0.0, 0.0, 0.0, -1.0, 0.0, 0.0, 0.0, 0.0, 1.0 ], [ 0.0, 0.0, 1.0, 0.0, -1.0, 0.0, 0.0, 0.0, 0.0, -1.0, 0.0, 0.0, 0.0, 0.0, 0.0, 1.0 ], [ 0.0, 1.0, 0.0, 0.0, 0.0, 0.0, -1.0, 0.0, -1.0, 0.0, 0.0, 0.0, 0.0, 0.0, 0.0, 1.0 ], [ 0.809017, 0.309017, 0.5, 0.0, -0.309017, -0.5, 0.809017, 0.0, 0.5, -0.809017, -0.309017, 0.0, 0.0, 0.0, 0.0, 1.0 ], [ -0.5, 0.809017, 0.309017, 0.0, -0.809017, -0.309017, -0.5, 0.0, -0.309017, -0.5, 0.809017, 0.0, 0.0, 0.0, 0.0, 1.0 ], [ 0.309017, 0.5, -0.809017, 0.0, 0.5, -0.809017, -0.309017, 0.0, -0.809017, -0.309017, -0.5, 0.0, 0.0, 0.0, 0.0, 1.0 ], [ 0.5, 0.809017, 0.309017, 0.0, -0.809017, 0.309017, 0.5, 0.0, 0.309017, -0.5, 0.809017, 0.0, 0.0, 0.0, 0.0, 1.0 ], [ -0.309017, 0.5, -0.809017, 0.0, -0.5, -0.809017, -0.309017, 0.0, -0.809017, 0.309017, 0.5, 0.0, 0.0, 0.0, 0.0, 1.0 ], [ 0.809017, -0.309017, -0.5, 0.0, 0.309017, -0.5, 0.809017, 0.0, -0.5, -0.809017, -0.309017, 0.0, 0.0, 0.0, 0.0, 1.0 ], [ 0.5, 0.809017, -0.309017, 0.0, -0.809017, 0.309017, -0.5, 0.0, -0.309017, 0.5, 0.809017, 0.0, 0.0, 0.0, 0.0, 1.0 ], [ 0.309017, -0.5, -0.809017, 0.0, -0.5, -0.809017, 0.309017, 0.0, -0.809017, 0.309017, -0.5, 0.0, 0.0, 0.0, 0.0, 1.0 ], [ 0.809017, -0.309017, 0.5, 0.0, -0.309017, 0.5, 0.809017, 0.0, -0.5, -0.809017, 0.309017, 0.0, 0.0, 0.0, 0.0, 1.0 ], [ 0.809017, 0.309017, -0.5, 0.0, -0.309017, -0.5, -0.809017, 0.0, -0.5, 0.809017, -0.309017, 0.0, 0.0, 0.0, 0.0, 1.0 ], [ 0.5, -0.809017, 0.309017, 0.0, -0.809017, -0.309017, 0.5, 0.0, -0.309017, -0.5, -0.809017, 0.0, 0.0, 0.0, 0.0, 1.0 ], [ 0.309017, 0.5, 0.809017, 0.0, -0.5, 0.809017, -0.309017, 0.0, -0.809017, -0.309017, 0.5, 0.0, 0.0, 0.0, 0.0, 1.0 ], [ -1.0, 0.0, 0.0, 0.0, 0.0, -1.0, 0.0, 0.0, 0.0, 0.0, 1.0, 0.0, 0.0, 0.0, 0.0, 1.0 ], [ 0.0, 0.0, -1.0, 0.0, -1.0, 0.0, 0.0, 0.0, 0.0, 1.0, 0.0, 0.0, 0.0, 0.0, 0.0, 1.0 ], [ 0.0, -1.0, 0.0, 0.0, 0.0, 0.0, -1.0, 0.0, 1.0, 0.0, 0.0, 0.0, 0.0, 0.0, 0.0, 1.0 ], [ -0.809017, -0.309017, -0.5, 0.0, -0.309017, -0.5, 0.809017, 0.0, -0.5, 0.809017, 0.309017, 0.0, 0.0, 0.0, 0.0, 1.0 ], [ 0.5, -0.809017, -0.309017, 0.0, -0.809017, -0.309017, -0.5, 0.0, 0.309017, 0.5, -0.809017, 0.0, 0.0, 0.0, 0.0, 1.0 ], [ -0.309017, -0.5, 0.809017, 0.0, 0.5, -0.809017, -0.309017, 0.0, 0.809017, 0.309017, 0.5, 0.0, 0.0, 0.0, 0.0, 1.0 ], [ -0.5, -0.809017, -0.309017, 0.0, -0.809017, 0.309017, 0.5, 0.0, -0.309017, 0.5, -0.809017, 0.0, 0.0, 0.0, 0.0, 1.0 ], [ 0.309017, -0.5, 0.809017, 0.0, -0.5, -0.809017, -0.309017, 0.0, 0.809017, -0.309017, -0.5, 0.0, 0.0, 0.0, 0.0, 1.0 ], [ -0.809017, 0.309017, 0.5, 0.0, 0.309017, -0.5, 0.809017, 0.0, 0.5, 0.809017, 0.309017, 0.0, 0.0, 0.0, 0.0, 1.0 ], [ -0.5, -0.809017, 0.309017, 0.0, -0.809017, 0.309017, -0.5, 0.0, 0.309017, -0.5, -0.809017, 0.0, 0.0, 0.0, 0.0, 1.0 ], [ -0.309017, 0.5, 0.809017, 0.0, -0.5, -0.809017, 0.309017, 0.0, 0.809017, -0.309017, 0.5, 0.0, 0.0, 0.0, 0.0, 1.0 ], [ -0.809017, 0.309017, -0.5, 0.0, -0.309017, 0.5, 0.809017, 0.0, 0.5, 0.809017, -0.309017, 0.0, 0.0, 0.0, 0.0, 1.0 ], [ -0.809017, -0.309017, 0.5, 0.0, -0.309017, -0.5, -0.809017, 0.0, 0.5, -0.809017, 0.309017, 0.0, 0.0, 0.0, 0.0, 1.0 ], [ -0.5, 0.809017, -0.309017, 0.0, -0.809017, -0.309017, 0.5, 0.0, 0.309017, 0.5, 0.809017, 0.0, 0.0, 0.0, 0.0, 1.0 ], [ -0.309017, -0.5, -0.809017, 0.0, -0.5, 0.809017, -0.309017, 0.0, 0.809017, 0.309017, -0.5, 0.0, 0.0, 0.0, 0.0, 1.0 ], [ -1.0, 0.0, 0.0, 0.0, 0.0, 1.0, 0.0, 0.0, 0.0, 0.0, -1.0, 0.0, 0.0, 0.0, 0.0, 1.0 ], [ 0.0, 0.0, -1.0, 0.0, 1.0, 0.0, 0.0, 0.0, 0.0, -1.0, 0.0, 0.0, 0.0, 0.0, 0.0, 1.0 ], [ 0.0, -1.0, 0.0, 0.0, 0.0, 0.0, 1.0, 0.0, -1.0, 0.0, 0.0, 0.0, 0.0, 0.0, 0.0, 1.0 ], [ -0.809017, -0.309017, -0.5, 0.0, 0.309017, 0.5, -0.809017, 0.0, 0.5, -0.809017, -0.309017, 0.0, 0.0, 0.0, 0.0, 1.0 ], [ 0.5, -0.809017, -0.309017, 0.0, 0.809017, 0.309017, 0.5, 0.0, -0.309017, -0.5, 0.809017, 0.0, 0.0, 0.0, 0.0, 1.0 ], [ -0.309017, -0.5, 0.809017, 0.0, -0.5, 0.809017, 0.309017, 0.0, -0.809017, -0.309017, -0.5, 0.0, 0.0, 0.0, 0.0, 1.0 ], [ -0.5, -0.809017, -0.309017, 0.0, 0.809017, -0.309017, -0.5, 0.0, 0.309017, -0.5, 0.809017, 0.0, 0.0, 0.0, 0.0, 1.0 ], [ 0.309017, -0.5, 0.809017, 0.0, 0.5, 0.809017, 0.309017, 0.0, -0.809017, 0.309017, 0.5, 0.0, 0.0, 0.0, 0.0, 1.0 ], [ -0.809017, 0.309017, 0.5, 0.0, -0.309017, 0.5, -0.809017, 0.0, -0.5, -0.809017, -0.309017, 0.0, 0.0, 0.0, 0.0, 1.0 ], [ -0.5, -0.809017, 0.309017, 0.0, 0.809017, -0.309017, 0.5, 0.0, -0.309017, 0.5, 0.809017, 0.0, 0.0, 0.0, 0.0, 1.0 ], [ -0.309017, 0.5, 0.809017, 0.0, 0.5, 0.809017, -0.309017, 0.0, -0.809017, 0.309017, -0.5, 0.0, 0.0, 0.0, 0.0, 1.0 ], [ -0.809017, 0.309017, -0.5, 0.0, 0.309017, -0.5, -0.809017, 0.0, -0.5, -0.809017, 0.309017, 0.0, 0.0, 0.0, 0.0, 1.0 ], [ -0.809017, -0.309017, 0.5, 0.0, 0.309017, 0.5, 0.809017, 0.0, -0.5, 0.809017, -0.309017, 0.0, 0.0, 0.0, 0.0, 1.0 ], [ -0.5, 0.809017, -0.309017, 0.0, 0.809017, 0.309017, -0.5, 0.0, -0.309017, -0.5, -0.809017, 0.0, 0.0, 0.0, 0.0, 1.0 ], [ -0.309017, -0.5, -0.809017, 0.0, 0.5, -0.809017, 0.309017, 0.0, -0.809017, -0.309017, 0.5, 0.0, 0.0, 0.0, 0.0, 1.0 ] ],
  "lights" : {
    "backgroundColor" : "#AFC8DC",
    "directionalLights" : [ {
      "direction" : [ 1.0, -1.0, -1.0 ],
      "color" : "#EBEBE4"
    }, {
      "direction" : [ -1.0, 0.0, 0.0 ],
      "color" : "#E4E4EB"
    }, {
      "direction" : [ 0.0, 0.0, -1.0 ],
      "color" : "#1E1E1E"
    } ],
    "ambientColor" : "#292929"
  },
  "camera" : {
    "fieldOfView" : 0.44262883,
    "perspective" : true,
    "viewDistance" : 141.01686,
    "lookAtPointRV" : {
      "x" : 0.0,
      "y" : 0.0,
      "z" : 0.0,
      "zero" : true
    },
    "lookDirectionRV" : {
      "x" : 0.56157,
      "y" : -0.7512491,
      "z" : -0.3467629,
      "zero" : false
    },
    "upDirectionRV" : {
      "x" : 0.8274158,
      "y" : 0.51147413,
      "z" : 0.23186861,
      "zero" : false
    },
    "nearClipDistance" : 0.3525422,
    "lookDirection" : {
      "x" : 0.56157,
      "y" : -0.7512491,
      "z" : -0.3467629
    },
    "upDirection" : {
      "x" : 0.8274158,
      "y" : 0.51147413,
      "z" : 0.23186861
    },
    "lookAtPoint" : {
      "x" : 0.0,
      "y" : 0.0,
      "z" : 0.0
    },
    "stereo" : false,
    "farClipDistance" : 282.03366,
    "position" : {
      "x" : -79.190834,
      "y" : 105.93879,
      "z" : 48.899414
    },
    "width" : 63.45758
  },
  "embedding" : [ 1.0, 0.0, 0.0, 0.0, 0.0, 1.0, 0.0, 0.0, 0.0, 0.0, 1.0, 0.0, 0.0, 0.0, 0.0, 1.0 ],
  "shapes" : [ {
    "id" : "1bbc3713-a1ab-4252-b38b-622379bf4bfc",
    "orbit" : "blue",
    "orbitC" : "[[0,0,1],[0,0,1]]",
    "length" : "[1,0,1]",
    "name" : "b1",
    "vertices" : [ {
      "x" : 7.472136,
      "y" : 0.309017,
      "z" : 0.19098301
    }, {
      "x" : 7.472136,
      "y" : 0.309017,
      "z" : -0.19098301
    }, {
      "x" : 1.0,
      "y" : 0.309017,
      "z" : -0.19098301
    }, {
      "x" : 1.0,
      "y" : 0.309017,
      "z" : 0.19098301
    }, {
      "x" : 7.472136,
      "y" : -0.309017,
      "z" : 0.19098301
    }, {
      "x" : 1.0,
      "y" : -0.309017,
      "z" : 0.19098301
    }, {
      "x" : 1.0,
      "y" : -0.309017,
      "z" : -0.19098301
    }, {
      "x" : 7.472136,
      "y" : -0.309017,
      "z" : -0.19098301
    }, {
      "x" : 8.472136,
      "y" : 0.0,
      "z" : 0.0
    } ],
    "faces" : [ {
      "vertices" : [ 1, 7, 6, 2 ]
    }, {
      "vertices" : [ 0, 1, 2, 3 ]
    }, {
      "vertices" : [ 4, 5, 6, 7 ]
    }, {
      "vertices" : [ 0, 3, 5, 4 ]
    } ]
  }, {
    "id" : "7371bea0-f2c7-47ec-b854-3e5eff3483e5",
    "name" : "ball",
    "vertices" : [ {
      "x" : 0.309017,
      "y" : -0.809017,
      "z" : 0.618034
    }, {
      "x" : 0.809017,
      "y" : -0.618034,
      "z" : 0.309017
    }, {
      "x" : 0.618034,
      "y" : -0.309017,
      "z" : 0.809017
    }, {
      "x" : 1.0,
      "y" : 0.309017,
      "z" : 0.19098301
    }, {
      "x" : 0.809017,
      "y" : 0.618034,
      "z" : 0.309017
    }, {
      "x" : 0.618034,
      "y" : 0.309017,
      "z" : 0.809017
    }, {
      "x" : 0.809017,
      "y" : 0.0,
      "z" : 0.690983
    }, {
      "x" : 0.19098301,
      "y" : -1.0,
      "z" : 0.309017
    }, {
      "x" : -0.19098301,
      "y" : -1.0,
      "z" : 0.309017
    }, {
      "x" : -0.19098301,
      "y" : -1.0,
      "z" : -0.309017
    }, {
      "x" : 0.19098301,
      "y" : -1.0,
      "z" : -0.309017
    }, {
      "x" : 1.0,
      "y" : -0.309017,
      "z" : -0.19098301
    }, {
      "x" : 0.809017,
      "y" : -0.618034,
      "z" : -0.309017
    }, {
      "x" : 0.618034,
      "y" : -0.309017,
      "z" : -0.809017
    }, {
      "x" : 0.809017,
      "y" : 0.0,
      "z" : -0.690983
    }, {
      "x" : 0.0,
      "y" : 0.690983,
      "z" : -0.809017
    }, {
      "x" : 0.309017,
      "y" : 0.809017,
      "z" : -0.618034
    }, {
      "x" : 0.618034,
      "y" : 0.309017,
      "z" : -0.809017
    }, {
      "x" : 0.309017,
      "y" : 0.19098301,
      "z" : -1.0
    }, {
      "x" : 1.0,
      "y" : 0.309017,
      "z" : -0.19098301
    }, {
      "x" : -0.309017,
      "y" : -0.809017,
      "z" : 0.618034
    }, {
      "x" : 0.0,
      "y" : -0.690983,
      "z" : 0.809017
    }, {
      "x" : 0.809017,
      "y" : 0.618034,
      "z" : -0.309017
    }, {
      "x" : 0.690983,
      "y" : 0.809017,
      "z" : 0.0
    }, {
      "x" : -0.690983,
      "y" : 0.809017,
      "z" : 0.0
    }, {
      "x" : -0.809017,
      "y" : 0.618034,
      "z" : 0.309017
    }, {
      "x" : -0.309017,
      "y" : 0.809017,
      "z" : 0.618034
    }, {
      "x" : -0.19098301,
      "y" : 1.0,
      "z" : 0.309017
    }, {
      "x" : 0.309017,
      "y" : -0.19098301,
      "z" : -1.0
    }, {
      "x" : 0.19098301,
      "y" : 1.0,
      "z" : 0.309017
    }, {
      "x" : 0.309017,
      "y" : 0.809017,
      "z" : 0.618034
    }, {
      "x" : -0.809017,
      "y" : -0.618034,
      "z" : 0.309017
    }, {
      "x" : -0.690983,
      "y" : -0.809017,
      "z" : 0.0
    }, {
      "x" : 0.0,
      "y" : 0.690983,
      "z" : 0.809017
    }, {
      "x" : 0.309017,
      "y" : -0.809017,
      "z" : -0.618034
    }, {
      "x" : 0.0,
      "y" : -0.690983,
      "z" : -0.809017
    }, {
      "x" : -1.0,
      "y" : 0.309017,
      "z" : 0.19098301
    }, {
      "x" : -0.809017,
      "y" : 0.0,
      "z" : 0.690983
    }, {
      "x" : -0.618034,
      "y" : 0.309017,
      "z" : 0.809017
    }, {
      "x" : 1.0,
      "y" : -0.309017,
      "z" : 0.19098301
    }, {
      "x" : -0.309017,
      "y" : -0.809017,
      "z" : -0.618034
    }, {
      "x" : -1.0,
      "y" : 0.309017,
      "z" : -0.19098301
    }, {
      "x" : -1.0,
      "y" : -0.309017,
      "z" : -0.19098301
    }, {
      "x" : -1.0,
      "y" : -0.309017,
      "z" : 0.19098301
    }, {
      "x" : 0.19098301,
      "y" : 1.0,
      "z" : -0.309017
    }, {
      "x" : -0.809017,
      "y" : 0.618034,
      "z" : -0.309017
    }, {
      "x" : -0.19098301,
      "y" : 1.0,
      "z" : -0.309017
    }, {
      "x" : -0.309017,
      "y" : 0.809017,
      "z" : -0.618034
    }, {
      "x" : -0.618034,
      "y" : -0.309017,
      "z" : 0.809017
    }, {
      "x" : 0.309017,
      "y" : 0.19098301,
      "z" : 1.0
    }, {
      "x" : -0.309017,
      "y" : 0.19098301,
      "z" : -1.0
    }, {
      "x" : -0.309017,
      "y" : 0.19098301,
      "z" : 1.0
    }, {
      "x" : -0.309017,
      "y" : -0.19098301,
      "z" : 1.0
    }, {
      "x" : 0.309017,
      "y" : -0.19098301,
      "z" : 1.0
    }, {
      "x" : 0.690983,
      "y" : -0.809017,
      "z" : 0.0
    }, {
      "x" : -0.809017,
      "y" : 0.0,
      "z" : -0.690983
    }, {
      "x" : -0.618034,
      "y" : -0.309017,
      "z" : -0.809017
    }, {
      "x" : -0.309017,
      "y" : -0.19098301,
      "z" : -1.0
    }, {
      "x" : -0.618034,
      "y" : 0.309017,
      "z" : -0.809017
    }, {
      "x" : -0.809017,
      "y" : -0.618034,
      "z" : -0.309017
    } ],
    "faces" : [ {
      "vertices" : [ 9, 40, 35, 34, 10 ]
    }, {
      "vertices" : [ 0, 1, 2 ]
    }, {
      "vertices" : [ 33, 51, 49 ]
    }, {
      "vertices" : [ 25, 36, 37, 38 ]
    }, {
      "vertices" : [ 41, 55, 42 ]
    }, {
      "vertices" : [ 9, 32, 59, 40 ]
    }, {
      "vertices" : [ 20, 21, 52, 48 ]
    }, {
      "vertices" : [ 26, 33, 30, 29, 27 ]
    }, {
      "vertices" : [ 3, 4, 5, 6 ]
    }, {
      "vertices" : [ 27, 29, 44, 46 ]
    }, {
      "vertices" : [ 50, 57, 56, 55, 58 ]
    }, {
      "vertices" : [ 26, 38, 51, 33 ]
    }, {
      "vertices" : [ 45, 47, 58 ]
    }, {
      "vertices" : [ 18, 28, 57, 50 ]
    }, {
      "vertices" : [ 40, 59, 56 ]
    }, {
      "vertices" : [ 31, 48, 37, 43 ]
    }, {
      "vertices" : [ 7, 8, 9, 10 ]
    }, {
      "vertices" : [ 36, 41, 42, 43 ]
    }, {
      "vertices" : [ 24, 46, 47, 45 ]
    }, {
      "vertices" : [ 4, 30, 5 ]
    }, {
      "vertices" : [ 15, 47, 46, 44, 16 ]
    }, {
      "vertices" : [ 15, 50, 58, 47 ]
    }, {
      "vertices" : [ 24, 45, 41, 36, 25 ]
    }, {
      "vertices" : [ 11, 14, 19 ]
    }, {
      "vertices" : [ 3, 6, 39 ]
    }, {
      "vertices" : [ 1, 39, 6, 2 ]
    }, {
      "vertices" : [ 8, 32, 9 ]
    }, {
      "vertices" : [ 11, 12, 13, 14 ]
    }, {
      "vertices" : [ 16, 22, 17 ]
    }, {
      "vertices" : [ 0, 21, 20, 8, 7 ]
    }, {
      "vertices" : [ 12, 34, 13 ]
    }, {
      "vertices" : [ 35, 40, 56, 57 ]
    }, {
      "vertices" : [ 0, 7, 54, 1 ]
    }, {
      "vertices" : [ 15, 16, 17, 18 ]
    }, {
      "vertices" : [ 3, 19, 22, 23, 4 ]
    }, {
      "vertices" : [ 7, 10, 54 ]
    }, {
      "vertices" : [ 41, 45, 58, 55 ]
    }, {
      "vertices" : [ 3, 39, 11, 19 ]
    }, {
      "vertices" : [ 14, 17, 22, 19 ]
    }, {
      "vertices" : [ 0, 2, 53, 21 ]
    }, {
      "vertices" : [ 49, 51, 52, 53 ]
    }, {
      "vertices" : [ 31, 43, 42, 59, 32 ]
    }, {
      "vertices" : [ 15, 18, 50 ]
    }, {
      "vertices" : [ 42, 55, 56, 59 ]
    }, {
      "vertices" : [ 4, 23, 29, 30 ]
    }, {
      "vertices" : [ 25, 38, 26 ]
    }, {
      "vertices" : [ 13, 28, 18, 17, 14 ]
    }, {
      "vertices" : [ 8, 20, 31, 32 ]
    }, {
      "vertices" : [ 23, 44, 29 ]
    }, {
      "vertices" : [ 24, 27, 46 ]
    }, {
      "vertices" : [ 37, 48, 52, 51, 38 ]
    }, {
      "vertices" : [ 20, 48, 31 ]
    }, {
      "vertices" : [ 24, 25, 26, 27 ]
    }, {
      "vertices" : [ 16, 44, 23, 22 ]
    }, {
      "vertices" : [ 13, 34, 35, 28 ]
    }, {
      "vertices" : [ 10, 34, 12, 54 ]
    }, {
      "vertices" : [ 2, 6, 5, 49, 53 ]
    }, {
      "vertices" : [ 36, 43, 37 ]
    }, {
      "vertices" : [ 5, 30, 33, 49 ]
    }, {
      "vertices" : [ 1, 54, 12, 11, 39 ]
    }, {
      "vertices" : [ 28, 35, 57 ]
    }, {
      "vertices" : [ 21, 53, 52 ]
    } ]
  }, {
    "id" : "839ca5a0-1cb1-4c13-981b-51957a39f2fa",
    "orbit" : "green",
    "orbitC" : "[[2,-1,1],[5,-3,1]]",
    "length" : "[0,1,2]",
    "name" : " :1/2*phi",
    "vertices" : [ {
      "x" : 7.2586102,
      "y" : 2.5815594,
      "z" : -1.177051
    }, {
      "x" : 8.281153,
      "y" : 2.618034,
      "z" : -1.309017
    }, {
      "x" : 7.2586102,
      "y" : 2.5815594,
      "z" : -0.79508495
    }, {
      "x" : 7.0676274,
      "y" : 2.8905764,
      "z" : -1.295085
    }, {
      "x" : 7.0676274,
      "y" : 2.8905764,
      "z" : -0.91311896
    }, {
      "x" : 0.809017,
      "y" : 0.618034,
      "z" : 0.309017
    }, {
      "x" : 1.0,
      "y" : 0.309017,
      "z" : 0.19098301
    }, {
      "x" : 1.9045085,
      "y" : 0.5364745,
      "z" : -0.013932022
    }, {
      "x" : 7.972136,
      "y" : 3.118034,
      "z" : -1.5
    }, {
      "x" : 8.163119,
      "y" : 2.809017,
      "z" : -1.618034
    }, {
      "x" : 8.163119,
      "y" : 2.809017,
      "z" : -1.0
    }, {
      "x" : 7.972136,
      "y" : 3.118034,
      "z" : -1.118034
    }, {
      "x" : 1.7135255,
      "y" : 0.8454915,
      "z" : -0.13196601
    }, {
      "x" : 0.690983,
      "y" : 0.809017,
      "z" : 0.0
    }, {
      "x" : 1.9045085,
      "y" : 0.5364745,
      "z" : -0.39589804
    }, {
      "x" : 1.7135255,
      "y" : 0.8454915,
      "z" : -0.51393205
    }, {
      "x" : 0.809017,
      "y" : 0.618034,
      "z" : -0.309017
    }, {
      "x" : 1.0,
      "y" : 0.309017,
      "z" : -0.19098301
    }, {
      "x" : 8.972136,
      "y" : 3.427051,
      "z" : -1.309017
    } ],
    "faces" : [ {
      "vertices" : [ 0, 14, 15, 3 ]
    }, {
      "vertices" : [ 3, 15, 12, 4 ]
    }, {
      "vertices" : [ 0, 1, 2 ]
    }, {
      "vertices" : [ 12, 15, 13 ]
    }, {
      "vertices" : [ 0, 9, 1 ]
    }, {
      "vertices" : [ 0, 3, 9 ]
    }, {
      "vertices" : [ 13, 15, 16 ]
    }, {
      "vertices" : [ 6, 17, 14, 7 ]
    }, {
      "vertices" : [ 1, 10, 2 ]
    }, {
      "vertices" : [ 5, 6, 7 ]
    }, {
      "vertices" : [ 3, 8, 9 ]
    }, {
      "vertices" : [ 0, 2, 7, 14 ]
    }, {
      "vertices" : [ 5, 7, 12 ]
    }, {
      "vertices" : [ 2, 4, 12, 7 ]
    }, {
      "vertices" : [ 3, 4, 11, 8 ]
    }, {
      "vertices" : [ 2, 10, 11, 4 ]
    }, {
      "vertices" : [ 5, 12, 13 ]
    }, {
      "vertices" : [ 14, 17, 16, 15 ]
    } ]
  }, {
    "id" : "8e1ddfcd-6911-4a9a-8d70-d418de2c2c0d",
    "orbit" : "green",
    "orbitC" : "[[2,-1,1],[5,-3,1]]",
    "length" : "[1,0,2]",
    "name" : " :1/2",
    "vertices" : [ {
      "x" : 3.8315594,
      "y" : 1.2725425,
      "z" : -0.677051
    }, {
      "x" : 4.854102,
      "y" : 1.309017,
      "z" : -0.809017
    }, {
      "x" : 3.8315594,
      "y" : 1.2725425,
      "z" : -0.29508498
    }, {
      "x" : 3.6405764,
      "y" : 1.5815595,
      "z" : -0.79508495
    }, {
      "x" : 3.6405764,
      "y" : 1.5815595,
      "z" : -0.41311896
    }, {
      "x" : 0.809017,
      "y" : 0.618034,
      "z" : 0.309017
    }, {
      "x" : 1.0,
      "y" : 0.309017,
      "z" : 0.19098301
    }, {
      "x" : 1.9045085,
      "y" : 0.5364745,
      "z" : -0.013932022
    }, {
      "x" : 4.545085,
      "y" : 1.809017,
      "z" : -1.0
    }, {
      "x" : 4.736068,
      "y" : 1.5,
      "z" : -1.118034
    }, {
      "x" : 4.736068,
      "y" : 1.5,
      "z" : -0.5
    }, {
      "x" : 4.545085,
      "y" : 1.809017,
      "z" : -0.618034
    }, {
      "x" : 1.7135255,
      "y" : 0.8454915,
      "z" : -0.13196601
    }, {
      "x" : 0.690983,
      "y" : 0.809017,
      "z" : 0.0
    }, {
      "x" : 1.9045085,
      "y" : 0.5364745,
      "z" : -0.39589804
    }, {
      "x" : 1.7135255,
      "y" : 0.8454915,
      "z" : -0.51393205
    }, {
      "x" : 0.809017,
      "y" : 0.618034,
      "z" : -0.309017
    }, {
      "x" : 1.0,
      "y" : 0.309017,
      "z" : -0.19098301
    }, {
      "x" : 5.545085,
      "y" : 2.118034,
      "z" : -0.809017
    } ],
    "faces" : [ {
      "vertices" : [ 0, 14, 15, 3 ]
    }, {
      "vertices" : [ 3, 15, 12, 4 ]
    }, {
      "vertices" : [ 0, 1, 2 ]
    }, {
      "vertices" : [ 12, 15, 13 ]
    }, {
      "vertices" : [ 0, 9, 1 ]
    }, {
      "vertices" : [ 0, 3, 9 ]
    }, {
      "vertices" : [ 13, 15, 16 ]
    }, {
      "vertices" : [ 6, 17, 14, 7 ]
    }, {
      "vertices" : [ 1, 10, 2 ]
    }, {
      "vertices" : [ 5, 6, 7 ]
    }, {
      "vertices" : [ 3, 8, 9 ]
    }, {
      "vertices" : [ 0, 2, 7, 14 ]
    }, {
      "vertices" : [ 5, 7, 12 ]
    }, {
      "vertices" : [ 2, 4, 12, 7 ]
    }, {
      "vertices" : [ 3, 4, 11, 8 ]
    }, {
      "vertices" : [ 2, 10, 11, 4 ]
    }, {
      "vertices" : [ 5, 12, 13 ]
    }, {
      "vertices" : [ 14, 17, 16, 15 ]
    } ]
  }, {
    "id" : "76c97823-33fe-4a7c-8381-dca9761613c8",
    "orbit" : "blue",
    "orbitC" : "[[0,0,1],[0,0,1]]",
    "length" : "[0,1,2]",
    "name" : " :1/2*phi",
    "vertices" : [ {
      "x" : 5.854102,
      "y" : 0.309017,
      "z" : 0.19098301
    }, {
      "x" : 5.854102,
      "y" : 0.309017,
      "z" : -0.19098301
    }, {
      "x" : 1.0,
      "y" : 0.309017,
      "z" : -0.19098301
    }, {
      "x" : 1.0,
      "y" : 0.309017,
      "z" : 0.19098301
    }, {
      "x" : 5.854102,
      "y" : -0.309017,
      "z" : 0.19098301
    }, {
      "x" : 1.0,
      "y" : -0.309017,
      "z" : 0.19098301
    }, {
      "x" : 1.0,
      "y" : -0.309017,
      "z" : -0.19098301
    }, {
      "x" : 5.854102,
      "y" : -0.309017,
      "z" : -0.19098301
    }, {
      "x" : 6.854102,
      "y" : 0.0,
      "z" : 0.0
    } ],
    "faces" : [ {
      "vertices" : [ 1, 7, 6, 2 ]
    }, {
      "vertices" : [ 0, 1, 2, 3 ]
    }, {
      "vertices" : [ 4, 5, 6, 7 ]
    }, {
      "vertices" : [ 0, 3, 5, 4 ]
    } ]
  }, {
    "id" : "597b2c94-b408-476b-bbed-d288d692d133",
    "orbit" : "green",
    "orbitC" : "[[2,-1,1],[5,-3,1]]",
    "length" : "[1,0,1]",
    "name" : "g1",
    "vertices" : [ {
      "x" : 9.376644,
      "y" : 3.3905764,
      "z" : -1.486068
    }, {
      "x" : 10.399187,
      "y" : 3.427051,
      "z" : -1.618034
    }, {
      "x" : 9.376644,
      "y" : 3.3905764,
      "z" : -1.104102
    }, {
      "x" : 9.185661,
      "y" : 3.6995935,
      "z" : -1.604102
    }, {
      "x" : 9.185661,
      "y" : 3.6995935,
      "z" : -1.2221359
    }, {
      "x" : 0.809017,
      "y" : 0.618034,
      "z" : 0.309017
    }, {
      "x" : 1.0,
      "y" : 0.309017,
      "z" : 0.19098301
    }, {
      "x" : 1.9045085,
      "y" : 0.5364745,
      "z" : -0.013932022
    }, {
      "x" : 10.09017,
      "y" : 3.927051,
      "z" : -1.809017
    }, {
      "x" : 10.281153,
      "y" : 3.618034,
      "z" : -1.927051
    }, {
      "x" : 10.281153,
      "y" : 3.618034,
      "z" : -1.309017
    }, {
      "x" : 10.09017,
      "y" : 3.927051,
      "z" : -1.427051
    }, {
      "x" : 1.7135255,
      "y" : 0.8454915,
      "z" : -0.13196601
    }, {
      "x" : 0.690983,
      "y" : 0.809017,
      "z" : 0.0
    }, {
      "x" : 1.9045085,
      "y" : 0.5364745,
      "z" : -0.39589804
    }, {
      "x" : 1.7135255,
      "y" : 0.8454915,
      "z" : -0.51393205
    }, {
      "x" : 0.809017,
      "y" : 0.618034,
      "z" : -0.309017
    }, {
      "x" : 1.0,
      "y" : 0.309017,
      "z" : -0.19098301
    }, {
      "x" : 11.09017,
      "y" : 4.236068,
      "z" : -1.618034
    } ],
    "faces" : [ {
      "vertices" : [ 0, 14, 15, 3 ]
    }, {
      "vertices" : [ 3, 15, 12, 4 ]
    }, {
      "vertices" : [ 0, 1, 2 ]
    }, {
      "vertices" : [ 12, 15, 13 ]
    }, {
      "vertices" : [ 0, 9, 1 ]
    }, {
      "vertices" : [ 0, 3, 9 ]
    }, {
      "vertices" : [ 13, 15, 16 ]
    }, {
      "vertices" : [ 6, 17, 14, 7 ]
    }, {
      "vertices" : [ 1, 10, 2 ]
    }, {
      "vertices" : [ 5, 6, 7 ]
    }, {
      "vertices" : [ 3, 8, 9 ]
    }, {
      "vertices" : [ 0, 2, 7, 14 ]
    }, {
      "vertices" : [ 5, 7, 12 ]
    }, {
      "vertices" : [ 2, 4, 12, 7 ]
    }, {
      "vertices" : [ 3, 4, 11, 8 ]
    }, {
      "vertices" : [ 2, 10, 11, 4 ]
    }, {
      "vertices" : [ 5, 12, 13 ]
    }, {
      "vertices" : [ 14, 17, 16, 15 ]
    } ]
  } ],
  "instances" : [ {
    "shape" : "1bbc3713-a1ab-4252-b38b-622379bf4bfc",
    "color" : "#008EC2",
    "position" : {
      "x" : 6.7586102,
      "y" : 0.1545085,
      "z" : 2.368034
    },
    "orientation" : 38
  }, {
    "shape" : "7371bea0-f2c7-47ec-b854-3e5eff3483e5",
    "color" : "#F2F2F2",
    "position" : {
      "x" : 2.5225425,
      "y" : -1.4635255,
      "z" : 13.458204
    }
  }, {
    "shape" : "839ca5a0-1cb1-4c13-981b-51957a39f2fa",
    "color" : "#00993F",
    "position" : {
      "x" : 3.0225425,
      "y" : -0.6545085,
      "z" : -10.031153
    },
    "orientation" : 52
  }, {
    "shape" : "7371bea0-f2c7-47ec-b854-3e5eff3483e5",
    "color" : "#FF0000",
    "position" : {
      "x" : -10.685661,
      "y" : -0.6545085,
      "z" : -16.885256
    }
  }, {
    "shape" : "8e1ddfcd-6911-4a9a-8d70-d418de2c2c0d",
    "color" : "#00993F",
    "position" : {
      "x" : 7.7586102,
      "y" : -15.171729,
      "z" : 13.458204
    },
    "orientation" : 54
  }, {
    "shape" : "839ca5a0-1cb1-4c13-981b-51957a39f2fa",
    "color" : "#00993F",
    "position" : {
      "x" : 3.0225425,
      "y" : 6.1995935,
      "z" : -16.885256
    },
    "orientation" : 36
  }, {
    "shape" : "7371bea0-f2c7-47ec-b854-3e5eff3483e5",
    "color" : "#CCFF00",
    "position" : {
      "x" : -3.8315594,
      "y" : -0.6545085,
      "z" : -16.885256
    }
  }, {
    "shape" : "8e1ddfcd-6911-4a9a-8d70-d418de2c2c0d",
    "color" : "#00993F",
    "position" : {
      "x" : -5.9495935,
      "y" : -9.935661,
      "z" : 21.93034
    },
    "orientation" : 46
  }, {
    "shape" : "7371bea0-f2c7-47ec-b854-3e5eff3483e5",
    "color" : "#CCFF00",
    "position" : {
      "x" : 0.9045085,
      "y" : -17.789762,
      "z" : 3.986068
    }
  }, {
    "shape" : "7371bea0-f2c7-47ec-b854-3e5eff3483e5",
    "color" : "#F2F2F2",
    "position" : {
      "x" : 3.8315594,
      "y" : -6.1995935,
      "z" : 10.031153
    }
  }, {
    "shape" : "7371bea0-f2c7-47ec-b854-3e5eff3483e5",
    "color" : "#CCFF00",
    "position" : {
      "x" : 6.7586102,
      "y" : 5.3905764,
      "z" : 16.076239
    }
  }, {
    "shape" : "8e1ddfcd-6911-4a9a-8d70-d418de2c2c0d",
    "color" : "#00993F",
    "position" : {
      "x" : 2.5225425,
      "y" : -1.4635255,
      "z" : 13.458204
    },
    "orientation" : 25
  }, {
    "shape" : "76c97823-33fe-4a7c-8381-dca9761613c8",
    "color" : "#008EC2",
    "position" : {
      "x" : -10.685661,
      "y" : -0.6545085,
      "z" : -16.885256
    },
    "orientation" : 0
  }, {
    "shape" : "76c97823-33fe-4a7c-8381-dca9761613c8",
    "color" : "#008EC2",
    "position" : {
      "x" : 3.0225425,
      "y" : 13.053696,
      "z" : -3.177051
    },
    "orientation" : 45
  }, {
    "shape" : "839ca5a0-1cb1-4c13-981b-51957a39f2fa",
    "color" : "#00993F",
    "position" : {
      "x" : 3.0225425,
      "y" : -0.6545085,
      "z" : -10.031153
    },
    "orientation" : 7
  }, {
    "shape" : "7371bea0-f2c7-47ec-b854-3e5eff3483e5",
    "color" : "#CCFF00",
    "position" : {
      "x" : -4.3315597,
      "y" : 1.1545085,
      "z" : 17.694271
    }
  }, {
    "shape" : "7371bea0-f2c7-47ec-b854-3e5eff3483e5",
    "color" : "#F2F2F2",
    "position" : {
      "x" : 8.567628,
      "y" : -9.626644,
      "z" : 11.34017
    }
  }, {
    "shape" : "1bbc3713-a1ab-4252-b38b-622379bf4bfc",
    "color" : "#008EC2",
    "position" : {
      "x" : 11.9946785,
      "y" : -8.317628,
      "z" : 16.076239
    },
    "orientation" : 37
  }, {
    "shape" : "7371bea0-f2c7-47ec-b854-3e5eff3483e5",
    "color" : "#CCFF00",
    "position" : {
      "x" : -10.685661,
      "y" : -0.6545085,
      "z" : -10.031153
    }
  }, {
    "shape" : "8e1ddfcd-6911-4a9a-8d70-d418de2c2c0d",
    "color" : "#00993F",
    "position" : {
      "x" : 0.9045085,
      "y" : -17.789762,
      "z" : 3.986068
    },
    "orientation" : 44
  }, {
    "shape" : "839ca5a0-1cb1-4c13-981b-51957a39f2fa",
    "color" : "#00993F",
    "position" : {
      "x" : -10.685661,
      "y" : 13.053696,
      "z" : -10.031153
    },
    "orientation" : 23
  }, {
    "shape" : "7371bea0-f2c7-47ec-b854-3e5eff3483e5",
    "color" : "#CCFF00",
    "position" : {
      "x" : 16.230747,
      "y" : -1.4635255,
      "z" : 18.694271
    }
  }, {
    "shape" : "7371bea0-f2c7-47ec-b854-3e5eff3483e5",
    "color" : "#FF0000",
    "position" : {
      "x" : 9.376644,
      "y" : 1.1545085,
      "z" : 22.93034
    }
  }, {
    "shape" : "7371bea0-f2c7-47ec-b854-3e5eff3483e5",
    "color" : "#FF0000",
    "position" : {
      "x" : 3.0225425,
      "y" : -0.6545085,
      "z" : -16.885256
    }
  }, {
    "shape" : "7371bea0-f2c7-47ec-b854-3e5eff3483e5",
    "color" : "#CCFF00",
    "position" : {
      "x" : 14.612713,
      "y" : -12.553696,
      "z" : 22.93034
    }
  }, {
    "shape" : "7371bea0-f2c7-47ec-b854-3e5eff3483e5",
    "color" : "#CCFF00",
    "position" : {
      "x" : -5.9495935,
      "y" : -9.935661,
      "z" : 21.93034
    }
  }, {
    "shape" : "839ca5a0-1cb1-4c13-981b-51957a39f2fa",
    "color" : "#00993F",
    "position" : {
      "x" : -10.685661,
      "y" : -0.6545085,
      "z" : -10.031153
    },
    "orientation" : 7
  }, {
    "shape" : "8e1ddfcd-6911-4a9a-8d70-d418de2c2c0d",
    "color" : "#00993F",
    "position" : {
      "x" : -4.3315597,
      "y" : 1.1545085,
      "z" : 17.694271
    },
    "orientation" : 43
  }, {
    "shape" : "7371bea0-f2c7-47ec-b854-3e5eff3483e5",
    "color" : "#FF0000",
    "position" : {
      "x" : -10.685661,
      "y" : 13.053696,
      "z" : -16.885256
    }
  }, {
    "shape" : "7371bea0-f2c7-47ec-b854-3e5eff3483e5",
    "color" : "#CCFF00",
    "position" : {
      "x" : -10.685661,
      "y" : 13.053696,
      "z" : -10.031153
    }
  }, {
    "shape" : "1bbc3713-a1ab-4252-b38b-622379bf4bfc",
    "color" : "#008EC2",
    "position" : {
      "x" : -4.3315597,
      "y" : 1.1545085,
      "z" : 17.694271
    },
    "orientation" : 37
  }, {
    "shape" : "7371bea0-f2c7-47ec-b854-3e5eff3483e5",
    "color" : "#FF0000",
    "position" : {
      "x" : 7.7586102,
      "y" : -15.171729,
      "z" : 13.458204
    }
  }, {
    "shape" : "1bbc3713-a1ab-4252-b38b-622379bf4bfc",
    "color" : "#008EC2",
    "position" : {
      "x" : -5.9495935,
      "y" : -15.171729,
      "z" : 8.222136
    },
    "orientation" : 37
  }, {
    "shape" : "7371bea0-f2c7-47ec-b854-3e5eff3483e5",
    "color" : "#FF0000",
    "position" : {
      "x" : 5.1405764,
      "y" : -5.6995935,
      "z" : 20.312305
    }
  }, {
    "shape" : "1bbc3713-a1ab-4252-b38b-622379bf4bfc",
    "color" : "#008EC2",
    "position" : {
      "x" : 11.9946785,
      "y" : -13.553696,
      "z" : 2.368034
    },
    "orientation" : 37
  }, {
    "shape" : "76c97823-33fe-4a7c-8381-dca9761613c8",
    "color" : "#008EC2",
    "position" : {
      "x" : 3.0225425,
      "y" : 13.053696,
      "z" : -16.885256
    },
    "orientation" : 2
  }, {
    "shape" : "1bbc3713-a1ab-4252-b38b-622379bf4bfc",
    "color" : "#008EC2",
    "position" : {
      "x" : 2.5225425,
      "y" : -6.6995935,
      "z" : -0.25
    },
    "orientation" : 38
  }, {
    "shape" : "839ca5a0-1cb1-4c13-981b-51957a39f2fa",
    "color" : "#00993F",
    "position" : {
      "x" : -10.685661,
      "y" : 6.1995935,
      "z" : -3.177051
    },
    "orientation" : 21
  }, {
    "shape" : "8e1ddfcd-6911-4a9a-8d70-d418de2c2c0d",
    "color" : "#00993F",
    "position" : {
      "x" : -0.095491506,
      "y" : 2.7725425,
      "z" : 6.604102
    },
    "orientation" : 25
  }, {
    "shape" : "7371bea0-f2c7-47ec-b854-3e5eff3483e5",
    "color" : "#CCFF00",
    "position" : {
      "x" : -3.3315594,
      "y" : -19.407797,
      "z" : 15.076238
    }
  }, {
    "shape" : "1bbc3713-a1ab-4252-b38b-622379bf4bfc",
    "color" : "#008EC2",
    "position" : {
      "x" : 11.9946785,
      "y" : -8.317628,
      "z" : 16.076239
    },
    "orientation" : 26
  }, {
    "shape" : "8e1ddfcd-6911-4a9a-8d70-d418de2c2c0d",
    "color" : "#00993F",
    "position" : {
      "x" : 14.612713,
      "y" : -17.789762,
      "z" : 9.222136
    },
    "orientation" : 46
  }, {
    "shape" : "8e1ddfcd-6911-4a9a-8d70-d418de2c2c0d",
    "color" : "#00993F",
    "position" : {
      "x" : 16.230747,
      "y" : -1.4635255,
      "z" : 18.694271
    },
    "orientation" : 54
  }, {
    "shape" : "7371bea0-f2c7-47ec-b854-3e5eff3483e5",
    "color" : "#FF0000",
    "position" : {
      "x" : -10.685661,
      "y" : 13.053696,
      "z" : -3.177051
    }
  }, {
    "shape" : "8e1ddfcd-6911-4a9a-8d70-d418de2c2c0d",
    "color" : "#00993F",
    "position" : {
      "x" : 0.9045085,
      "y" : -12.553696,
      "z" : 17.694271
    },
    "orientation" : 17
  }, {
    "shape" : "76c97823-33fe-4a7c-8381-dca9761613c8",
    "color" : "#008EC2",
    "position" : {
      "x" : -10.685661,
      "y" : 13.053696,
      "z" : -3.177051
    },
    "orientation" : 0
  }, {
    "shape" : "76c97823-33fe-4a7c-8381-dca9761613c8",
    "color" : "#008EC2",
    "position" : {
      "x" : 3.0225425,
      "y" : -0.6545085,
      "z" : -3.177051
    },
    "orientation" : 45
  }, {
    "shape" : "1bbc3713-a1ab-4252-b38b-622379bf4bfc",
    "color" : "#008EC2",
    "position" : {
      "x" : 2.5225425,
      "y" : -1.4635255,
      "z" : 13.458204
    },
    "orientation" : 55
  }, {
    "shape" : "839ca5a0-1cb1-4c13-981b-51957a39f2fa",
    "color" : "#00993F",
    "position" : {
      "x" : -10.685661,
      "y" : -0.6545085,
      "z" : -10.031153
    },
    "orientation" : 8
  }, {
    "shape" : "8e1ddfcd-6911-4a9a-8d70-d418de2c2c0d",
    "color" : "#00993F",
    "position" : {
      "x" : 5.1405764,
      "y" : -10.935661,
      "z" : 6.604102
    },
    "orientation" : 11
  }, {
    "shape" : "8e1ddfcd-6911-4a9a-8d70-d418de2c2c0d",
    "color" : "#00993F",
    "position" : {
      "x" : 5.1405764,
      "y" : -10.935661,
      "z" : 6.604102
    },
    "orientation" : 4
  }, {
    "shape" : "1bbc3713-a1ab-4252-b38b-622379bf4bfc",
    "color" : "#008EC2",
    "position" : {
      "x" : 16.230747,
      "y" : -6.6995935,
      "z" : 4.986068
    },
    "orientation" : 36
  }, {
    "shape" : "7371bea0-f2c7-47ec-b854-3e5eff3483e5",
    "color" : "#CCFF00",
    "position" : {
      "x" : -3.8315594,
      "y" : -0.6545085,
      "z" : -3.177051
    }
  }, {
    "shape" : "7371bea0-f2c7-47ec-b854-3e5eff3483e5",
    "color" : "#FF0000",
    "position" : {
      "x" : -10.685661,
      "y" : -0.6545085,
      "z" : -3.177051
    }
  }, {
    "shape" : "839ca5a0-1cb1-4c13-981b-51957a39f2fa",
    "color" : "#00993F",
    "position" : {
      "x" : 3.0225425,
      "y" : 13.053696,
      "z" : -10.031153
    },
    "orientation" : 53
  }, {
    "shape" : "1bbc3713-a1ab-4252-b38b-622379bf4bfc",
    "color" : "#008EC2",
    "position" : {
      "x" : 5.1405764,
      "y" : -10.935661,
      "z" : 6.604102
    },
    "orientation" : 26
  }, {
    "shape" : "597b2c94-b408-476b-bbed-d288d692d133",
    "color" : "#00993F",
    "position" : {
      "x" : -8.567628,
      "y" : -5.6995935,
      "z" : 15.076238
    },
    "orientation" : 17
  }, {
    "shape" : "7371bea0-f2c7-47ec-b854-3e5eff3483e5",
    "color" : "#FF0000",
    "position" : {
      "x" : 3.0225425,
      "y" : 13.053696,
      "z" : -3.177051
    }
  }, {
    "shape" : "1bbc3713-a1ab-4252-b38b-622379bf4bfc",
    "color" : "#008EC2",
    "position" : {
      "x" : -1.7135255,
      "y" : -3.0815594,
      "z" : 24.548374
    },
    "orientation" : 36
  }, {
    "shape" : "8e1ddfcd-6911-4a9a-8d70-d418de2c2c0d",
    "color" : "#00993F",
    "position" : {
      "x" : 7.7586102,
      "y" : -9.935661,
      "z" : 27.166409
    },
    "orientation" : 25
  }, {
    "shape" : "7371bea0-f2c7-47ec-b854-3e5eff3483e5",
    "color" : "#CCFF00",
    "position" : {
      "x" : 3.0225425,
      "y" : -0.6545085,
      "z" : -10.031153
    }
  }, {
    "shape" : "8e1ddfcd-6911-4a9a-8d70-d418de2c2c0d",
    "color" : "#00993F",
    "position" : {
      "x" : 2.5225425,
      "y" : -1.4635255,
      "z" : 13.458204
    },
    "orientation" : 18
  }, {
    "shape" : "7371bea0-f2c7-47ec-b854-3e5eff3483e5",
    "color" : "#F2F2F2",
    "position" : {
      "x" : -1.2135255,
      "y" : -18.59878,
      "z" : 9.531153
    }
  }, {
    "shape" : "76c97823-33fe-4a7c-8381-dca9761613c8",
    "color" : "#008EC2",
    "position" : {
      "x" : 3.0225425,
      "y" : 13.053696,
      "z" : -16.885256
    },
    "orientation" : 16
  }, {
    "shape" : "7371bea0-f2c7-47ec-b854-3e5eff3483e5",
    "color" : "#F2F2F2",
    "position" : {
      "x" : 3.0225425,
      "y" : -11.7446785,
      "z" : 12.149187
    }
  }, {
    "shape" : "7371bea0-f2c7-47ec-b854-3e5eff3483e5",
    "color" : "#CCFF00",
    "position" : {
      "x" : -3.8315594,
      "y" : 13.053696,
      "z" : -3.177051
    }
  }, {
    "shape" : "7371bea0-f2c7-47ec-b854-3e5eff3483e5",
    "color" : "#FF0000",
    "position" : {
      "x" : -5.9495935,
      "y" : -15.171729,
      "z" : 8.222136
    }
  }, {
    "shape" : "1bbc3713-a1ab-4252-b38b-622379bf4bfc",
    "color" : "#008EC2",
    "position" : {
      "x" : 2.5225425,
      "y" : -1.4635255,
      "z" : 13.458204
    },
    "orientation" : 9
  }, {
    "shape" : "597b2c94-b408-476b-bbed-d288d692d133",
    "color" : "#00993F",
    "position" : {
      "x" : 9.376644,
      "y" : 1.1545085,
      "z" : 22.93034
    },
    "orientation" : 43
  }, {
    "shape" : "76c97823-33fe-4a7c-8381-dca9761613c8",
    "color" : "#008EC2",
    "position" : {
      "x" : 3.0225425,
      "y" : -0.6545085,
      "z" : -16.885256
    },
    "orientation" : 1
  }, {
    "shape" : "839ca5a0-1cb1-4c13-981b-51957a39f2fa",
    "color" : "#00993F",
    "position" : {
      "x" : 3.0225425,
      "y" : 6.1995935,
      "z" : -16.885256
    },
    "orientation" : 51
  }, {
    "shape" : "597b2c94-b408-476b-bbed-d288d692d133",
    "color" : "#00993F",
    "position" : {
      "x" : -4.3315597,
      "y" : 1.1545085,
      "z" : 17.694271
    },
    "orientation" : 0
  }, {
    "shape" : "597b2c94-b408-476b-bbed-d288d692d133",
    "color" : "#00993F",
    "position" : {
      "x" : 14.612713,
      "y" : -12.553696,
      "z" : 22.93034
    },
    "orientation" : 46
  }, {
    "shape" : "597b2c94-b408-476b-bbed-d288d692d133",
    "color" : "#00993F",
    "position" : {
      "x" : -0.095491506,
      "y" : 2.7725425,
      "z" : 6.604102
    },
    "orientation" : 11
  }, {
    "shape" : "839ca5a0-1cb1-4c13-981b-51957a39f2fa",
    "color" : "#00993F",
    "position" : {
      "x" : 3.0225425,
      "y" : 13.053696,
      "z" : -10.031153
    },
    "orientation" : 37
  }, {
    "shape" : "597b2c94-b408-476b-bbed-d288d692d133",
    "color" : "#00993F",
    "position" : {
      "x" : 2.5225425,
      "y" : -6.6995935,
      "z" : -0.25
    },
    "orientation" : 18
  }, {
    "shape" : "7371bea0-f2c7-47ec-b854-3e5eff3483e5",
    "color" : "#CCFF00",
    "position" : {
      "x" : -10.685661,
      "y" : 6.1995935,
      "z" : -3.177051
    }
  }, {
    "shape" : "1bbc3713-a1ab-4252-b38b-622379bf4bfc",
    "color" : "#008EC2",
    "position" : {
      "x" : 9.376644,
