{
  "polygons" : "true",
  "field" : "golden",
  "symmetry" : "icosahedral",
  "orientations" : [ [ 1.0, 0.0, 0.0, 0.0, 0.0, 1.0, 0.0, 0.0, 0.0, 0.0, 1.0, 0.0, 0.0, 0.0, 0.0, 1.0 ], [ 0.0, 0.0, 1.0, 0.0, 1.0, 0.0, 0.0, 0.0, 0.0, 1.0, 0.0, 0.0, 0.0, 0.0, 0.0, 1.0 ], [ 0.0, 1.0, 0.0, 0.0, 0.0, 0.0, 1.0, 0.0, 1.0, 0.0, 0.0, 0.0, 0.0, 0.0, 0.0, 1.0 ], [ 0.809017, 0.309017, 0.5, 0.0, 0.309017, 0.5, -0.809017, 0.0, -0.5, 0.809017, 0.309017, 0.0, 0.0, 0.0, 0.0, 1.0 ], [ -0.5, 0.809017, 0.309017, 0.0, 0.809017, 0.309017, 0.5, 0.0, 0.309017, 0.5, -0.809017, 0.0, 0.0, 0.0, 0.0, 1.0 ], [ 0.309017, 0.5, -0.809017, 0.0, -0.5, 0.809017, 0.309017, 0.0, 0.809017, 0.309017, 0.5, 0.0, 0.0, 0.0, 0.0, 1.0 ], [ 0.5, 0.809017, 0.309017, 0.0, 0.809017, -0.309017, -0.5, 0.0, -0.309017, 0.5, -0.809017, 0.0, 0.0, 0.0, 0.0, 1.0 ], [ -0.309017, 0.5, -0.809017, 0.0, 0.5, 0.809017, 0.309017, 0.0, 0.809017, -0.309017, -0.5, 0.0, 0.0, 0.0, 0.0, 1.0 ], [ 0.809017, -0.309017, -0.5, 0.0, -0.309017, 0.5, -0.809017, 0.0, 0.5, 0.809017, 0.309017, 0.0, 0.0, 0.0, 0.0, 1.0 ], [ 0.5, 0.809017, -0.309017, 0.0, 0.809017, -0.309017, 0.5, 0.0, 0.309017, -0.5, -0.809017, 0.0, 0.0, 0.0, 0.0, 1.0 ], [ 0.309017, -0.5, -0.809017, 0.0, 0.5, 0.809017, -0.309017, 0.0, 0.809017, -0.309017, 0.5, 0.0, 0.0, 0.0, 0.0, 1.0 ], [ 0.809017, -0.309017, 0.5, 0.0, 0.309017, -0.5, -0.809017, 0.0, 0.5, 0.809017, -0.309017, 0.0, 0.0, 0.0, 0.0, 1.0 ], [ 0.809017, 0.309017, -0.5, 0.0, 0.309017, 0.5, 0.809017, 0.0, 0.5, -0.809017, 0.309017, 0.0, 0.0, 0.0, 0.0, 1.0 ], [ 0.5, -0.809017, 0.309017, 0.0, 0.809017, 0.309017, -0.5, 0.0, 0.309017, 0.5, 0.809017, 0.0, 0.0, 0.0, 0.0, 1.0 ], [ 0.309017, 0.5, 0.809017, 0.0, 0.5, -0.809017, 0.309017, 0.0, 0.809017, 0.309017, -0.5, 0.0, 0.0, 0.0, 0.0, 1.0 ], [ 1.0, 0.0, 0.0, 0.0, 0.0, -1.0, 0.0, 0.0, 0.0, 0.0, -1.0, 0.0, 0.0, 0.0, 0.0, 1.0 ], [ 0.0, 0.0, 1.0, 0.0, -1.0, 0.0, 0.0, 0.0, 0.0, -1.0, 0.0, 0.0, 0.0, 0.0, 0.0, 1.0 ], [ 0.0, 1.0, 0.0, 0.0, 0.0, 0.0, -1.0, 0.0, -1.0, 0.0, 0.0, 0.0, 0.0, 0.0, 0.0, 1.0 ], [ 0.809017, 0.309017, 0.5, 0.0, -0.309017, -0.5, 0.809017, 0.0, 0.5, -0.809017, -0.309017, 0.0, 0.0, 0.0, 0.0, 1.0 ], [ -0.5, 0.809017, 0.309017, 0.0, -0.809017, -0.309017, -0.5, 0.0, -0.309017, -0.5, 0.809017, 0.0, 0.0, 0.0, 0.0, 1.0 ], [ 0.309017, 0.5, -0.809017, 0.0, 0.5, -0.809017, -0.309017, 0.0, -0.809017, -0.309017, -0.5, 0.0, 0.0, 0.0, 0.0, 1.0 ], [ 0.5, 0.809017, 0.309017, 0.0, -0.809017, 0.309017, 0.5, 0.0, 0.309017, -0.5, 0.809017, 0.0, 0.0, 0.0, 0.0, 1.0 ], [ -0.309017, 0.5, -0.809017, 0.0, -0.5, -0.809017, -0.309017, 0.0, -0.809017, 0.309017, 0.5, 0.0, 0.0, 0.0, 0.0, 1.0 ], [ 0.809017, -0.309017, -0.5, 0.0, 0.309017, -0.5, 0.809017, 0.0, -0.5, -0.809017, -0.309017, 0.0, 0.0, 0.0, 0.0, 1.0 ], [ 0.5, 0.809017, -0.309017, 0.0, -0.809017, 0.309017, -0.5, 0.0, -0.309017, 0.5, 0.809017, 0.0, 0.0, 0.0, 0.0, 1.0 ], [ 0.309017, -0.5, -0.809017, 0.0, -0.5, -0.809017, 0.309017, 0.0, -0.809017, 0.309017, -0.5, 0.0, 0.0, 0.0, 0.0, 1.0 ], [ 0.809017, -0.309017, 0.5, 0.0, -0.309017, 0.5, 0.809017, 0.0, -0.5, -0.809017, 0.309017, 0.0, 0.0, 0.0, 0.0, 1.0 ], [ 0.809017, 0.309017, -0.5, 0.0, -0.309017, -0.5, -0.809017, 0.0, -0.5, 0.809017, -0.309017, 0.0, 0.0, 0.0, 0.0, 1.0 ], [ 0.5, -0.809017, 0.309017, 0.0, -0.809017, -0.309017, 0.5, 0.0, -0.309017, -0.5, -0.809017, 0.0, 0.0, 0.0, 0.0, 1.0 ], [ 0.309017, 0.5, 0.809017, 0.0, -0.5, 0.809017, -0.309017, 0.0, -0.809017, -0.309017, 0.5, 0.0, 0.0, 0.0, 0.0, 1.0 ], [ -1.0, 0.0, 0.0, 0.0, 0.0, -1.0, 0.0, 0.0, 0.0, 0.0, 1.0, 0.0, 0.0, 0.0, 0.0, 1.0 ], [ 0.0, 0.0, -1.0, 0.0, -1.0, 0.0, 0.0, 0.0, 0.0, 1.0, 0.0, 0.0, 0.0, 0.0, 0.0, 1.0 ], [ 0.0, -1.0, 0.0, 0.0, 0.0, 0.0, -1.0, 0.0, 1.0, 0.0, 0.0, 0.0, 0.0, 0.0, 0.0, 1.0 ], [ -0.809017, -0.309017, -0.5, 0.0, -0.309017, -0.5, 0.809017, 0.0, -0.5, 0.809017, 0.309017, 0.0, 0.0, 0.0, 0.0, 1.0 ], [ 0.5, -0.809017, -0.309017, 0.0, -0.809017, -0.309017, -0.5, 0.0, 0.309017, 0.5, -0.809017, 0.0, 0.0, 0.0, 0.0, 1.0 ], [ -0.309017, -0.5, 0.809017, 0.0, 0.5, -0.809017, -0.309017, 0.0, 0.809017, 0.309017, 0.5, 0.0, 0.0, 0.0, 0.0, 1.0 ], [ -0.5, -0.809017, -0.309017, 0.0, -0.809017, 0.309017, 0.5, 0.0, -0.309017, 0.5, -0.809017, 0.0, 0.0, 0.0, 0.0, 1.0 ], [ 0.309017, -0.5, 0.809017, 0.0, -0.5, -0.809017, -0.309017, 0.0, 0.809017, -0.309017, -0.5, 0.0, 0.0, 0.0, 0.0, 1.0 ], [ -0.809017, 0.309017, 0.5, 0.0, 0.309017, -0.5, 0.809017, 0.0, 0.5, 0.809017, 0.309017, 0.0, 0.0, 0.0, 0.0, 1.0 ], [ -0.5, -0.809017, 0.309017, 0.0, -0.809017, 0.309017, -0.5, 0.0, 0.309017, -0.5, -0.809017, 0.0, 0.0, 0.0, 0.0, 1.0 ], [ -0.309017, 0.5, 0.809017, 0.0, -0.5, -0.809017, 0.309017, 0.0, 0.809017, -0.309017, 0.5, 0.0, 0.0, 0.0, 0.0, 1.0 ], [ -0.809017, 0.309017, -0.5, 0.0, -0.309017, 0.5, 0.809017, 0.0, 0.5, 0.809017, -0.309017, 0.0, 0.0, 0.0, 0.0, 1.0 ], [ -0.809017, -0.309017, 0.5, 0.0, -0.309017, -0.5, -0.809017, 0.0, 0.5, -0.809017, 0.309017, 0.0, 0.0, 0.0, 0.0, 1.0 ], [ -0.5, 0.809017, -0.309017, 0.0, -0.809017, -0.309017, 0.5, 0.0, 0.309017, 0.5, 0.809017, 0.0, 0.0, 0.0, 0.0, 1.0 ], [ -0.309017, -0.5, -0.809017, 0.0, -0.5, 0.809017, -0.309017, 0.0, 0.809017, 0.309017, -0.5, 0.0, 0.0, 0.0, 0.0, 1.0 ], [ -1.0, 0.0, 0.0, 0.0, 0.0, 1.0, 0.0, 0.0, 0.0, 0.0, -1.0, 0.0, 0.0, 0.0, 0.0, 1.0 ], [ 0.0, 0.0, -1.0, 0.0, 1.0, 0.0, 0.0, 0.0, 0.0, -1.0, 0.0, 0.0, 0.0, 0.0, 0.0, 1.0 ], [ 0.0, -1.0, 0.0, 0.0, 0.0, 0.0, 1.0, 0.0, -1.0, 0.0, 0.0, 0.0, 0.0, 0.0, 0.0, 1.0 ], [ -0.809017, -0.309017, -0.5, 0.0, 0.309017, 0.5, -0.809017, 0.0, 0.5, -0.809017, -0.309017, 0.0, 0.0, 0.0, 0.0, 1.0 ], [ 0.5, -0.809017, -0.309017, 0.0, 0.809017, 0.309017, 0.5, 0.0, -0.309017, -0.5, 0.809017, 0.0, 0.0, 0.0, 0.0, 1.0 ], [ -0.309017, -0.5, 0.809017, 0.0, -0.5, 0.809017, 0.309017, 0.0, -0.809017, -0.309017, -0.5, 0.0, 0.0, 0.0, 0.0, 1.0 ], [ -0.5, -0.809017, -0.309017, 0.0, 0.809017, -0.309017, -0.5, 0.0, 0.309017, -0.5, 0.809017, 0.0, 0.0, 0.0, 0.0, 1.0 ], [ 0.309017, -0.5, 0.809017, 0.0, 0.5, 0.809017, 0.309017, 0.0, -0.809017, 0.309017, 0.5, 0.0, 0.0, 0.0, 0.0, 1.0 ], [ -0.809017, 0.309017, 0.5, 0.0, -0.309017, 0.5, -0.809017, 0.0, -0.5, -0.809017, -0.309017, 0.0, 0.0, 0.0, 0.0, 1.0 ], [ -0.5, -0.809017, 0.309017, 0.0, 0.809017, -0.309017, 0.5, 0.0, -0.309017, 0.5, 0.809017, 0.0, 0.0, 0.0, 0.0, 1.0 ], [ -0.309017, 0.5, 0.809017, 0.0, 0.5, 0.809017, -0.309017, 0.0, -0.809017, 0.309017, -0.5, 0.0, 0.0, 0.0, 0.0, 1.0 ], [ -0.809017, 0.309017, -0.5, 0.0, 0.309017, -0.5, -0.809017, 0.0, -0.5, -0.809017, 0.309017, 0.0, 0.0, 0.0, 0.0, 1.0 ], [ -0.809017, -0.309017, 0.5, 0.0, 0.309017, 0.5, 0.809017, 0.0, -0.5, 0.809017, -0.309017, 0.0, 0.0, 0.0, 0.0, 1.0 ], [ -0.5, 0.809017, -0.309017, 0.0, 0.809017, 0.309017, -0.5, 0.0, -0.309017, -0.5, -0.809017, 0.0, 0.0, 0.0, 0.0, 1.0 ], [ -0.309017, -0.5, -0.809017, 0.0, 0.5, -0.809017, 0.309017, 0.0, -0.809017, -0.309017, 0.5, 0.0, 0.0, 0.0, 0.0, 1.0 ] ],
  "lights" : {
    "directionalLights" : [ {
      "direction" : [ 1.0, -1.0, -1.0 ],
      "color" : "#EBEBE4"
    }, {
      "direction" : [ -1.0, 0.0, 0.0 ],
      "color" : "#E4E4EB"
    }, {
      "direction" : [ 0.0, 0.0, -1.0 ],
      "color" : "#1E1E1E"
    } ],
    "backgroundColor" : "#AFC8DC",
    "ambientColor" : "#292929"
  },
  "camera" : {
    "position" : {
      "x" : 198.02881,
      "y" : 52.834366,
      "z" : -88.83772
    },
    "width" : 100.52154,
    "lookAtPointRV" : {
      "x" : 0.0,
      "y" : 0.0,
      "z" : 0.0,
      "zero" : true
    },
    "perspective" : true,
    "viewDistance" : 223.38115,
    "fieldOfView" : 0.44262895,
    "lookDirectionRV" : {
      "x" : -0.8865064,
      "y" : -0.23652114,
      "z" : 0.3976957,
      "zero" : false
    },
    "upDirectionRV" : {
      "x" : -0.10068181,
      "y" : 0.9374913,
      "z" : 0.33311856,
      "zero" : false
    },
    "nearClipDistance" : 0.55845296,
    "lookAtPoint" : {
      "x" : 0.0,
      "y" : 0.0,
      "z" : 0.0
    },
    "farClipDistance" : 446.76263,
    "upDirection" : {
      "x" : -0.10068181,
      "y" : 0.9374913,
      "z" : 0.33311856
    },
    "stereo" : false,
    "lookDirection" : {
      "x" : -0.8865064,
      "y" : -0.23652114,
      "z" : 0.3976957
    }
  },
  "embedding" : [ 1.0, 0.0, 0.0, 0.0, 0.0, 1.0, 0.0, 0.0, 0.0, 0.0, 1.0, 0.0, 0.0, 0.0, 0.0, 1.0 ],
  "shapes" : [ {
    "id" : "c1d7b86f-ffab-49b4-926f-91d9f2216021",
    "orbit" : "blue",
    "orbitC" : "[[0,0,1],[0,0,1]]",
    "length" : "[1,1,2]",
    "name" : " :1/2 +1/2*phi",
    "vertices" : [ {
      "x" : 10.09017,
      "y" : 0.309017,
      "z" : 0.19098301
    }, {
      "x" : 10.09017,
      "y" : 0.309017,
      "z" : -0.19098301
    }, {
      "x" : 1.0,
      "y" : 0.309017,
      "z" : -0.19098301
    }, {
      "x" : 1.0,
      "y" : 0.309017,
      "z" : 0.19098301
    }, {
      "x" : 10.09017,
      "y" : -0.309017,
      "z" : 0.19098301
    }, {
      "x" : 1.0,
      "y" : -0.309017,
      "z" : 0.19098301
    }, {
      "x" : 1.0,
      "y" : -0.309017,
      "z" : -0.19098301
    }, {
      "x" : 10.09017,
      "y" : -0.309017,
      "z" : -0.19098301
    }, {
      "x" : 11.09017,
      "y" : 0.0,
      "z" : 0.0
    } ],
    "faces" : [ {
      "vertices" : [ 1, 7, 6, 2 ]
    }, {
      "vertices" : [ 0, 1, 2, 3 ]
    }, {
      "vertices" : [ 4, 5, 6, 7 ]
    }, {
      "vertices" : [ 0, 3, 5, 4 ]
    } ]
  }, {
    "id" : "6ecee9f3-6961-4d03-b7d2-2e2e129bfa5a",
    "name" : "ball",
    "vertices" : [ {
      "x" : 0.309017,
      "y" : -0.809017,
      "z" : 0.618034
    }, {
      "x" : 0.809017,
      "y" : -0.618034,
      "z" : 0.309017
    }, {
      "x" : 0.618034,
      "y" : -0.309017,
      "z" : 0.809017
    }, {
      "x" : 1.0,
      "y" : 0.309017,
      "z" : 0.19098301
    }, {
      "x" : 0.809017,
      "y" : 0.618034,
      "z" : 0.309017
    }, {
      "x" : 0.618034,
      "y" : 0.309017,
      "z" : 0.809017
    }, {
      "x" : 0.809017,
      "y" : 0.0,
      "z" : 0.690983
    }, {
      "x" : 0.19098301,
      "y" : -1.0,
      "z" : 0.309017
    }, {
      "x" : -0.19098301,
      "y" : -1.0,
      "z" : 0.309017
    }, {
      "x" : -0.19098301,
      "y" : -1.0,
      "z" : -0.309017
    }, {
      "x" : 0.19098301,
      "y" : -1.0,
      "z" : -0.309017
    }, {
      "x" : 1.0,
      "y" : -0.309017,
      "z" : -0.19098301
    }, {
      "x" : 0.809017,
      "y" : -0.618034,
      "z" : -0.309017
    }, {
      "x" : 0.618034,
      "y" : -0.309017,
      "z" : -0.809017
    }, {
      "x" : 0.809017,
      "y" : 0.0,
      "z" : -0.690983
    }, {
      "x" : 0.0,
      "y" : 0.690983,
      "z" : -0.809017
    }, {
      "x" : 0.309017,
      "y" : 0.809017,
      "z" : -0.618034
    }, {
      "x" : 0.618034,
      "y" : 0.309017,
      "z" : -0.809017
    }, {
      "x" : 0.309017,
      "y" : 0.19098301,
      "z" : -1.0
    }, {
      "x" : 1.0,
      "y" : 0.309017,
      "z" : -0.19098301
    }, {
      "x" : -0.309017,
      "y" : -0.809017,
      "z" : 0.618034
    }, {
      "x" : 0.0,
      "y" : -0.690983,
      "z" : 0.809017
    }, {
      "x" : 0.809017,
      "y" : 0.618034,
      "z" : -0.309017
    }, {
      "x" : 0.690983,
      "y" : 0.809017,
      "z" : 0.0
    }, {
      "x" : -0.690983,
      "y" : 0.809017,
      "z" : 0.0
    }, {
      "x" : -0.809017,
      "y" : 0.618034,
      "z" : 0.309017
    }, {
      "x" : -0.309017,
      "y" : 0.809017,
      "z" : 0.618034
    }, {
      "x" : -0.19098301,
      "y" : 1.0,
      "z" : 0.309017
    }, {
      "x" : 0.309017,
      "y" : -0.19098301,
      "z" : -1.0
    }, {
      "x" : 0.19098301,
      "y" : 1.0,
      "z" : 0.309017
    }, {
      "x" : 0.309017,
      "y" : 0.809017,
      "z" : 0.618034
    }, {
      "x" : -0.809017,
      "y" : -0.618034,
      "z" : 0.309017
    }, {
      "x" : -0.690983,
      "y" : -0.809017,
      "z" : 0.0
    }, {
      "x" : 0.0,
      "y" : 0.690983,
      "z" : 0.809017
    }, {
      "x" : 0.309017,
      "y" : -0.809017,
      "z" : -0.618034
    }, {
      "x" : 0.0,
      "y" : -0.690983,
      "z" : -0.809017
    }, {
      "x" : -1.0,
      "y" : 0.309017,
      "z" : 0.19098301
    }, {
      "x" : -0.809017,
      "y" : 0.0,
      "z" : 0.690983
    }, {
      "x" : -0.618034,
      "y" : 0.309017,
      "z" : 0.809017
    }, {
      "x" : 1.0,
      "y" : -0.309017,
      "z" : 0.19098301
    }, {
      "x" : -0.309017,
      "y" : -0.809017,
      "z" : -0.618034
    }, {
      "x" : -1.0,
      "y" : 0.309017,
      "z" : -0.19098301
    }, {
      "x" : -1.0,
      "y" : -0.309017,
      "z" : -0.19098301
    }, {
      "x" : -1.0,
      "y" : -0.309017,
      "z" : 0.19098301
    }, {
      "x" : 0.19098301,
      "y" : 1.0,
      "z" : -0.309017
    }, {
      "x" : -0.809017,
      "y" : 0.618034,
      "z" : -0.309017
    }, {
      "x" : -0.19098301,
      "y" : 1.0,
      "z" : -0.309017
    }, {
      "x" : -0.309017,
      "y" : 0.809017,
      "z" : -0.618034
    }, {
      "x" : -0.618034,
      "y" : -0.309017,
      "z" : 0.809017
    }, {
      "x" : 0.309017,
      "y" : 0.19098301,
      "z" : 1.0
    }, {
      "x" : -0.309017,
      "y" : 0.19098301,
      "z" : -1.0
    }, {
      "x" : -0.309017,
      "y" : 0.19098301,
      "z" : 1.0
    }, {
      "x" : -0.309017,
      "y" : -0.19098301,
      "z" : 1.0
    }, {
      "x" : 0.309017,
      "y" : -0.19098301,
      "z" : 1.0
    }, {
      "x" : 0.690983,
      "y" : -0.809017,
      "z" : 0.0
    }, {
      "x" : -0.809017,
      "y" : 0.0,
      "z" : -0.690983
    }, {
      "x" : -0.618034,
      "y" : -0.309017,
      "z" : -0.809017
    }, {
      "x" : -0.309017,
      "y" : -0.19098301,
      "z" : -1.0
    }, {
      "x" : -0.618034,
      "y" : 0.309017,
      "z" : -0.809017
    }, {
      "x" : -0.809017,
      "y" : -0.618034,
      "z" : -0.309017
    } ],
    "faces" : [ {
      "vertices" : [ 9, 40, 35, 34, 10 ]
    }, {
      "vertices" : [ 0, 1, 2 ]
    }, {
      "vertices" : [ 33, 51, 49 ]
    }, {
      "vertices" : [ 25, 36, 37, 38 ]
    }, {
      "vertices" : [ 41, 55, 42 ]
    }, {
      "vertices" : [ 9, 32, 59, 40 ]
    }, {
      "vertices" : [ 20, 21, 52, 48 ]
    }, {
      "vertices" : [ 26, 33, 30, 29, 27 ]
    }, {
      "vertices" : [ 3, 4, 5, 6 ]
    }, {
      "vertices" : [ 27, 29, 44, 46 ]
    }, {
      "vertices" : [ 50, 57, 56, 55, 58 ]
    }, {
      "vertices" : [ 26, 38, 51, 33 ]
    }, {
      "vertices" : [ 45, 47, 58 ]
    }, {
      "vertices" : [ 18, 28, 57, 50 ]
    }, {
      "vertices" : [ 40, 59, 56 ]
    }, {
      "vertices" : [ 31, 48, 37, 43 ]
    }, {
      "vertices" : [ 7, 8, 9, 10 ]
    }, {
      "vertices" : [ 36, 41, 42, 43 ]
    }, {
      "vertices" : [ 24, 46, 47, 45 ]
    }, {
      "vertices" : [ 4, 30, 5 ]
    }, {
      "vertices" : [ 15, 47, 46, 44, 16 ]
    }, {
      "vertices" : [ 15, 50, 58, 47 ]
    }, {
      "vertices" : [ 24, 45, 41, 36, 25 ]
    }, {
      "vertices" : [ 11, 14, 19 ]
    }, {
      "vertices" : [ 3, 6, 39 ]
    }, {
      "vertices" : [ 1, 39, 6, 2 ]
    }, {
      "vertices" : [ 8, 32, 9 ]
    }, {
      "vertices" : [ 11, 12, 13, 14 ]
    }, {
      "vertices" : [ 16, 22, 17 ]
    }, {
      "vertices" : [ 0, 21, 20, 8, 7 ]
    }, {
      "vertices" : [ 12, 34, 13 ]
    }, {
      "vertices" : [ 35, 40, 56, 57 ]
    }, {
      "vertices" : [ 0, 7, 54, 1 ]
    }, {
      "vertices" : [ 15, 16, 17, 18 ]
    }, {
      "vertices" : [ 3, 19, 22, 23, 4 ]
    }, {
      "vertices" : [ 7, 10, 54 ]
    }, {
      "vertices" : [ 41, 45, 58, 55 ]
    }, {
      "vertices" : [ 3, 39, 11, 19 ]
    }, {
      "vertices" : [ 14, 17, 22, 19 ]
    }, {
      "vertices" : [ 0, 2, 53, 21 ]
    }, {
      "vertices" : [ 49, 51, 52, 53 ]
    }, {
      "vertices" : [ 31, 43, 42, 59, 32 ]
    }, {
      "vertices" : [ 15, 18, 50 ]
    }, {
      "vertices" : [ 42, 55, 56, 59 ]
    }, {
      "vertices" : [ 4, 23, 29, 30 ]
    }, {
      "vertices" : [ 25, 38, 26 ]
    }, {
      "vertices" : [ 13, 28, 18, 17, 14 ]
    }, {
      "vertices" : [ 8, 20, 31, 32 ]
    }, {
      "vertices" : [ 23, 44, 29 ]
    }, {
      "vertices" : [ 24, 27, 46 ]
    }, {
      "vertices" : [ 37, 48, 52, 51, 38 ]
    }, {
      "vertices" : [ 20, 48, 31 ]
    }, {
      "vertices" : [ 24, 25, 26, 27 ]
    }, {
      "vertices" : [ 16, 44, 23, 22 ]
    }, {
      "vertices" : [ 13, 34, 35, 28 ]
    }, {
      "vertices" : [ 10, 34, 12, 54 ]
    }, {
      "vertices" : [ 2, 6, 5, 49, 53 ]
    }, {
      "vertices" : [ 36, 43, 37 ]
    }, {
      "vertices" : [ 5, 30, 33, 49 ]
    }, {
      "vertices" : [ 1, 54, 12, 11, 39 ]
    }, {
      "vertices" : [ 28, 35, 57 ]
    }, {
      "vertices" : [ 21, 53, 52 ]
    } ]
  }, {
    "id" : "c1e99708-7fc0-4ae9-92c5-7c638bfb1792",
    "orbit" : "yellow",
    "orbitC" : "[[0,0,1],[2,-1,1]]",
    "length" : "[0,1,1]",
    "name" : "y2",
    "vertices" : [ {
      "x" : 0.809017,
      "y" : 0.0,
      "z" : -0.690983
    }, {
      "x" : 1.0,
      "y" : 0.309017,
      "z" : -0.19098301
    }, {
      "x" : 4.736068,
      "y" : 0.309017,
      "z" : -1.618034
    }, {
      "x" : 4.545085,
      "y" : 0.0,
      "z" : -2.118034
    }, {
      "x" : 10.09017,
      "y" : 0.309017,
      "z" : -4.045085
    }, {
      "x" : 1.0,
      "y" : -0.309017,
      "z" : -0.19098301
    }, {
      "x" : 4.736068,
      "y" : -0.309017,
      "z" : -1.618034
    }, {
      "x" : 6.354102,
      "y" : 0.309017,
      "z" : -2.618034
    }, {
      "x" : 6.545085,
      "y" : 0.0,
      "z" : -2.118034
    }, {
      "x" : 11.09017,
      "y" : 0.0,
      "z" : -4.236068
    }, {
      "x" : 6.354102,
      "y" : -0.309017,
      "z" : -2.618034
    }, {
      "x" : 10.281153,
      "y" : 0.0,
      "z" : -3.545085
    }, {
      "x" : 10.09017,
      "y" : -0.309017,
      "z" : -4.045085
    } ],
    "faces" : [ {
      "vertices" : [ 2, 6, 8 ]
    }, {
      "vertices" : [ 4, 12, 10, 7 ]
    }, {
      "vertices" : [ 2, 8, 7 ]
    }, {
      "vertices" : [ 3, 10, 6 ]
    }, {
      "vertices" : [ 3, 7, 10 ]
    }, {
      "vertices" : [ 0, 1, 2, 3 ]
    }, {
      "vertices" : [ 6, 10, 8 ]
    }, {
      "vertices" : [ 8, 10, 12, 11 ]
    }, {
      "vertices" : [ 2, 7, 3 ]
    }, {
      "vertices" : [ 0, 3, 6, 5 ]
    }, {
      "vertices" : [ 1, 5, 6, 2 ]
    }, {
      "vertices" : [ 4, 7, 8, 11 ]
    } ]
  }, {
    "id" : "d98ff806-faf0-4b3f-9bbd-6e7af203fbfa",
    "orbit" : "green",
    "orbitC" : "[[2,-1,1],[5,-3,1]]",
    "length" : "[38,-15,12]",
    "name" : " :19/6 -5/4*phi",
    "vertices" : [ {
      "x" : 10.975006,
      "y" : 4.0010962,
      "z" : -1.7192658
    }, {
      "x" : 11.997549,
      "y" : 4.037571,
      "z" : -1.8512318
    }, {
      "x" : 10.975006,
      "y" : 4.0010962,
      "z" : -1.3372998
    }, {
      "x" : 10.784023,
      "y" : 4.3101134,
      "z" : -1.8372998
    }, {
      "x" : 10.784023,
      "y" : 4.3101134,
      "z" : -1.4553338
    }, {
      "x" : 0.809017,
      "y" : 0.618034,
      "z" : 0.309017
    }, {
      "x" : 1.0,
      "y" : 0.309017,
      "z" : 0.19098301
    }, {
      "x" : 1.9045085,
      "y" : 0.5364745,
      "z" : -0.013932022
    }, {
      "x" : 11.688532,
      "y" : 4.537571,
      "z" : -2.0422149
    }, {
      "x" : 11.879515,
      "y" : 4.228554,
      "z" : -2.1602488
    }, {
      "x" : 11.879515,
      "y" : 4.228554,
      "z" : -1.5422149
    }, {
      "x" : 11.688532,
      "y" : 4.537571,
      "z" : -1.6602488
    }, {
      "x" : 1.7135255,
      "y" : 0.8454915,
      "z" : -0.13196601
    }, {
      "x" : 0.690983,
      "y" : 0.809017,
      "z" : 0.0
    }, {
      "x" : 1.9045085,
      "y" : 0.5364745,
      "z" : -0.39589804
    }, {
      "x" : 1.7135255,
      "y" : 0.8454915,
      "z" : -0.51393205
    }, {
      "x" : 0.809017,
      "y" : 0.618034,
      "z" : -0.309017
    }, {
      "x" : 1.0,
      "y" : 0.309017,
      "z" : -0.19098301
    }, {
      "x" : 12.688532,
      "y" : 4.8465877,
      "z" : -1.8512318
    } ],
    "faces" : [ {
      "vertices" : [ 0, 14, 15, 3 ]
    }, {
      "vertices" : [ 3, 15, 12, 4 ]
    }, {
      "vertices" : [ 0, 1, 2 ]
    }, {
      "vertices" : [ 12, 15, 13 ]
    }, {
      "vertices" : [ 0, 9, 1 ]
    }, {
      "vertices" : [ 0, 3, 9 ]
    }, {
      "vertices" : [ 13, 15, 16 ]
    }, {
      "vertices" : [ 6, 17, 14, 7 ]
    }, {
      "vertices" : [ 1, 10, 2 ]
    }, {
      "vertices" : [ 5, 6, 7 ]
    }, {
      "vertices" : [ 3, 8, 9 ]
    }, {
      "vertices" : [ 0, 2, 7, 14 ]
    }, {
      "vertices" : [ 5, 7, 12 ]
    }, {
      "vertices" : [ 2, 4, 12, 7 ]
    }, {
      "vertices" : [ 3, 4, 11, 8 ]
    }, {
      "vertices" : [ 2, 10, 11, 4 ]
    }, {
      "vertices" : [ 5, 12, 13 ]
    }, {
      "vertices" : [ 14, 17, 16, 15 ]
    } ]
  }, {
    "id" : "4b7b9ef1-773a-4b1f-9e2c-6e69abec2bce",
    "orbit" : "green",
    "orbitC" : "[[2,-1,1],[5,-3,1]]",
    "length" : "[1,1,2]",
    "name" : " :1/2 +1/2*phi",
    "vertices" : [ {
      "x" : 12.803696,
      "y" : 4.6995935,
      "z" : -1.986068
    }, {
      "x" : 13.826238,
      "y" : 4.736068,
      "z" : -2.118034
    }, {
      "x" : 12.803696,
      "y" : 4.6995935,
      "z" : -1.604102
    }, {
      "x" : 12.612713,
      "y" : 5.0086102,
      "z" : -2.104102
    }, {
      "x" : 12.612713,
      "y" : 5.0086102,
      "z" : -1.7221359
    }, {
      "x" : 0.809017,
      "y" : 0.618034,
      "z" : 0.309017
    }, {
      "x" : 1.0,
      "y" : 0.309017,
      "z" : 0.19098301
    }, {
      "x" : 1.9045085,
      "y" : 0.5364745,
      "z" : -0.013932022
    }, {
      "x" : 13.5172205,
      "y" : 5.236068,
      "z" : -2.309017
    }, {
      "x" : 13.708204,
      "y" : 4.927051,
      "z" : -2.427051
    }, {
      "x" : 13.708204,
      "y" : 4.927051,
      "z" : -1.809017
    }, {
      "x" : 13.5172205,
      "y" : 5.236068,
      "z" : -1.927051
    }, {
      "x" : 1.7135255,
      "y" : 0.8454915,
      "z" : -0.13196601
    }, {
      "x" : 0.690983,
      "y" : 0.809017,
      "z" : 0.0
    }, {
      "x" : 1.9045085,
      "y" : 0.5364745,
      "z" : -0.39589804
    }, {
      "x" : 1.7135255,
      "y" : 0.8454915,
      "z" : -0.51393205
    }, {
      "x" : 0.809017,
      "y" : 0.618034,
      "z" : -0.309017
    }, {
      "x" : 1.0,
      "y" : 0.309017,
      "z" : -0.19098301
    }, {
      "x" : 14.5172205,
      "y" : 5.545085,
      "z" : -2.118034
    } ],
    "faces" : [ {
      "vertices" : [ 0, 14, 15, 3 ]
    }, {
      "vertices" : [ 3, 15, 12, 4 ]
    }, {
      "vertices" : [ 0, 1, 2 ]
    }, {
      "vertices" : [ 12, 15, 13 ]
    }, {
      "vertices" : [ 0, 9, 1 ]
    }, {
      "vertices" : [ 0, 3, 9 ]
    }, {
      "vertices" : [ 13, 15, 16 ]
    }, {
      "vertices" : [ 6, 17, 14, 7 ]
    }, {
      "vertices" : [ 1, 10, 2 ]
    }, {
      "vertices" : [ 5, 6, 7 ]
    }, {
      "vertices" : [ 3, 8, 9 ]
    }, {
      "vertices" : [ 0, 2, 7, 14 ]
    }, {
      "vertices" : [ 5, 7, 12 ]
    }, {
      "vertices" : [ 2, 4, 12, 7 ]
    }, {
      "vertices" : [ 3, 4, 11, 8 ]
    }, {
      "vertices" : [ 2, 10, 11, 4 ]
    }, {
      "vertices" : [ 5, 12, 13 ]
    }, {
      "vertices" : [ 14, 17, 16, 15 ]
    } ]
  }, {
    "id" : "419cd65a-ba2f-4512-8c6e-e577b6585150",
    "orbit" : "blue",
    "orbitC" : "[[0,0,1],[0,0,1]]",
    "length" : "[38,-15,12]",
    "name" : " :19/6 -5/4*phi",
    "vertices" : [ {
      "x" : 8.693175,
      "y" : 0.309017,
      "z" : 0.19098301
    }, {
      "x" : 8.693175,
      "y" : 0.309017,
      "z" : -0.19098301
    }, {
      "x" : 1.0,
      "y" : 0.309017,
      "z" : -0.19098301
    }, {
      "x" : 1.0,
      "y" : 0.309017,
      "z" : 0.19098301
    }, {
      "x" : 8.693175,
      "y" : -0.309017,
      "z" : 0.19098301
    }, {
      "x" : 1.0,
      "y" : -0.309017,
      "z" : 0.19098301
    }, {
      "x" : 1.0,
      "y" : -0.309017,
      "z" : -0.19098301
    }, {
      "x" : 8.693175,
      "y" : -0.309017,
      "z" : -0.19098301
    }, {
      "x" : 9.693175,
      "y" : 0.0,
      "z" : 0.0
    } ],
    "faces" : [ {
      "vertices" : [ 1, 7, 6, 2 ]
    }, {
      "vertices" : [ 0, 1, 2, 3 ]
    }, {
      "vertices" : [ 4, 5, 6, 7 ]
    }, {
      "vertices" : [ 0, 3, 5, 4 ]
    } ]
  } ],
  "instances" : [ {
    "shape" : "c1d7b86f-ffab-49b4-926f-91d9f2216021",
    "color" : "#008EC2",
    "position" : {
      "x" : 12.342439,
      "y" : -17.289448,
      "z" : 19.625107
    },
    "orientation" : 45
  }, {
    "shape" : "c1d7b86f-ffab-49b4-926f-91d9f2216021",
    "color" : "#008EC2",
    "position" : {
      "x" : 1.2522684,
      "y" : -6.199277,
      "z" : 19.625107
    },
    "orientation" : 1
  }, {
    "shape" : "6ecee9f3-6961-4d03-b7d2-2e2e129bfa5a",
    "color" : "#0000FF",
    "position" : {
      "x" : 12.342439,
      "y" : -6.199277,
      "z" : -2.5552323
    }
  }, {
    "shape" : "6ecee9f3-6961-4d03-b7d2-2e2e129bfa5a",
    "color" : "#0000FF",
    "position" : {
      "x" : -9.837901,
      "y" : -6.199277,
      "z" : 8.534938
    }
  }, {
    "shape" : "6ecee9f3-6961-4d03-b7d2-2e2e129bfa5a",
    "color" : "#FF0000",
    "position" : {
      "x" : -9.187337,
      "y" : 24.105875,
      "z" : -26.572958
    }
  }, {
    "shape" : "6ecee9f3-6961-4d03-b7d2-2e2e129bfa5a",
    "color" : "#0000FF",
    "position" : {
      "x" : 1.2522684,
      "y" : 4.890893,
      "z" : 19.625107
    }
  }, {
    "shape" : "c1d7b86f-ffab-49b4-926f-91d9f2216021",
    "color" : "#008EC2",
    "position" : {
      "x" : -9.837901,
      "y" : -6.199277,
      "z" : 19.625107
    },
    "orientation" : 0
  }, {
    "shape" : "6ecee9f3-6961-4d03-b7d2-2e2e129bfa5a",
    "color" : "#0000FF",
    "position" : {
      "x" : 23.432608,
      "y" : -6.199277,
      "z" : 8.534938
    }
  }, {
    "shape" : "6ecee9f3-6961-4d03-b7d2-2e2e129bfa5a",
    "color" : "#FFFF00",
    "position" : {
      "x" : -9.187337,
      "y" : 24.105875,
      "z" : -3.171578
    }
  }, {
    "shape" : "c1d7b86f-ffab-49b4-926f-91d9f2216021",
    "color" : "#008EC2",
    "position" : {
      "x" : 12.342439,
      "y" : 4.890893,
      "z" : 19.625107
    },
    "orientation" : 47
  }, {
    "shape" : "c1e99708-7fc0-4ae9-92c5-7c638bfb1792",
    "color" : "#FFB31A",
    "position" : {
      "x" : -2.3332345,
      "y" : 17.251774,
      "z" : 3.682524
    },
    "orientation" : 3
  }, {
    "shape" : "c1d7b86f-ffab-49b4-926f-91d9f2216021",
    "color" : "#008EC2",
    "position" : {
      "x" : 1.2522684,
      "y" : -28.379618,
      "z" : 19.625107
    },
    "orientation" : 47
  }, {
    "shape" : "6ecee9f3-6961-4d03-b7d2-2e2e129bfa5a",
    "color" : "#0000FF",
    "position" : {
      "x" : 12.342439,
      "y" : -6.199277,
      "z" : 30.715277
    }
  }, {
    "shape" : "6ecee9f3-6961-4d03-b7d2-2e2e129bfa5a",
    "color" : "#0000FF",
    "position" : {
      "x" : 12.342439,
      "y" : 4.890893,
      "z" : 8.534938
    }
  }, {
    "shape" : "c1d7b86f-ffab-49b4-926f-91d9f2216021",
    "color" : "#008EC2",
    "position" : {
      "x" : 12.342439,
      "y" : -17.289448,
      "z" : -2.5552323
    },
    "orientation" : 45
  }, {
    "shape" : "c1e99708-7fc0-4ae9-92c5-7c638bfb1792",
    "color" : "#FFB31A",
    "position" : {
      "x" : -12.02641,
      "y" : 17.251774,
      "z" : -33.42706
    },
    "orientation" : 9
  }, {
    "shape" : "c1e99708-7fc0-4ae9-92c5-7c638bfb1792",
    "color" : "#FFB31A",
    "position" : {
      "x" : -25.734613,
      "y" : 17.251774,
      "z" : -10.02568
    },
    "orientation" : 5
  }, {
    "shape" : "6ecee9f3-6961-4d03-b7d2-2e2e129bfa5a",
    "color" : "#FFFF00",
    "position" : {
      "x" : -5.172308,
      "y" : 0.704496,
      "z" : -3.171578
    }
  }, {
    "shape" : "6ecee9f3-6961-4d03-b7d2-2e2e129bfa5a",
    "color" : "#FFFF00",
    "position" : {
      "x" : 4.5208673,
      "y" : 10.397672,
      "z" : -3.171578
    }
  }, {
    "shape" : "c1e99708-7fc0-4ae9-92c5-7c638bfb1792",
    "color" : "#FFB31A",
    "position" : {
      "x" : -9.187337,
      "y" : 0.704496,
      "z" : -26.572958
    },
    "orientation" : 5
  }, {
    "shape" : "d98ff806-faf0-4b3f-9bbd-6e7af203fbfa",
    "color" : "#00993F",
    "position" : {
      "x" : -9.187337,
      "y" : 24.105875,
      "z" : -3.171578
    },
    "orientation" : 53
  }, {
    "shape" : "4b7b9ef1-773a-4b1f-9e2c-6e69abec2bce",
    "color" : "#00993F",
    "position" : {
      "x" : 23.432608,
      "y" : -6.199277,
      "z" : 19.625107
    },
    "orientation" : 38
  }, {
    "shape" : "6ecee9f3-6961-4d03-b7d2-2e2e129bfa5a",
    "color" : "#FFFF00",
    "position" : {
      "x" : -5.172308,
      "y" : 24.105875,
      "z" : -26.572958
    }
  }, {
    "shape" : "419cd65a-ba2f-4512-8c6e-e577b6585150",
    "color" : "#008EC2",
    "position" : {
      "x" : -12.02641,
      "y" : 30.959978,
      "z" : -10.02568
    },
    "orientation" : 47
  }, {
    "shape" : "419cd65a-ba2f-4512-8c6e-e577b6585150",
    "color" : "#008EC2",
    "position" : {
      "x" : -25.734613,
      "y" : 17.251774,
      "z" : -19.718855
    },
    "orientation" : 2
  }, {
    "shape" : "6ecee9f3-6961-4d03-b7d2-2e2e129bfa5a",
    "color" : "#0000FF",
    "position" : {
      "x" : 23.432608,
      "y" : -17.289448,
      "z" : 8.534938
    }
  }, {
    "shape" : "c1e99708-7fc0-4ae9-92c5-7c638bfb1792",
    "color" : "#FFB31A",
    "position" : {
      "x" : 11.3749695,
      "y" : 7.558598,
      "z" : -10.02568
    },
    "orientation" : 4
  }, {
    "shape" : "6ecee9f3-6961-4d03-b7d2-2e2e129bfa5a",
    "color" : "#FF0000",
    "position" : {
      "x" : -18.880512,
      "y" : 0.704496,
      "z" : -12.864754
    }
  }, {
    "shape" : "d98ff806-faf0-4b3f-9bbd-6e7af203fbfa",
    "color" : "#00993F",
    "position" : {
      "x" : -12.02641,
      "y" : 7.558598,
      "z" : -33.42706
    },
    "orientation" : 6
  }, {
    "shape" : "c1e99708-7fc0-4ae9-92c5-7c638bfb1792",
    "color" : "#FFB31A",
    "position" : {
      "x" : -2.3332345,
      "y" : 7.558598,
      "z" : -19.718855
    },
    "orientation" : 3
  }, {
    "shape" : "6ecee9f3-6961-4d03-b7d2-2e2e129bfa5a",
    "color" : "#00FF00",
    "position" : {
      "x" : 1.2522684,
      "y" : -6.199277,
      "z" : 19.625107
    }
  }, {
    "shape" : "c1e99708-7fc0-4ae9-92c5-7c638bfb1792",
    "color" : "#FFB31A",
    "position" : {
      "x" : -9.187337,
      "y" : 24.105875,
      "z" : -26.572958
    },
    "orientation" : 9
  }, {
    "shape" : "6ecee9f3-6961-4d03-b7d2-2e2e129bfa5a",
    "color" : "#0000FF",
    "position" : {
      "x" : 1.2522684,
      "y" : -6.199277,
      "z" : 30.715277
    }
  }, {
    "shape" : "419cd65a-ba2f-4512-8c6e-e577b6585150",
    "color" : "#008EC2",
    "position" : {
      "x" : 11.3749695,
      "y" : 7.558598,
      "z" : -10.02568
    },
    "orientation" : 1
  }, {
    "shape" : "c1d7b86f-ffab-49b4-926f-91d9f2216021",
    "color" : "#008EC2",
    "position" : {
      "x" : 12.342439,
      "y" : -17.289448,
      "z" : 8.534938
    },
    "orientation" : 16
  }, {
    "shape" : "c1e99708-7fc0-4ae9-92c5-7c638bfb1792",
    "color" : "#FFB31A",
    "position" : {
      "x" : -2.3332345,
      "y" : -6.1496058,
      "z" : -19.718855
    },
    "orientation" : 3
  }, {
    "shape" : "c1e99708-7fc0-4ae9-92c5-7c638bfb1792",
    "color" : "#FFB31A",
    "position" : {
      "x" : -18.880512,
      "y" : 24.105875,
      "z" : -12.864754
    },
    "orientation" : 19
  }, {
    "shape" : "419cd65a-ba2f-4512-8c6e-e577b6585150",
    "color" : "#008EC2",
    "position" : {
      "x" : 4.5208673,
      "y" : 10.397672,
      "z" : -3.171578
    },
    "orientation" : 16
  }, {
    "shape" : "c1d7b86f-ffab-49b4-926f-91d9f2216021",
    "color" : "#008EC2",
    "position" : {
      "x" : 12.342439,
      "y" : -6.199277,
      "z" : 19.625107
    },
    "orientation" : 45
  }, {
    "shape" : "c1d7b86f-ffab-49b4-926f-91d9f2216021",
    "color" : "#008EC2",
    "position" : {
      "x" : 1.2522684,
      "y" : -17.289448,
      "z" : 19.625107
    },
    "orientation" : 47
  }, {
    "shape" : "6ecee9f3-6961-4d03-b7d2-2e2e129bfa5a",
    "color" : "#0000FF",
    "position" : {
      "x" : -2.3332345,
      "y" : 17.251774,
      "z" : 3.682524
    }
  }, {
    "shape" : "6ecee9f3-6961-4d03-b7d2-2e2e129bfa5a",
    "color" : "#FF0000",
    "position" : {
      "x" : -18.880512,
      "y" : 24.105875,
      "z" : -16.879782
    }
  }, {
    "shape" : "4b7b9ef1-773a-4b1f-9e2c-6e69abec2bce",
    "color" : "#00993F",
    "position" : {
      "x" : 23.432608,
      "y" : -17.289448,
      "z" : 19.625107
    },
    "orientation" : 38
  }, {
    "shape" : "6ecee9f3-6961-4d03-b7d2-2e2e129bfa5a",
    "color" : "#F2F2F2",
    "position" : {
      "x" : -12.02641,
      "y" : 17.251774,
      "z" : -10.02568
    }
  }, {
    "shape" : "6ecee9f3-6961-4d03-b7d2-2e2e129bfa5a",
    "color" : "#0000FF",
    "position" : {
      "x" : 12.342439,
      "y" : -17.289448,
      "z" : 30.715277
    }
  }, {
    "shape" : "6ecee9f3-6961-4d03-b7d2-2e2e129bfa5a",
    "color" : "#FFFF00",
    "position" : {
      "x" : -18.880512,
      "y" : 0.704496,
      "z" : -16.879782
    }
  }, {
    "shape" : "c1e99708-7fc0-4ae9-92c5-7c638bfb1792",
    "color" : "#FFB31A",
    "position" : {
      "x" : -2.3332345,
      "y" : 17.251774,
      "z" : -19.718855
    },
    "orientation" : 9
  }, {
    "shape" : "d98ff806-faf0-4b3f-9bbd-6e7af203fbfa",
    "color" : "#00993F",
    "position" : {
      "x" : -18.880512,
      "y" : 24.105875,
      "z" : -12.864754
    },
    "orientation" : 37
  }, {
    "shape" : "c1e99708-7fc0-4ae9-92c5-7c638bfb1792",
    "color" : "#FFB31A",
    "position" : {
      "x" : -2.3332345,
      "y" : 17.251774,
      "z" : -10.02568
    },
    "orientation" : 5
  }, {
    "shape" : "d98ff806-faf0-4b3f-9bbd-6e7af203fbfa",
    "color" : "#00993F",
    "position" : {
      "x" : -2.3332345,
      "y" : 7.558598,
      "z" : -33.42706
    },
    "orientation" : 51
  }, {
    "shape" : "4b7b9ef1-773a-4b1f-9e2c-6e69abec2bce",
    "color" : "#00993F",
    "position" : {
      "x" : 1.2522684,
      "y" : -17.289448,
      "z" : -2.5552323
    },
    "orientation" : 37
  }, {
    "shape" : "c1d7b86f-ffab-49b4-926f-91d9f2216021",
    "color" : "#008EC2",
    "position" : {
      "x" : 1.2522684,
      "y" : -6.199277,
      "z" : 19.625107
    },
    "orientation" : 16
  }, {
    "shape" : "c1e99708-7fc0-4ae9-92c5-7c638bfb1792",
    "color" : "#FFB31A",
    "position" : {
      "x" : -12.02641,
      "y" : 30.959978,
      "z" : -19.718855
    },
    "orientation" : 39
  }, {
    "shape" : "c1e99708-7fc0-4ae9-92c5-7c638bfb1792",
    "color" : "#FFB31A",
    "position" : {
      "x" : -18.880512,
      "y" : 24.105875,
      "z" : -16.879782
    },
    "orientation" : 39
  }, {
    "shape" : "c1e99708-7fc0-4ae9-92c5-7c638bfb1792",
    "color" : "#FFB31A",
    "position" : {
      "x" : -2.3332345,
      "y" : 30.959978,
      "z" : -19.718855
    },
    "orientation" : 5
  }, {
    "shape" : "6ecee9f3-6961-4d03-b7d2-2e2e129bfa5a",
    "color" : "#FF0000",
    "position" : {
      "x" : -18.880512,
      "y" : 24.105875,
      "z" : -26.572958
    }
  }, {
    "shape" : "6ecee9f3-6961-4d03-b7d2-2e2e129bfa5a",
    "color" : "#0000FF",
    "position" : {
      "x" : 12.342439,
      "y" : -17.289448,
      "z" : -2.5552323
    }
  }, {
    "shape" : "6ecee9f3-6961-4d03-b7d2-2e2e129bfa5a",
    "color" : "#FFFF00",
    "position" : {
      "x" : -12.02641,
      "y" : -6.1496058,
      "z" : -19.718855
    }
  }, {
    "shape" : "d98ff806-faf0-4b3f-9bbd-6e7af203fbfa",
    "color" : "#00993F",
    "position" : {
      "x" : -18.880512,
      "y" : 0.704496,
      "z" : -12.864754
    },
    "orientation" : 7
  }, {
    "shape" : "d98ff806-faf0-4b3f-9bbd-6e7af203fbfa",
    "color" : "#00993F",
    "position" : {
      "x" : -12.02641,
      "y" : 7.558598,
      "z" : -19.718855
    },
    "orientation" : 6
  }, {
    "shape" : "6ecee9f3-6961-4d03-b7d2-2e2e129bfa5a",
    "color" : "#FFFF00",
    "position" : {
      "x" : -9.187337,
      "y" : 0.704496,
      "z" : -26.572958
    }
  }, {
    "shape" : "d98ff806-faf0-4b3f-9bbd-6e7af203fbfa",
    "color" : "#00993F",
    "position" : {
      "x" : -2.3332345,
      "y" : 7.558598,
      "z" : -19.718855
    },
    "orientation" : 7
  }, {
    "shape" : "c1e99708-7fc0-4ae9-92c5-7c638bfb1792",
    "color" : "#FFB31A",
    "position" : {
      "x" : -12.02641,
      "y" : 17.251774,
      "z" : -10.02568
    },
    "orientation" : 54
  }, {
    "shape" : "4b7b9ef1-773a-4b1f-9e2c-6e69abec2bce",
    "color" : "#00993F",
    "position" : {
      "x" : -9.837901,
      "y" : -6.199277,
      "z" : 8.534938
    },
    "orientation" : 6
  }, {
    "shape" : "419cd65a-ba2f-4512-8c6e-e577b6585150",
    "color" : "#008EC2",
    "position" : {
      "x" : -18.880512,
      "y" : 24.105875,
      "z" : -26.572958
    },
    "orientation" : 2
  }, {
    "shape" : "6ecee9f3-6961-4d03-b7d2-2e2e129bfa5a",
    "color" : "#FF0000",
    "position" : {
      "x" : 4.5208673,
      "y" : 24.105875,
      "z" : -3.171578
    }
  }, {
    "shape" : "6ecee9f3-6961-4d03-b7d2-2e2e129bfa5a",
    "color" : "#FF0000",
    "position" : {
      "x" : -9.187337,
      "y" : 0.704496,
      "z" : -3.171578
    }
  }, {
    "shape" : "d98ff806-faf0-4b3f-9bbd-6e7af203fbfa",
    "color" : "#00993F",
    "position" : {
      "x" : -12.02641,
      "y" : 30.959978,
      "z" : -10.02568
    },
    "orientation" : 23
  }, {
    "shape" : "c1e99708-7fc0-4ae9-92c5-7c638bfb1792",
    "color" : "#FFB31A",
    "position" : {
      "x" : -25.734613,
      "y" : 17.251774,
      "z" : -10.02568
    },
    "orientation" : 9
  }, {
    "shape" : "d98ff806-faf0-4b3f-9bbd-6e7af203fbfa",
    "color" : "#00993F",
    "position" : {
      "x" : -5.172308,
      "y" : 0.704496,
      "z" : -3.171578
    },
    "orientation" : 23
  }, {
    "shape" : "d98ff806-faf0-4b3f-9bbd-6e7af203fbfa",
    "color" : "#00993F",
    "position" : {
      "x" : 11.3749695,
      "y" : 7.558598,
      "z" : -19.718855
    },
    "orientation" : 7
  }, {
    "shape" : "6ecee9f3-6961-4d03-b7d2-2e2e129bfa5a",
    "color" : "#FFFF00",
    "position" : {
      "x" : 11.3749695,
      "y" : 17.251774,
      "z" : -19.718855
    }
  }, {
    "shape" : "6ecee9f3-6961-4d03-b7d2-2e2e129bfa5a",
    "color" : "#0000FF",
    "position" : {
      "x" : -12.02641,
      "y" : 7.558598,
      "z" : 3.682524
    }
  }, {
    "shape" : "c1d7b86f-ffab-49b4-926f-91d9f2216021",
    "color" : "#008EC2",
    "position" : {
      "x" : 12.342439,
      "y" : -6.199277,
      "z" : 30.715277
    },
    "orientation" : 45
  }, {
    "shape" : "c1e99708-7fc0-4ae9-92c5-7c638bfb1792",
    "color" : "#FFB31A",
    "position" : {
      "x" : -5.172308,
      "y" : 24.105875,
      "z" : -26.572958
    },
    "orientation" : 4
  }, {
    "shape" : "d98ff806-faf0-4b3f-9bbd-6e7af203fbfa",
    "color" : "#00993F",
    "position" : {
      "x" : 4.5208673,
      "y" : 0.704496,
      "z" : -12.864754
    },
    "orientation" : 7
  }, {
    "shape" : "c1d7b86f-ffab-49b4-926f-91d9f2216021",
    "color" : "#008EC2",
    "position" : {
      "x" : 23.432608,
      "y" : -17.289448,
      "z" : 19.625107
    },
    "orientation" : 47
  }, {
    "shape" : "4b7b9ef1-773a-4b1f-9e2c-6e69abec2bce",
    "color" : "#00993F",
    "position" : {
      "x" : -9.837901,
      "y" : -17.289448,
      "z" : 8.534938
    },
    "orientation" : 21
  }, {
    "shape" : "6ecee9f3-6961-4d03-b7d2-2e2e129bfa5a",
    "color" : "#0000FF",
    "position" : {
      "x" : 23.432608,
      "y" : -17.289448,
      "z" : 19.625107
    }
  }, {
    "shape" : "c1e99708-7fc0-4ae9-92c5-7c638bfb1792",
    "color" : "#FFB31A",
    "position" : {
      "x" : -18.880512,
      "y" : 0.704496,
      "z" : -12.864754
    },
    "orientation" : 54
  }, {
    "shape" : "d98ff806-faf0-4b3f-9bbd-6e7af203fbfa",
    "color" : "#00993F",
    "position" : {
      "x" : -12.02641,
      "y" : 30.959978,
      "z" : -19.718855
    },
    "orientation" : 8
  }, {
