{
  "polygons" : "true",
  "field" : "golden",
  "symmetry" : "icosahedral",
  "orientations" : [ [ 1.0, 0.0, 0.0, 0.0, 0.0, 1.0, 0.0, 0.0, 0.0, 0.0, 1.0, 0.0, 0.0, 0.0, 0.0, 1.0 ], [ 0.0, 0.0, 1.0, 0.0, 1.0, 0.0, 0.0, 0.0, 0.0, 1.0, 0.0, 0.0, 0.0, 0.0, 0.0, 1.0 ], [ 0.0, 1.0, 0.0, 0.0, 0.0, 0.0, 1.0, 0.0, 1.0, 0.0, 0.0, 0.0, 0.0, 0.0, 0.0, 1.0 ], [ 0.809017, 0.309017, 0.5, 0.0, 0.309017, 0.5, -0.809017, 0.0, -0.5, 0.809017, 0.309017, 0.0, 0.0, 0.0, 0.0, 1.0 ], [ -0.5, 0.809017, 0.309017, 0.0, 0.809017, 0.309017, 0.5, 0.0, 0.309017, 0.5, -0.809017, 0.0, 0.0, 0.0, 0.0, 1.0 ], [ 0.309017, 0.5, -0.809017, 0.0, -0.5, 0.809017, 0.309017, 0.0, 0.809017, 0.309017, 0.5, 0.0, 0.0, 0.0, 0.0, 1.0 ], [ 0.5, 0.809017, 0.309017, 0.0, 0.809017, -0.309017, -0.5, 0.0, -0.309017, 0.5, -0.809017, 0.0, 0.0, 0.0, 0.0, 1.0 ], [ -0.309017, 0.5, -0.809017, 0.0, 0.5, 0.809017, 0.309017, 0.0, 0.809017, -0.309017, -0.5, 0.0, 0.0, 0.0, 0.0, 1.0 ], [ 0.809017, -0.309017, -0.5, 0.0, -0.309017, 0.5, -0.809017, 0.0, 0.5, 0.809017, 0.309017, 0.0, 0.0, 0.0, 0.0, 1.0 ], [ 0.5, 0.809017, -0.309017, 0.0, 0.809017, -0.309017, 0.5, 0.0, 0.309017, -0.5, -0.809017, 0.0, 0.0, 0.0, 0.0, 1.0 ], [ 0.309017, -0.5, -0.809017, 0.0, 0.5, 0.809017, -0.309017, 0.0, 0.809017, -0.309017, 0.5, 0.0, 0.0, 0.0, 0.0, 1.0 ], [ 0.809017, -0.309017, 0.5, 0.0, 0.309017, -0.5, -0.809017, 0.0, 0.5, 0.809017, -0.309017, 0.0, 0.0, 0.0, 0.0, 1.0 ], [ 0.809017, 0.309017, -0.5, 0.0, 0.309017, 0.5, 0.809017, 0.0, 0.5, -0.809017, 0.309017, 0.0, 0.0, 0.0, 0.0, 1.0 ], [ 0.5, -0.809017, 0.309017, 0.0, 0.809017, 0.309017, -0.5, 0.0, 0.309017, 0.5, 0.809017, 0.0, 0.0, 0.0, 0.0, 1.0 ], [ 0.309017, 0.5, 0.809017, 0.0, 0.5, -0.809017, 0.309017, 0.0, 0.809017, 0.309017, -0.5, 0.0, 0.0, 0.0, 0.0, 1.0 ], [ 1.0, 0.0, 0.0, 0.0, 0.0, -1.0, 0.0, 0.0, 0.0, 0.0, -1.0, 0.0, 0.0, 0.0, 0.0, 1.0 ], [ 0.0, 0.0, 1.0, 0.0, -1.0, 0.0, 0.0, 0.0, 0.0, -1.0, 0.0, 0.0, 0.0, 0.0, 0.0, 1.0 ], [ 0.0, 1.0, 0.0, 0.0, 0.0, 0.0, -1.0, 0.0, -1.0, 0.0, 0.0, 0.0, 0.0, 0.0, 0.0, 1.0 ], [ 0.809017, 0.309017, 0.5, 0.0, -0.309017, -0.5, 0.809017, 0.0, 0.5, -0.809017, -0.309017, 0.0, 0.0, 0.0, 0.0, 1.0 ], [ -0.5, 0.809017, 0.309017, 0.0, -0.809017, -0.309017, -0.5, 0.0, -0.309017, -0.5, 0.809017, 0.0, 0.0, 0.0, 0.0, 1.0 ], [ 0.309017, 0.5, -0.809017, 0.0, 0.5, -0.809017, -0.309017, 0.0, -0.809017, -0.309017, -0.5, 0.0, 0.0, 0.0, 0.0, 1.0 ], [ 0.5, 0.809017, 0.309017, 0.0, -0.809017, 0.309017, 0.5, 0.0, 0.309017, -0.5, 0.809017, 0.0, 0.0, 0.0, 0.0, 1.0 ], [ -0.309017, 0.5, -0.809017, 0.0, -0.5, -0.809017, -0.309017, 0.0, -0.809017, 0.309017, 0.5, 0.0, 0.0, 0.0, 0.0, 1.0 ], [ 0.809017, -0.309017, -0.5, 0.0, 0.309017, -0.5, 0.809017, 0.0, -0.5, -0.809017, -0.309017, 0.0, 0.0, 0.0, 0.0, 1.0 ], [ 0.5, 0.809017, -0.309017, 0.0, -0.809017, 0.309017, -0.5, 0.0, -0.309017, 0.5, 0.809017, 0.0, 0.0, 0.0, 0.0, 1.0 ], [ 0.309017, -0.5, -0.809017, 0.0, -0.5, -0.809017, 0.309017, 0.0, -0.809017, 0.309017, -0.5, 0.0, 0.0, 0.0, 0.0, 1.0 ], [ 0.809017, -0.309017, 0.5, 0.0, -0.309017, 0.5, 0.809017, 0.0, -0.5, -0.809017, 0.309017, 0.0, 0.0, 0.0, 0.0, 1.0 ], [ 0.809017, 0.309017, -0.5, 0.0, -0.309017, -0.5, -0.809017, 0.0, -0.5, 0.809017, -0.309017, 0.0, 0.0, 0.0, 0.0, 1.0 ], [ 0.5, -0.809017, 0.309017, 0.0, -0.809017, -0.309017, 0.5, 0.0, -0.309017, -0.5, -0.809017, 0.0, 0.0, 0.0, 0.0, 1.0 ], [ 0.309017, 0.5, 0.809017, 0.0, -0.5, 0.809017, -0.309017, 0.0, -0.809017, -0.309017, 0.5, 0.0, 0.0, 0.0, 0.0, 1.0 ], [ -1.0, 0.0, 0.0, 0.0, 0.0, -1.0, 0.0, 0.0, 0.0, 0.0, 1.0, 0.0, 0.0, 0.0, 0.0, 1.0 ], [ 0.0, 0.0, -1.0, 0.0, -1.0, 0.0, 0.0, 0.0, 0.0, 1.0, 0.0, 0.0, 0.0, 0.0, 0.0, 1.0 ], [ 0.0, -1.0, 0.0, 0.0, 0.0, 0.0, -1.0, 0.0, 1.0, 0.0, 0.0, 0.0, 0.0, 0.0, 0.0, 1.0 ], [ -0.809017, -0.309017, -0.5, 0.0, -0.309017, -0.5, 0.809017, 0.0, -0.5, 0.809017, 0.309017, 0.0, 0.0, 0.0, 0.0, 1.0 ], [ 0.5, -0.809017, -0.309017, 0.0, -0.809017, -0.309017, -0.5, 0.0, 0.309017, 0.5, -0.809017, 0.0, 0.0, 0.0, 0.0, 1.0 ], [ -0.309017, -0.5, 0.809017, 0.0, 0.5, -0.809017, -0.309017, 0.0, 0.809017, 0.309017, 0.5, 0.0, 0.0, 0.0, 0.0, 1.0 ], [ -0.5, -0.809017, -0.309017, 0.0, -0.809017, 0.309017, 0.5, 0.0, -0.309017, 0.5, -0.809017, 0.0, 0.0, 0.0, 0.0, 1.0 ], [ 0.309017, -0.5, 0.809017, 0.0, -0.5, -0.809017, -0.309017, 0.0, 0.809017, -0.309017, -0.5, 0.0, 0.0, 0.0, 0.0, 1.0 ], [ -0.809017, 0.309017, 0.5, 0.0, 0.309017, -0.5, 0.809017, 0.0, 0.5, 0.809017, 0.309017, 0.0, 0.0, 0.0, 0.0, 1.0 ], [ -0.5, -0.809017, 0.309017, 0.0, -0.809017, 0.309017, -0.5, 0.0, 0.309017, -0.5, -0.809017, 0.0, 0.0, 0.0, 0.0, 1.0 ], [ -0.309017, 0.5, 0.809017, 0.0, -0.5, -0.809017, 0.309017, 0.0, 0.809017, -0.309017, 0.5, 0.0, 0.0, 0.0, 0.0, 1.0 ], [ -0.809017, 0.309017, -0.5, 0.0, -0.309017, 0.5, 0.809017, 0.0, 0.5, 0.809017, -0.309017, 0.0, 0.0, 0.0, 0.0, 1.0 ], [ -0.809017, -0.309017, 0.5, 0.0, -0.309017, -0.5, -0.809017, 0.0, 0.5, -0.809017, 0.309017, 0.0, 0.0, 0.0, 0.0, 1.0 ], [ -0.5, 0.809017, -0.309017, 0.0, -0.809017, -0.309017, 0.5, 0.0, 0.309017, 0.5, 0.809017, 0.0, 0.0, 0.0, 0.0, 1.0 ], [ -0.309017, -0.5, -0.809017, 0.0, -0.5, 0.809017, -0.309017, 0.0, 0.809017, 0.309017, -0.5, 0.0, 0.0, 0.0, 0.0, 1.0 ], [ -1.0, 0.0, 0.0, 0.0, 0.0, 1.0, 0.0, 0.0, 0.0, 0.0, -1.0, 0.0, 0.0, 0.0, 0.0, 1.0 ], [ 0.0, 0.0, -1.0, 0.0, 1.0, 0.0, 0.0, 0.0, 0.0, -1.0, 0.0, 0.0, 0.0, 0.0, 0.0, 1.0 ], [ 0.0, -1.0, 0.0, 0.0, 0.0, 0.0, 1.0, 0.0, -1.0, 0.0, 0.0, 0.0, 0.0, 0.0, 0.0, 1.0 ], [ -0.809017, -0.309017, -0.5, 0.0, 0.309017, 0.5, -0.809017, 0.0, 0.5, -0.809017, -0.309017, 0.0, 0.0, 0.0, 0.0, 1.0 ], [ 0.5, -0.809017, -0.309017, 0.0, 0.809017, 0.309017, 0.5, 0.0, -0.309017, -0.5, 0.809017, 0.0, 0.0, 0.0, 0.0, 1.0 ], [ -0.309017, -0.5, 0.809017, 0.0, -0.5, 0.809017, 0.309017, 0.0, -0.809017, -0.309017, -0.5, 0.0, 0.0, 0.0, 0.0, 1.0 ], [ -0.5, -0.809017, -0.309017, 0.0, 0.809017, -0.309017, -0.5, 0.0, 0.309017, -0.5, 0.809017, 0.0, 0.0, 0.0, 0.0, 1.0 ], [ 0.309017, -0.5, 0.809017, 0.0, 0.5, 0.809017, 0.309017, 0.0, -0.809017, 0.309017, 0.5, 0.0, 0.0, 0.0, 0.0, 1.0 ], [ -0.809017, 0.309017, 0.5, 0.0, -0.309017, 0.5, -0.809017, 0.0, -0.5, -0.809017, -0.309017, 0.0, 0.0, 0.0, 0.0, 1.0 ], [ -0.5, -0.809017, 0.309017, 0.0, 0.809017, -0.309017, 0.5, 0.0, -0.309017, 0.5, 0.809017, 0.0, 0.0, 0.0, 0.0, 1.0 ], [ -0.309017, 0.5, 0.809017, 0.0, 0.5, 0.809017, -0.309017, 0.0, -0.809017, 0.309017, -0.5, 0.0, 0.0, 0.0, 0.0, 1.0 ], [ -0.809017, 0.309017, -0.5, 0.0, 0.309017, -0.5, -0.809017, 0.0, -0.5, -0.809017, 0.309017, 0.0, 0.0, 0.0, 0.0, 1.0 ], [ -0.809017, -0.309017, 0.5, 0.0, 0.309017, 0.5, 0.809017, 0.0, -0.5, 0.809017, -0.309017, 0.0, 0.0, 0.0, 0.0, 1.0 ], [ -0.5, 0.809017, -0.309017, 0.0, 0.809017, 0.309017, -0.5, 0.0, -0.309017, -0.5, -0.809017, 0.0, 0.0, 0.0, 0.0, 1.0 ], [ -0.309017, -0.5, -0.809017, 0.0, 0.5, -0.809017, 0.309017, 0.0, -0.809017, -0.309017, 0.5, 0.0, 0.0, 0.0, 0.0, 1.0 ] ],
  "lights" : {
    "directionalLights" : [ {
      "direction" : [ 1.0, -1.0, -1.0 ],
      "color" : "#EBEBE4"
    }, {
      "direction" : [ -1.0, 0.0, 0.0 ],
      "color" : "#E4E4EB"
    }, {
      "direction" : [ 0.0, 0.0, -1.0 ],
      "color" : "#1E1E1E"
    } ],
    "backgroundColor" : "#AFC8DC",
    "ambientColor" : "#292929"
  },
  "camera" : {
    "position" : {
      "x" : 199.87857,
      "y" : -272.01617,
      "z" : 40.49136
    },
    "width" : 152.98988,
    "viewDistance" : 339.97745,
    "perspective" : true,
    "fieldOfView" : 0.44262898,
    "lookAtPointRV" : {
      "x" : 0.0,
      "y" : 0.0,
      "z" : 0.0,
      "zero" : true
    },
    "upDirectionRV" : {
      "x" : 0.14550525,
      "y" : 0.24943607,
      "z" : 0.9573923,
      "zero" : false
    },
    "lookDirectionRV" : {
      "x" : -0.58791715,
      "y" : 0.8001006,
      "z" : -0.11910013,
      "zero" : false
    },
    "nearClipDistance" : 0.8499429,
    "lookAtPoint" : {
      "x" : 0.0,
      "y" : 0.0,
      "z" : 0.0
    },
    "stereo" : false,
    "lookDirection" : {
      "x" : -0.58791715,
      "y" : 0.8001006,
      "z" : -0.11910013
    },
    "upDirection" : {
      "x" : 0.14550525,
      "y" : 0.24943607,
      "z" : 0.9573923
    },
    "farClipDistance" : 679.9546
  },
  "embedding" : [ 1.0, 0.0, 0.0, 0.0, 0.0, 1.0, 0.0, 0.0, 0.0, 0.0, 1.0, 0.0, 0.0, 0.0, 0.0, 1.0 ],
  "shapes" : [ {
    "id" : "ccdba1e5-3311-4476-883e-0e7953e156ec",
    "name" : "ball",
    "vertices" : [ {
      "x" : 0.309017,
      "y" : -0.809017,
      "z" : 0.618034
    }, {
      "x" : 0.809017,
      "y" : -0.618034,
      "z" : 0.309017
    }, {
      "x" : 0.618034,
      "y" : -0.309017,
      "z" : 0.809017
    }, {
      "x" : 1.0,
      "y" : 0.309017,
      "z" : 0.19098301
    }, {
      "x" : 0.809017,
      "y" : 0.618034,
      "z" : 0.309017
    }, {
      "x" : 0.618034,
      "y" : 0.309017,
      "z" : 0.809017
    }, {
      "x" : 0.809017,
      "y" : 0.0,
      "z" : 0.690983
    }, {
      "x" : 0.19098301,
      "y" : -1.0,
      "z" : 0.309017
    }, {
      "x" : -0.19098301,
      "y" : -1.0,
      "z" : 0.309017
    }, {
      "x" : -0.19098301,
      "y" : -1.0,
      "z" : -0.309017
    }, {
      "x" : 0.19098301,
      "y" : -1.0,
      "z" : -0.309017
    }, {
      "x" : 1.0,
      "y" : -0.309017,
      "z" : -0.19098301
    }, {
      "x" : 0.809017,
      "y" : -0.618034,
      "z" : -0.309017
    }, {
      "x" : 0.618034,
      "y" : -0.309017,
      "z" : -0.809017
    }, {
      "x" : 0.809017,
      "y" : 0.0,
      "z" : -0.690983
    }, {
      "x" : 0.0,
      "y" : 0.690983,
      "z" : -0.809017
    }, {
      "x" : 0.309017,
      "y" : 0.809017,
      "z" : -0.618034
    }, {
      "x" : 0.618034,
      "y" : 0.309017,
      "z" : -0.809017
    }, {
      "x" : 0.309017,
      "y" : 0.19098301,
      "z" : -1.0
    }, {
      "x" : 1.0,
      "y" : 0.309017,
      "z" : -0.19098301
    }, {
      "x" : -0.309017,
      "y" : -0.809017,
      "z" : 0.618034
    }, {
      "x" : 0.0,
      "y" : -0.690983,
      "z" : 0.809017
    }, {
      "x" : 0.809017,
      "y" : 0.618034,
      "z" : -0.309017
    }, {
      "x" : 0.690983,
      "y" : 0.809017,
      "z" : 0.0
    }, {
      "x" : -0.690983,
      "y" : 0.809017,
      "z" : 0.0
    }, {
      "x" : -0.809017,
      "y" : 0.618034,
      "z" : 0.309017
    }, {
      "x" : -0.309017,
      "y" : 0.809017,
      "z" : 0.618034
    }, {
      "x" : -0.19098301,
      "y" : 1.0,
      "z" : 0.309017
    }, {
      "x" : 0.309017,
      "y" : -0.19098301,
      "z" : -1.0
    }, {
      "x" : 0.19098301,
      "y" : 1.0,
      "z" : 0.309017
    }, {
      "x" : 0.309017,
      "y" : 0.809017,
      "z" : 0.618034
    }, {
      "x" : -0.809017,
      "y" : -0.618034,
      "z" : 0.309017
    }, {
      "x" : -0.690983,
      "y" : -0.809017,
      "z" : 0.0
    }, {
      "x" : 0.0,
      "y" : 0.690983,
      "z" : 0.809017
    }, {
      "x" : 0.309017,
      "y" : -0.809017,
      "z" : -0.618034
    }, {
      "x" : 0.0,
      "y" : -0.690983,
      "z" : -0.809017
    }, {
      "x" : -1.0,
      "y" : 0.309017,
      "z" : 0.19098301
    }, {
      "x" : -0.809017,
      "y" : 0.0,
      "z" : 0.690983
    }, {
      "x" : -0.618034,
      "y" : 0.309017,
      "z" : 0.809017
    }, {
      "x" : 1.0,
      "y" : -0.309017,
      "z" : 0.19098301
    }, {
      "x" : -0.309017,
      "y" : -0.809017,
      "z" : -0.618034
    }, {
      "x" : -1.0,
      "y" : 0.309017,
      "z" : -0.19098301
    }, {
      "x" : -1.0,
      "y" : -0.309017,
      "z" : -0.19098301
    }, {
      "x" : -1.0,
      "y" : -0.309017,
      "z" : 0.19098301
    }, {
      "x" : 0.19098301,
      "y" : 1.0,
      "z" : -0.309017
    }, {
      "x" : -0.809017,
      "y" : 0.618034,
      "z" : -0.309017
    }, {
      "x" : -0.19098301,
      "y" : 1.0,
      "z" : -0.309017
    }, {
      "x" : -0.309017,
      "y" : 0.809017,
      "z" : -0.618034
    }, {
      "x" : -0.618034,
      "y" : -0.309017,
      "z" : 0.809017
    }, {
      "x" : 0.309017,
      "y" : 0.19098301,
      "z" : 1.0
    }, {
      "x" : -0.309017,
      "y" : 0.19098301,
      "z" : -1.0
    }, {
      "x" : -0.309017,
      "y" : 0.19098301,
      "z" : 1.0
    }, {
      "x" : -0.309017,
      "y" : -0.19098301,
      "z" : 1.0
    }, {
      "x" : 0.309017,
      "y" : -0.19098301,
      "z" : 1.0
    }, {
      "x" : 0.690983,
      "y" : -0.809017,
      "z" : 0.0
    }, {
      "x" : -0.809017,
      "y" : 0.0,
      "z" : -0.690983
    }, {
      "x" : -0.618034,
      "y" : -0.309017,
      "z" : -0.809017
    }, {
      "x" : -0.309017,
      "y" : -0.19098301,
      "z" : -1.0
    }, {
      "x" : -0.618034,
      "y" : 0.309017,
      "z" : -0.809017
    }, {
      "x" : -0.809017,
      "y" : -0.618034,
      "z" : -0.309017
    } ],
    "faces" : [ {
      "vertices" : [ 9, 40, 35, 34, 10 ]
    }, {
      "vertices" : [ 0, 1, 2 ]
    }, {
      "vertices" : [ 33, 51, 49 ]
    }, {
      "vertices" : [ 25, 36, 37, 38 ]
    }, {
      "vertices" : [ 41, 55, 42 ]
    }, {
      "vertices" : [ 9, 32, 59, 40 ]
    }, {
      "vertices" : [ 20, 21, 52, 48 ]
    }, {
      "vertices" : [ 26, 33, 30, 29, 27 ]
    }, {
      "vertices" : [ 3, 4, 5, 6 ]
    }, {
      "vertices" : [ 27, 29, 44, 46 ]
    }, {
      "vertices" : [ 50, 57, 56, 55, 58 ]
    }, {
      "vertices" : [ 26, 38, 51, 33 ]
    }, {
      "vertices" : [ 45, 47, 58 ]
    }, {
      "vertices" : [ 18, 28, 57, 50 ]
    }, {
      "vertices" : [ 40, 59, 56 ]
    }, {
      "vertices" : [ 31, 48, 37, 43 ]
    }, {
      "vertices" : [ 7, 8, 9, 10 ]
    }, {
      "vertices" : [ 36, 41, 42, 43 ]
    }, {
      "vertices" : [ 24, 46, 47, 45 ]
    }, {
      "vertices" : [ 4, 30, 5 ]
    }, {
      "vertices" : [ 15, 47, 46, 44, 16 ]
    }, {
      "vertices" : [ 15, 50, 58, 47 ]
    }, {
      "vertices" : [ 24, 45, 41, 36, 25 ]
    }, {
      "vertices" : [ 11, 14, 19 ]
    }, {
      "vertices" : [ 3, 6, 39 ]
    }, {
      "vertices" : [ 1, 39, 6, 2 ]
    }, {
      "vertices" : [ 8, 32, 9 ]
    }, {
      "vertices" : [ 11, 12, 13, 14 ]
    }, {
      "vertices" : [ 16, 22, 17 ]
    }, {
      "vertices" : [ 0, 21, 20, 8, 7 ]
    }, {
      "vertices" : [ 12, 34, 13 ]
    }, {
      "vertices" : [ 35, 40, 56, 57 ]
    }, {
      "vertices" : [ 0, 7, 54, 1 ]
    }, {
      "vertices" : [ 15, 16, 17, 18 ]
    }, {
      "vertices" : [ 3, 19, 22, 23, 4 ]
    }, {
      "vertices" : [ 7, 10, 54 ]
    }, {
      "vertices" : [ 41, 45, 58, 55 ]
    }, {
      "vertices" : [ 3, 39, 11, 19 ]
    }, {
      "vertices" : [ 14, 17, 22, 19 ]
    }, {
      "vertices" : [ 0, 2, 53, 21 ]
    }, {
      "vertices" : [ 49, 51, 52, 53 ]
    }, {
      "vertices" : [ 31, 43, 42, 59, 32 ]
    }, {
      "vertices" : [ 15, 18, 50 ]
    }, {
      "vertices" : [ 42, 55, 56, 59 ]
    }, {
      "vertices" : [ 4, 23, 29, 30 ]
    }, {
      "vertices" : [ 25, 38, 26 ]
    }, {
      "vertices" : [ 13, 28, 18, 17, 14 ]
    }, {
      "vertices" : [ 8, 20, 31, 32 ]
    }, {
      "vertices" : [ 23, 44, 29 ]
    }, {
      "vertices" : [ 24, 27, 46 ]
    }, {
      "vertices" : [ 37, 48, 52, 51, 38 ]
    }, {
      "vertices" : [ 20, 48, 31 ]
    }, {
      "vertices" : [ 24, 25, 26, 27 ]
    }, {
      "vertices" : [ 16, 44, 23, 22 ]
    }, {
      "vertices" : [ 13, 34, 35, 28 ]
    }, {
      "vertices" : [ 10, 34, 12, 54 ]
    }, {
      "vertices" : [ 2, 6, 5, 49, 53 ]
    }, {
      "vertices" : [ 36, 43, 37 ]
    }, {
      "vertices" : [ 5, 30, 33, 49 ]
    }, {
      "vertices" : [ 1, 54, 12, 11, 39 ]
    }, {
      "vertices" : [ 28, 35, 57 ]
    }, {
      "vertices" : [ 21, 53, 52 ]
    } ]
  }, {
    "id" : "42ca1fae-d302-4d34-9989-f048c7d6847d",
    "orbit" : "blue",
    "orbitC" : "[[0,0,1],[0,0,1]]",
    "length" : "[1,0,1]",
    "name" : "b1",
    "vertices" : [ {
      "x" : 7.472136,
      "y" : 0.309017,
      "z" : 0.19098301
    }, {
      "x" : 7.472136,
      "y" : 0.309017,
      "z" : -0.19098301
    }, {
      "x" : 1.0,
      "y" : 0.309017,
      "z" : -0.19098301
    }, {
      "x" : 1.0,
      "y" : 0.309017,
      "z" : 0.19098301
    }, {
      "x" : 7.472136,
      "y" : -0.309017,
      "z" : 0.19098301
    }, {
      "x" : 1.0,
      "y" : -0.309017,
      "z" : 0.19098301
    }, {
      "x" : 1.0,
      "y" : -0.309017,
      "z" : -0.19098301
    }, {
      "x" : 7.472136,
      "y" : -0.309017,
      "z" : -0.19098301
    }, {
      "x" : 8.472136,
      "y" : 0.0,
      "z" : 0.0
    } ],
    "faces" : [ {
      "vertices" : [ 1, 7, 6, 2 ]
    }, {
      "vertices" : [ 0, 1, 2, 3 ]
    }, {
      "vertices" : [ 4, 5, 6, 7 ]
    }, {
      "vertices" : [ 0, 3, 5, 4 ]
    } ]
  }, {
    "id" : "15e5b4e8-afa2-47e6-a59b-fea00bd4407f",
    "orbit" : "green",
    "orbitC" : "[[2,-1,1],[5,-3,1]]",
    "length" : "[1,0,1]",
    "name" : "g1",
    "vertices" : [ {
      "x" : 9.376644,
      "y" : 3.3905764,
      "z" : -1.486068
    }, {
      "x" : 10.399187,
      "y" : 3.427051,
      "z" : -1.618034
    }, {
      "x" : 9.376644,
      "y" : 3.3905764,
      "z" : -1.104102
    }, {
      "x" : 9.185661,
      "y" : 3.6995935,
      "z" : -1.604102
    }, {
      "x" : 9.185661,
      "y" : 3.6995935,
      "z" : -1.2221359
    }, {
      "x" : 0.809017,
      "y" : 0.618034,
      "z" : 0.309017
    }, {
      "x" : 1.0,
      "y" : 0.309017,
      "z" : 0.19098301
    }, {
      "x" : 1.9045085,
      "y" : 0.5364745,
      "z" : -0.013932022
    }, {
      "x" : 10.09017,
      "y" : 3.927051,
      "z" : -1.809017
    }, {
      "x" : 10.281153,
      "y" : 3.618034,
      "z" : -1.927051
    }, {
      "x" : 10.281153,
      "y" : 3.618034,
      "z" : -1.309017
    }, {
      "x" : 10.09017,
      "y" : 3.927051,
      "z" : -1.427051
    }, {
      "x" : 1.7135255,
      "y" : 0.8454915,
      "z" : -0.13196601
    }, {
      "x" : 0.690983,
      "y" : 0.809017,
      "z" : 0.0
    }, {
      "x" : 1.9045085,
      "y" : 0.5364745,
      "z" : -0.39589804
    }, {
      "x" : 1.7135255,
      "y" : 0.8454915,
      "z" : -0.51393205
    }, {
      "x" : 0.809017,
      "y" : 0.618034,
      "z" : -0.309017
    }, {
      "x" : 1.0,
      "y" : 0.309017,
      "z" : -0.19098301
    }, {
      "x" : 11.09017,
      "y" : 4.236068,
      "z" : -1.618034
    } ],
    "faces" : [ {
      "vertices" : [ 0, 14, 15, 3 ]
    }, {
      "vertices" : [ 3, 15, 12, 4 ]
    }, {
      "vertices" : [ 0, 1, 2 ]
    }, {
      "vertices" : [ 12, 15, 13 ]
    }, {
      "vertices" : [ 0, 9, 1 ]
    }, {
      "vertices" : [ 0, 3, 9 ]
    }, {
      "vertices" : [ 13, 15, 16 ]
    }, {
      "vertices" : [ 6, 17, 14, 7 ]
    }, {
      "vertices" : [ 1, 10, 2 ]
    }, {
      "vertices" : [ 5, 6, 7 ]
    }, {
      "vertices" : [ 3, 8, 9 ]
    }, {
      "vertices" : [ 0, 2, 7, 14 ]
    }, {
      "vertices" : [ 5, 7, 12 ]
    }, {
      "vertices" : [ 2, 4, 12, 7 ]
    }, {
      "vertices" : [ 3, 4, 11, 8 ]
    }, {
      "vertices" : [ 2, 10, 11, 4 ]
    }, {
      "vertices" : [ 5, 12, 13 ]
    }, {
      "vertices" : [ 14, 17, 16, 15 ]
    } ]
  }, {
    "id" : "87d26a79-0c77-4746-bbf1-8c4313a0a401",
    "orbit" : "yellow",
    "orbitC" : "[[0,0,1],[2,-1,1]]",
    "length" : "[1,0,1]",
    "name" : "y1",
    "vertices" : [ {
      "x" : 0.809017,
      "y" : 0.0,
      "z" : -0.690983
    }, {
      "x" : 1.0,
      "y" : 0.309017,
      "z" : -0.19098301
    }, {
      "x" : 2.618034,
      "y" : 0.309017,
      "z" : -0.809017
    }, {
      "x" : 2.427051,
      "y" : 0.0,
      "z" : -1.309017
    }, {
      "x" : 5.854102,
      "y" : 0.309017,
      "z" : -2.427051
    }, {
      "x" : 1.0,
      "y" : -0.309017,
      "z" : -0.19098301
    }, {
      "x" : 2.618034,
      "y" : -0.309017,
      "z" : -0.809017
    }, {
      "x" : 4.236068,
      "y" : 0.309017,
      "z" : -1.809017
    }, {
      "x" : 4.427051,
      "y" : 0.0,
      "z" : -1.309017
    }, {
      "x" : 6.854102,
      "y" : 0.0,
      "z" : -2.618034
    }, {
      "x" : 4.236068,
      "y" : -0.309017,
      "z" : -1.809017
    }, {
      "x" : 6.045085,
      "y" : 0.0,
      "z" : -1.927051
    }, {
      "x" : 5.854102,
      "y" : -0.309017,
      "z" : -2.427051
    } ],
    "faces" : [ {
      "vertices" : [ 2, 6, 8 ]
    }, {
      "vertices" : [ 4, 12, 10, 7 ]
    }, {
      "vertices" : [ 2, 8, 7 ]
    }, {
      "vertices" : [ 3, 10, 6 ]
    }, {
      "vertices" : [ 3, 7, 10 ]
    }, {
      "vertices" : [ 0, 1, 2, 3 ]
    }, {
      "vertices" : [ 6, 10, 8 ]
    }, {
      "vertices" : [ 8, 10, 12, 11 ]
    }, {
      "vertices" : [ 2, 7, 3 ]
    }, {
      "vertices" : [ 0, 3, 6, 5 ]
    }, {
      "vertices" : [ 1, 5, 6, 2 ]
    }, {
      "vertices" : [ 4, 7, 8, 11 ]
    } ]
  }, {
    "id" : "bad3aa97-3086-41b3-8b9d-96ca49c0a670",
    "orbit" : "blue",
    "orbitC" : "[[0,0,1],[0,0,1]]",
    "length" : "[-53,38,6]",
    "name" : " :-53/6 +19/3*phi",
    "vertices" : [ {
      "x" : 10.981424,
      "y" : 0.309017,
      "z" : 0.19098301
    }, {
      "x" : 10.981424,
      "y" : 0.309017,
      "z" : -0.19098301
    }, {
      "x" : 1.0,
      "y" : 0.309017,
      "z" : -0.19098301
    }, {
      "x" : 1.0,
      "y" : 0.309017,
      "z" : 0.19098301
    }, {
      "x" : 10.981424,
      "y" : -0.309017,
      "z" : 0.19098301
    }, {
      "x" : 1.0,
      "y" : -0.309017,
      "z" : 0.19098301
    }, {
      "x" : 1.0,
      "y" : -0.309017,
      "z" : -0.19098301
    }, {
      "x" : 10.981424,
      "y" : -0.309017,
      "z" : -0.19098301
    }, {
      "x" : 11.981424,
      "y" : 0.0,
      "z" : 0.0
    } ],
    "faces" : [ {
      "vertices" : [ 1, 7, 6, 2 ]
    }, {
      "vertices" : [ 0, 1, 2, 3 ]
    }, {
      "vertices" : [ 4, 5, 6, 7 ]
    }, {
      "vertices" : [ 0, 3, 5, 4 ]
    } ]
  }, {
    "id" : "545bfaa5-fbc8-474f-83fa-ac40fe31507b",
    "orbit" : "green",
    "orbitC" : "[[2,-1,1],[5,-3,1]]",
    "length" : "[1,0,2]",
    "name" : " :1/2",
    "vertices" : [ {
      "x" : 3.8315594,
      "y" : 1.2725425,
      "z" : -0.677051
    }, {
      "x" : 4.854102,
      "y" : 1.309017,
      "z" : -0.809017
    }, {
      "x" : 3.8315594,
      "y" : 1.2725425,
      "z" : -0.29508498
    }, {
      "x" : 3.6405764,
      "y" : 1.5815595,
      "z" : -0.79508495
    }, {
      "x" : 3.6405764,
      "y" : 1.5815595,
      "z" : -0.41311896
    }, {
      "x" : 0.809017,
      "y" : 0.618034,
      "z" : 0.309017
    }, {
      "x" : 1.0,
      "y" : 0.309017,
      "z" : 0.19098301
    }, {
      "x" : 1.9045085,
      "y" : 0.5364745,
      "z" : -0.013932022
    }, {
      "x" : 4.545085,
      "y" : 1.809017,
      "z" : -1.0
    }, {
      "x" : 4.736068,
      "y" : 1.5,
      "z" : -1.118034
    }, {
      "x" : 4.736068,
      "y" : 1.5,
      "z" : -0.5
    }, {
      "x" : 4.545085,
      "y" : 1.809017,
      "z" : -0.618034
    }, {
      "x" : 1.7135255,
      "y" : 0.8454915,
      "z" : -0.13196601
    }, {
      "x" : 0.690983,
      "y" : 0.809017,
      "z" : 0.0
    }, {
      "x" : 1.9045085,
      "y" : 0.5364745,
      "z" : -0.39589804
    }, {
      "x" : 1.7135255,
      "y" : 0.8454915,
      "z" : -0.51393205
    }, {
      "x" : 0.809017,
      "y" : 0.618034,
      "z" : -0.309017
    }, {
      "x" : 1.0,
      "y" : 0.309017,
      "z" : -0.19098301
    }, {
      "x" : 5.545085,
      "y" : 2.118034,
      "z" : -0.809017
    } ],
    "faces" : [ {
      "vertices" : [ 0, 14, 15, 3 ]
    }, {
      "vertices" : [ 3, 15, 12, 4 ]
    }, {
      "vertices" : [ 0, 1, 2 ]
    }, {
      "vertices" : [ 12, 15, 13 ]
    }, {
      "vertices" : [ 0, 9, 1 ]
    }, {
      "vertices" : [ 0, 3, 9 ]
    }, {
      "vertices" : [ 13, 15, 16 ]
    }, {
      "vertices" : [ 6, 17, 14, 7 ]
    }, {
      "vertices" : [ 1, 10, 2 ]
    }, {
      "vertices" : [ 5, 6, 7 ]
    }, {
      "vertices" : [ 3, 8, 9 ]
    }, {
      "vertices" : [ 0, 2, 7, 14 ]
    }, {
      "vertices" : [ 5, 7, 12 ]
    }, {
      "vertices" : [ 2, 4, 12, 7 ]
    }, {
      "vertices" : [ 3, 4, 11, 8 ]
    }, {
      "vertices" : [ 2, 10, 11, 4 ]
    }, {
      "vertices" : [ 5, 12, 13 ]
    }, {
      "vertices" : [ 14, 17, 16, 15 ]
    } ]
  } ],
  "instances" : [ {
    "shape" : "ccdba1e5-3311-4476-883e-0e7953e156ec",
    "color" : "#CCFF00",
    "position" : {
      "x" : 55.88607,
      "y" : 27.303423,
      "z" : -16.944271
    }
  }, {
    "shape" : "42ca1fae-d302-4d34-9989-f048c7d6847d",
    "color" : "#008EC2",
    "position" : {
      "x" : 21.997526,
      "y" : 44.247696,
      "z" : 8.472136
    },
    "orientation" : 45
  }, {
    "shape" : "42ca1fae-d302-4d34-9989-f048c7d6847d",
    "color" : "#008EC2",
    "position" : {
      "x" : 0.8171865,
      "y" : 6.123083,
      "z" : -4.236068
    },
    "orientation" : 1
  }, {
    "shape" : "ccdba1e5-3311-4476-883e-0e7953e156ec",
    "color" : "#FF0000",
    "position" : {
      "x" : 34.70573,
      "y" : 48.483765,
      "z" : -12.708204
    }
  }, {
    "shape" : "15e5b4e8-afa2-47e6-a59b-fea00bd4407f",
    "color" : "#00993F",
    "position" : {
      "x" : 0.8171865,
      "y" : 31.539492,
      "z" : 4.236068
    },
    "orientation" : 37
  }, {
    "shape" : "42ca1fae-d302-4d34-9989-f048c7d6847d",
    "color" : "#008EC2",
    "position" : {
      "x" : 21.997526,
      "y" : 10.359151,
      "z" : -25.416409
    },
    "orientation" : 16
  }, {
    "shape" : "ccdba1e5-3311-4476-883e-0e7953e156ec",
    "color" : "#FF0000",
    "position" : {
      "x" : 21.997526,
      "y" : 27.303423,
      "z" : 16.944271
    }
  }, {
    "shape" : "ccdba1e5-3311-4476-883e-0e7953e156ec",
    "color" : "#0000FF",
    "position" : {
      "x" : 17.761457,
      "y" : 48.483765,
      "z" : -4.236068
    }
  }, {
    "shape" : "ccdba1e5-3311-4476-883e-0e7953e156ec",
    "color" : "#FF0000",
    "position" : {
      "x" : 17.761457,
      "y" : -10.821189,
      "z" : -4.236068
    }
  }, {
    "shape" : "87d26a79-0c77-4746-bbf1-8c4313a0a401",
    "color" : "#FFB31A",
    "position" : {
      "x" : 21.997526,
      "y" : 44.247696,
      "z" : -16.944271
    },
    "orientation" : 9
  }, {
    "shape" : "15e5b4e8-afa2-47e6-a59b-fea00bd4407f",
    "color" : "#00993F",
    "position" : {
      "x" : -12.761458,
      "y" : -22.81626,
      "z" : 22.934984
    },
    "orientation" : 36
  }, {
    "shape" : "ccdba1e5-3311-4476-883e-0e7953e156ec",
    "color" : "#FF0000",
    "position" : {
      "x" : 0.8171865,
      "y" : 31.539492,
      "z" : 4.236068
    }
  }, {
    "shape" : "15e5b4e8-afa2-47e6-a59b-fea00bd4407f",
    "color" : "#00993F",
    "position" : {
      "x" : 34.70573,
      "y" : 23.067354,
      "z" : 12.708204
    },
    "orientation" : 52
  }, {
    "shape" : "ccdba1e5-3311-4476-883e-0e7953e156ec",
    "color" : "#F2F2F2",
    "position" : {
      "x" : 17.761457,
      "y" : 18.831287,
      "z" : 0.0
    }
  }, {
    "shape" : "42ca1fae-d302-4d34-9989-f048c7d6847d",
    "color" : "#008EC2",
    "position" : {
      "x" : -41.687153,
      "y" : 6.1094375,
      "z" : 22.934984
    },
    "orientation" : 0
  }, {
    "shape" : "87d26a79-0c77-4746-bbf1-8c4313a0a401",
    "color" : "#FFB31A",
    "position" : {
      "x" : 26.233595,
      "y" : 6.123083,
      "z" : -4.236068
    },
    "orientation" : 19
  }, {
    "shape" : "15e5b4e8-afa2-47e6-a59b-fea00bd4407f",
    "color" : "#00993F",
    "position" : {
      "x" : -12.761458,
      "y" : -10.834835,
      "z" : 22.934984
    },
    "orientation" : 51
  }, {
    "shape" : "87d26a79-0c77-4746-bbf1-8c4313a0a401",
    "color" : "#FFB31A",
    "position" : {
      "x" : 0.8171865,
      "y" : 23.067354,
      "z" : -4.236068
    },
    "orientation" : 3
  }, {
    "shape" : "15e5b4e8-afa2-47e6-a59b-fea00bd4407f",
    "color" : "#00993F",
    "position" : {
      "x" : -50.15929,
      "y" : -10.834835,
      "z" : -14.462848
    },
    "orientation" : 7
  }, {
    "shape" : "15e5b4e8-afa2-47e6-a59b-fea00bd4407f",
    "color" : "#00993F",
    "position" : {
      "x" : 21.997526,
      "y" : 27.303423,
      "z" : 16.944271
    },
    "orientation" : 53
  }, {
    "shape" : "42ca1fae-d302-4d34-9989-f048c7d6847d",
    "color" : "#008EC2",
    "position" : {
      "x" : -21.233595,
      "y" : 6.1094375,
      "z" : -14.462848
    },
    "orientation" : 47
  }, {
    "shape" : "ccdba1e5-3311-4476-883e-0e7953e156ec",
    "color" : "#FF0000",
    "position" : {
      "x" : 0.8171865,
      "y" : 6.123083,
      "z" : -4.236068
    }
  }, {
    "shape" : "15e5b4e8-afa2-47e6-a59b-fea00bd4407f",
    "color" : "#00993F",
    "position" : {
      "x" : -41.687153,
      "y" : -39.760532,
      "z" : 5.990712
    },
    "orientation" : 8
  }, {
    "shape" : "bad3aa97-3086-41b3-8b9d-96ca49c0a670",
    "color" : "#008EC2",
    "position" : {
      "x" : -33.21502,
      "y" : 6.1094375,
      "z" : -14.462848
    },
    "orientation" : 0
  }, {
    "shape" : "42ca1fae-d302-4d34-9989-f048c7d6847d",
    "color" : "#008EC2",
    "position" : {
      "x" : 34.70573,
      "y" : 31.539492,
      "z" : -29.652475
    },
    "orientation" : 16
  }, {
    "shape" : "15e5b4e8-afa2-47e6-a59b-fea00bd4407f",
    "color" : "#00993F",
    "position" : {
      "x" : -4.2893224,
      "y" : -2.3626988,
      "z" : -5.990712
    },
    "orientation" : 51
  }, {
    "shape" : "42ca1fae-d302-4d34-9989-f048c7d6847d",
    "color" : "#008EC2",
    "position" : {
      "x" : 43.177868,
      "y" : 48.483765,
      "z" : 4.236068
    },
    "orientation" : 45
  }, {
    "shape" : "ccdba1e5-3311-4476-883e-0e7953e156ec",
    "color" : "#FF0000",
    "position" : {
      "x" : -21.233595,
      "y" : -39.760532,
      "z" : -22.934984
    }
  }, {
    "shape" : "15e5b4e8-afa2-47e6-a59b-fea00bd4407f",
    "color" : "#00993F",
    "position" : {
      "x" : -12.761458,
      "y" : -39.760532,
      "z" : 22.934984
    },
    "orientation" : 6
  }, {
    "shape" : "42ca1fae-d302-4d34-9989-f048c7d6847d",
    "color" : "#008EC2",
    "position" : {
      "x" : -21.233595,
      "y" : 6.1094375,
      "z" : 14.462848
    },
    "orientation" : 2
  }, {
    "shape" : "ccdba1e5-3311-4476-883e-0e7953e156ec",
    "color" : "#FF0000",
    "position" : {
      "x" : 26.233595,
      "y" : 48.483765,
      "z" : 4.236068
    }
  }, {
    "shape" : "87d26a79-0c77-4746-bbf1-8c4313a0a401",
    "color" : "#FFB31A",
    "position" : {
      "x" : 38.9418,
      "y" : 44.247696,
      "z" : 16.944271
    },
    "orientation" : 54
  }, {
    "shape" : "ccdba1e5-3311-4476-883e-0e7953e156ec",
    "color" : "#FF0000",
    "position" : {
      "x" : 38.9418,
      "y" : 27.303423,
      "z" : -16.944271
    }
  }, {
    "shape" : "ccdba1e5-3311-4476-883e-0e7953e156ec",
    "color" : "#FF0000",
    "position" : {
      "x" : 38.9418,
      "y" : 10.359151,
      "z" : 16.944271
    }
  }, {
    "shape" : "87d26a79-0c77-4746-bbf1-8c4313a0a401",
    "color" : "#FFB31A",
    "position" : {
      "x" : 13.525391,
      "y" : -6.585121,
      "z" : -8.472136
    },
    "orientation" : 5
  }, {
    "shape" : "ccdba1e5-3311-4476-883e-0e7953e156ec",
    "color" : "#F2F2F2",
    "position" : {
      "x" : 30.469662,
      "y" : 6.123083,
      "z" : 0.0
    }
  }, {
    "shape" : "42ca1fae-d302-4d34-9989-f048c7d6847d",
    "color" : "#008EC2",
    "position" : {
      "x" : 43.177868,
      "y" : -10.821189,
      "z" : 4.236068
    },
    "orientation" : 45
  }, {
    "shape" : "87d26a79-0c77-4746-bbf1-8c4313a0a401",
    "color" : "#FFB31A",
    "position" : {
      "x" : 34.70573,
      "y" : 14.595219,
      "z" : -12.708204
    },
    "orientation" : 24
  }, {
    "shape" : "87d26a79-0c77-4746-bbf1-8c4313a0a401",
    "color" : "#FFB31A",
    "position" : {
      "x" : 0.8171865,
      "y" : 14.595219,
      "z" : 4.236068
    },
    "orientation" : 5
  }, {
    "shape" : "42ca1fae-d302-4d34-9989-f048c7d6847d",
    "color" : "#008EC2",
    "position" : {
      "x" : 38.9418,
      "y" : 1.887015,
      "z" : -8.472136
    },
    "orientation" : 16
  }, {
    "shape" : "42ca1fae-d302-4d34-9989-f048c7d6847d",
    "color" : "#008EC2",
    "position" : {
      "x" : -4.2893224,
      "y" : -2.3626988,
      "z" : -5.990712
    },
    "orientation" : 1
  }, {
    "shape" : "87d26a79-0c77-4746-bbf1-8c4313a0a401",
    "color" : "#FFB31A",
    "position" : {
      "x" : 34.70573,
      "y" : 23.067354,
      "z" : -29.652475
    },
    "orientation" : 9
  }, {
    "shape" : "15e5b4e8-afa2-47e6-a59b-fea00bd4407f",
    "color" : "#00993F",
    "position" : {
      "x" : -50.15929,
      "y" : -31.288395,
      "z" : 22.934984
    },
    "orientation" : 22
  }, {
    "shape" : "ccdba1e5-3311-4476-883e-0e7953e156ec",
    "color" : "#FF0000",
    "position" : {
      "x" : -50.15929,
      "y" : -39.760532,
      "z" : 5.990712
    }
  }, {
    "shape" : "545bfaa5-fbc8-474f-83fa-ac40fe31507b",
    "color" : "#00993F",
    "position" : {
      "x" : 34.70573,
      "y" : 14.595219,
      "z" : 12.708204
    },
    "orientation" : 51
  }, {
    "shape" : "42ca1fae-d302-4d34-9989-f048c7d6847d",
    "color" : "#008EC2",
    "position" : {
      "x" : -50.15929,
      "y" : 6.1094375,
      "z" : -14.462848
    },
    "orientation" : 2
  }, {
    "shape" : "87d26a79-0c77-4746-bbf1-8c4313a0a401",
    "color" : "#FFB31A",
    "position" : {
      "x" : 34.70573,
      "y" : 14.595219,
      "z" : 29.652475
    },
    "orientation" : 24
  }, {
    "shape" : "87d26a79-0c77-4746-bbf1-8c4313a0a401",
    "color" : "#FFB31A",
    "position" : {
      "x" : 17.761457,
      "y" : 14.595219,
      "z" : -4.236068
    },
    "orientation" : 19
  }, {
    "shape" : "42ca1fae-d302-4d34-9989-f048c7d6847d",
    "color" : "#008EC2",
    "position" : {
      "x" : 43.177868,
      "y" : 23.067354,
      "z" : -29.652475
    },
    "orientation" : 45
  }, {
    "shape" : "15e5b4e8-afa2-47e6-a59b-fea00bd4407f",
    "color" : "#00993F",
    "position" : {
      "x" : 47.413933,
      "y" : -6.585121,
      "z" : 8.472136
    },
    "orientation" : 38
  }, {
    "shape" : "15e5b4e8-afa2-47e6-a59b-fea00bd4407f",
    "color" : "#00993F",
    "position" : {
      "x" : 5.0532546,
      "y" : 27.303423,
      "z" : -16.944271
    },
    "orientation" : 7
  }, {
    "shape" : "ccdba1e5-3311-4476-883e-0e7953e156ec",
    "color" : "#0000FF",
    "position" : {
      "x" : -41.687153,
      "y" : -22.81626,
      "z" : 22.934984
    }
  }, {
    "shape" : "ccdba1e5-3311-4476-883e-0e7953e156ec",
    "color" : "#CCFF00",
    "position" : {
      "x" : 21.997526,
      "y" : 35.77556,
      "z" : 25.416409
    }
  }, {
    "shape" : "42ca1fae-d302-4d34-9989-f048c7d6847d",
    "color" : "#008EC2",
    "position" : {
      "x" : 5.0532546,
      "y" : 10.359151,
      "z" : 8.472136
    },
    "orientation" : 16
  }, {
    "shape" : "42ca1fae-d302-4d34-9989-f048c7d6847d",
    "color" : "#008EC2",
    "position" : {
      "x" : 38.9418,
      "y" : 44.247696,
      "z" : -8.472136
    },
    "orientation" : 47
  }, {
    "shape" : "42ca1fae-d302-4d34-9989-f048c7d6847d",
    "color" : "#008EC2",
    "position" : {
      "x" : 13.525391,
      "y" : 10.359151,
      "z" : 8.472136
    },
    "orientation" : 45
  }, {
    "shape" : "ccdba1e5-3311-4476-883e-0e7953e156ec",
    "color" : "#0000FF",
    "position" : {
      "x" : -50.15929,
      "y" : -10.834835,
      "z" : 14.462848
    }
  }, {
    "shape" : "15e5b4e8-afa2-47e6-a59b-fea00bd4407f",
    "color" : "#00993F",
    "position" : {
      "x" : 47.413933,
      "y" : 10.359151,
      "z" : 8.472136
    },
    "orientation" : 36
  }, {
    "shape" : "ccdba1e5-3311-4476-883e-0e7953e156ec",
    "color" : "#0000FF",
    "position" : {
      "x" : -21.233595,
      "y" : -39.760532,
      "z" : 14.462848
    }
  }, {
    "shape" : "ccdba1e5-3311-4476-883e-0e7953e156ec",
    "color" : "#CCFF00",
    "position" : {
      "x" : -50.15929,
      "y" : -39.760532,
      "z" : -14.462848
    }
  }, {
    "shape" : "bad3aa97-3086-41b3-8b9d-96ca49c0a670",
    "color" : "#008EC2",
    "position" : {
      "x" : -21.233595,
      "y" : -31.288395,
      "z" : -22.934984
    },
    "orientation" : 45
  }, {
    "shape" : "ccdba1e5-3311-4476-883e-0e7953e156ec",
    "color" : "#F2F2F2",
    "position" : {
      "x" : 38.9418,
      "y" : -6.585121,
      "z" : -8.472136
    }
  }, {
    "shape" : "42ca1fae-d302-4d34-9989-f048c7d6847d",
    "color" : "#008EC2",
    "position" : {
      "x" : 26.233595,
      "y" : -10.821189,
      "z" : 12.708204
    },
    "orientation" : 47
  }, {
    "shape" : "ccdba1e5-3311-4476-883e-0e7953e156ec",
    "color" : "#FF0000",
    "position" : {
      "x" : 34.70573,
      "y" : 23.067354,
      "z" : -29.652475
    }
  }, {
    "shape" : "ccdba1e5-3311-4476-883e-0e7953e156ec",
    "color" : "#0000FF",
    "position" : {
      "x" : 21.997526,
      "y" : 35.77556,
      "z" : -25.416409
    }
  }, {
    "shape" : "87d26a79-0c77-4746-bbf1-8c4313a0a401",
    "color" : "#FFB31A",
    "position" : {
      "x" : 5.0532546,
      "y" : 27.303423,
      "z" : 16.944271
    },
    "orientation" : 19
  }, {
    "shape" : "42ca1fae-d302-4d34-9989-f048c7d6847d",
    "color" : "#008EC2",
    "position" : {
      "x" : -4.2893224,
      "y" : -31.288395,
      "z" : 22.934984
    },
    "orientation" : 1
  }, {
    "shape" : "42ca1fae-d302-4d34-9989-f048c7d6847d",
    "color" : "#008EC2",
    "position" : {
      "x" : -33.21502,
      "y" : 6.1094375,
      "z" : -22.934984
    },
    "orientation" : 16
  }, {
    "shape" : "42ca1fae-d302-4d34-9989-f048c7d6847d",
    "color" : "#008EC2",
    "position" : {
      "x" : 26.233595,
      "y" : 48.483765,
      "z" : 12.708204
    },
    "orientation" : 47
  }, {
    "shape" : "87d26a79-0c77-4746-bbf1-8c4313a0a401",
    "color" : "#FFB31A",
    "position" : {
      "x" : 13.525391,
      "y" : 10.359151,
      "z" : -25.416409
    },
    "orientation" : 3
  }, {
    "shape" : "ccdba1e5-3311-4476-883e-0e7953e156ec",
    "color" : "#FF0000",
    "position" : {
      "x" : 34.70573,
      "y" : -10.821189,
      "z" : 4.236068
    }
  }, {
    "shape" : "42ca1fae-d302-4d34-9989-f048c7d6847d",
    "color" : "#008EC2",
    "position" : {
      "x" : -33.21502,
      "y" : -39.760532,
      "z" : -14.462848
    },
    "orientation" : 47
  }, {
    "shape" : "ccdba1e5-3311-4476-883e-0e7953e156ec",
    "color" : "#F2F2F2",
    "position" : {
      "x" : 26.233595,
      "y" : 31.539492,
      "z" : -4.236068
    }
  }, {
    "shape" : "ccdba1e5-3311-4476-883e-0e7953e156ec",
    "color" : "#CCFF00",
    "position" : {
      "x" : 13.525391,
      "y" : 10.359151,
      "z" : -25.416409
    }
  }, {
    "shape" : "ccdba1e5-3311-4476-883e-0e7953e156ec",
    "color" : "#FF0000",
    "position" : {
      "x" : -4.2893224,
      "y" : -39.760532,
      "z" : 5.990712
    }
  }, {
    "shape" : "87d26a79-0c77-4746-bbf1-8c4313a0a401",
    "color" : "#FFB31A",
    "position" : {
      "x" : 5.0532546,
      "y" : 35.77556,
      "z" : -8.472136
    },
    "orientation" : 39
  }, {
    "shape" : "ccdba1e5-3311-4476-883e-0e7953e156ec",
    "color" : "#0000FF",
    "position" : {
      "x" : -33.21502,
      "y" : -39.760532,
      "z" : -14.462848
    }
  }, {
    "shape" : "ccdba1e5-3311-4476-883e-0e7953e156ec",
    "color" : "#CCFF00",
    "position" : {
      "x" : 26.233595,
      "y" : 14.595219,
      "z" : -12.708204
    }
  }, {
    "shape" : "15e5b4e8-afa2-47e6-a59b-fea00bd4407f",
    "color" : "#00993F",
    "position" : {
      "x" : -33.21502,
      "y" : -39.760532,
      "z" : -14.462848
    },
    "orientation" : 38
  }, {
    "shape" : "15e5b4e8-afa2-47e6-a59b-fea00bd4407f",
    "color" : "#00993F",
    "position" : {
      "x" : -4.2893224,
      "y" : -2.3626988,
      "z" : 5.990712
    },
    "orientation" : 51
  }, {
    "shape" : "15e5b4e8-afa2-47e6-a59b-fea00bd4407f",
    "color" : "#00993F",
    "position" : {
      "x" : 47.413933,
      "y" : 10.359151,
      "z" : -8.472136
    },
    "orientation" : 36
  }, {
    "shape" : "bad3aa97-3086-41b3-8b9d-96ca49c0a670",
    "color" : "#008EC2",
