{
  "polygons" : "true",
  "field" : "golden",
  "symmetry" : "icosahedral",
  "orientations" : [ [ 1.0, 0.0, 0.0, 0.0, 0.0, 1.0, 0.0, 0.0, 0.0, 0.0, 1.0, 0.0, 0.0, 0.0, 0.0, 1.0 ], [ 0.0, 0.0, 1.0, 0.0, 1.0, 0.0, 0.0, 0.0, 0.0, 1.0, 0.0, 0.0, 0.0, 0.0, 0.0, 1.0 ], [ 0.0, 1.0, 0.0, 0.0, 0.0, 0.0, 1.0, 0.0, 1.0, 0.0, 0.0, 0.0, 0.0, 0.0, 0.0, 1.0 ], [ 0.809017, 0.309017, 0.5, 0.0, 0.309017, 0.5, -0.809017, 0.0, -0.5, 0.809017, 0.309017, 0.0, 0.0, 0.0, 0.0, 1.0 ], [ -0.5, 0.809017, 0.309017, 0.0, 0.809017, 0.309017, 0.5, 0.0, 0.309017, 0.5, -0.809017, 0.0, 0.0, 0.0, 0.0, 1.0 ], [ 0.309017, 0.5, -0.809017, 0.0, -0.5, 0.809017, 0.309017, 0.0, 0.809017, 0.309017, 0.5, 0.0, 0.0, 0.0, 0.0, 1.0 ], [ 0.5, 0.809017, 0.309017, 0.0, 0.809017, -0.309017, -0.5, 0.0, -0.309017, 0.5, -0.809017, 0.0, 0.0, 0.0, 0.0, 1.0 ], [ -0.309017, 0.5, -0.809017, 0.0, 0.5, 0.809017, 0.309017, 0.0, 0.809017, -0.309017, -0.5, 0.0, 0.0, 0.0, 0.0, 1.0 ], [ 0.809017, -0.309017, -0.5, 0.0, -0.309017, 0.5, -0.809017, 0.0, 0.5, 0.809017, 0.309017, 0.0, 0.0, 0.0, 0.0, 1.0 ], [ 0.5, 0.809017, -0.309017, 0.0, 0.809017, -0.309017, 0.5, 0.0, 0.309017, -0.5, -0.809017, 0.0, 0.0, 0.0, 0.0, 1.0 ], [ 0.309017, -0.5, -0.809017, 0.0, 0.5, 0.809017, -0.309017, 0.0, 0.809017, -0.309017, 0.5, 0.0, 0.0, 0.0, 0.0, 1.0 ], [ 0.809017, -0.309017, 0.5, 0.0, 0.309017, -0.5, -0.809017, 0.0, 0.5, 0.809017, -0.309017, 0.0, 0.0, 0.0, 0.0, 1.0 ], [ 0.809017, 0.309017, -0.5, 0.0, 0.309017, 0.5, 0.809017, 0.0, 0.5, -0.809017, 0.309017, 0.0, 0.0, 0.0, 0.0, 1.0 ], [ 0.5, -0.809017, 0.309017, 0.0, 0.809017, 0.309017, -0.5, 0.0, 0.309017, 0.5, 0.809017, 0.0, 0.0, 0.0, 0.0, 1.0 ], [ 0.309017, 0.5, 0.809017, 0.0, 0.5, -0.809017, 0.309017, 0.0, 0.809017, 0.309017, -0.5, 0.0, 0.0, 0.0, 0.0, 1.0 ], [ 1.0, 0.0, 0.0, 0.0, 0.0, -1.0, 0.0, 0.0, 0.0, 0.0, -1.0, 0.0, 0.0, 0.0, 0.0, 1.0 ], [ 0.0, 0.0, 1.0, 0.0, -1.0, 0.0, 0.0, 0.0, 0.0, -1.0, 0.0, 0.0, 0.0, 0.0, 0.0, 1.0 ], [ 0.0, 1.0, 0.0, 0.0, 0.0, 0.0, -1.0, 0.0, -1.0, 0.0, 0.0, 0.0, 0.0, 0.0, 0.0, 1.0 ], [ 0.809017, 0.309017, 0.5, 0.0, -0.309017, -0.5, 0.809017, 0.0, 0.5, -0.809017, -0.309017, 0.0, 0.0, 0.0, 0.0, 1.0 ], [ -0.5, 0.809017, 0.309017, 0.0, -0.809017, -0.309017, -0.5, 0.0, -0.309017, -0.5, 0.809017, 0.0, 0.0, 0.0, 0.0, 1.0 ], [ 0.309017, 0.5, -0.809017, 0.0, 0.5, -0.809017, -0.309017, 0.0, -0.809017, -0.309017, -0.5, 0.0, 0.0, 0.0, 0.0, 1.0 ], [ 0.5, 0.809017, 0.309017, 0.0, -0.809017, 0.309017, 0.5, 0.0, 0.309017, -0.5, 0.809017, 0.0, 0.0, 0.0, 0.0, 1.0 ], [ -0.309017, 0.5, -0.809017, 0.0, -0.5, -0.809017, -0.309017, 0.0, -0.809017, 0.309017, 0.5, 0.0, 0.0, 0.0, 0.0, 1.0 ], [ 0.809017, -0.309017, -0.5, 0.0, 0.309017, -0.5, 0.809017, 0.0, -0.5, -0.809017, -0.309017, 0.0, 0.0, 0.0, 0.0, 1.0 ], [ 0.5, 0.809017, -0.309017, 0.0, -0.809017, 0.309017, -0.5, 0.0, -0.309017, 0.5, 0.809017, 0.0, 0.0, 0.0, 0.0, 1.0 ], [ 0.309017, -0.5, -0.809017, 0.0, -0.5, -0.809017, 0.309017, 0.0, -0.809017, 0.309017, -0.5, 0.0, 0.0, 0.0, 0.0, 1.0 ], [ 0.809017, -0.309017, 0.5, 0.0, -0.309017, 0.5, 0.809017, 0.0, -0.5, -0.809017, 0.309017, 0.0, 0.0, 0.0, 0.0, 1.0 ], [ 0.809017, 0.309017, -0.5, 0.0, -0.309017, -0.5, -0.809017, 0.0, -0.5, 0.809017, -0.309017, 0.0, 0.0, 0.0, 0.0, 1.0 ], [ 0.5, -0.809017, 0.309017, 0.0, -0.809017, -0.309017, 0.5, 0.0, -0.309017, -0.5, -0.809017, 0.0, 0.0, 0.0, 0.0, 1.0 ], [ 0.309017, 0.5, 0.809017, 0.0, -0.5, 0.809017, -0.309017, 0.0, -0.809017, -0.309017, 0.5, 0.0, 0.0, 0.0, 0.0, 1.0 ], [ -1.0, 0.0, 0.0, 0.0, 0.0, -1.0, 0.0, 0.0, 0.0, 0.0, 1.0, 0.0, 0.0, 0.0, 0.0, 1.0 ], [ 0.0, 0.0, -1.0, 0.0, -1.0, 0.0, 0.0, 0.0, 0.0, 1.0, 0.0, 0.0, 0.0, 0.0, 0.0, 1.0 ], [ 0.0, -1.0, 0.0, 0.0, 0.0, 0.0, -1.0, 0.0, 1.0, 0.0, 0.0, 0.0, 0.0, 0.0, 0.0, 1.0 ], [ -0.809017, -0.309017, -0.5, 0.0, -0.309017, -0.5, 0.809017, 0.0, -0.5, 0.809017, 0.309017, 0.0, 0.0, 0.0, 0.0, 1.0 ], [ 0.5, -0.809017, -0.309017, 0.0, -0.809017, -0.309017, -0.5, 0.0, 0.309017, 0.5, -0.809017, 0.0, 0.0, 0.0, 0.0, 1.0 ], [ -0.309017, -0.5, 0.809017, 0.0, 0.5, -0.809017, -0.309017, 0.0, 0.809017, 0.309017, 0.5, 0.0, 0.0, 0.0, 0.0, 1.0 ], [ -0.5, -0.809017, -0.309017, 0.0, -0.809017, 0.309017, 0.5, 0.0, -0.309017, 0.5, -0.809017, 0.0, 0.0, 0.0, 0.0, 1.0 ], [ 0.309017, -0.5, 0.809017, 0.0, -0.5, -0.809017, -0.309017, 0.0, 0.809017, -0.309017, -0.5, 0.0, 0.0, 0.0, 0.0, 1.0 ], [ -0.809017, 0.309017, 0.5, 0.0, 0.309017, -0.5, 0.809017, 0.0, 0.5, 0.809017, 0.309017, 0.0, 0.0, 0.0, 0.0, 1.0 ], [ -0.5, -0.809017, 0.309017, 0.0, -0.809017, 0.309017, -0.5, 0.0, 0.309017, -0.5, -0.809017, 0.0, 0.0, 0.0, 0.0, 1.0 ], [ -0.309017, 0.5, 0.809017, 0.0, -0.5, -0.809017, 0.309017, 0.0, 0.809017, -0.309017, 0.5, 0.0, 0.0, 0.0, 0.0, 1.0 ], [ -0.809017, 0.309017, -0.5, 0.0, -0.309017, 0.5, 0.809017, 0.0, 0.5, 0.809017, -0.309017, 0.0, 0.0, 0.0, 0.0, 1.0 ], [ -0.809017, -0.309017, 0.5, 0.0, -0.309017, -0.5, -0.809017, 0.0, 0.5, -0.809017, 0.309017, 0.0, 0.0, 0.0, 0.0, 1.0 ], [ -0.5, 0.809017, -0.309017, 0.0, -0.809017, -0.309017, 0.5, 0.0, 0.309017, 0.5, 0.809017, 0.0, 0.0, 0.0, 0.0, 1.0 ], [ -0.309017, -0.5, -0.809017, 0.0, -0.5, 0.809017, -0.309017, 0.0, 0.809017, 0.309017, -0.5, 0.0, 0.0, 0.0, 0.0, 1.0 ], [ -1.0, 0.0, 0.0, 0.0, 0.0, 1.0, 0.0, 0.0, 0.0, 0.0, -1.0, 0.0, 0.0, 0.0, 0.0, 1.0 ], [ 0.0, 0.0, -1.0, 0.0, 1.0, 0.0, 0.0, 0.0, 0.0, -1.0, 0.0, 0.0, 0.0, 0.0, 0.0, 1.0 ], [ 0.0, -1.0, 0.0, 0.0, 0.0, 0.0, 1.0, 0.0, -1.0, 0.0, 0.0, 0.0, 0.0, 0.0, 0.0, 1.0 ], [ -0.809017, -0.309017, -0.5, 0.0, 0.309017, 0.5, -0.809017, 0.0, 0.5, -0.809017, -0.309017, 0.0, 0.0, 0.0, 0.0, 1.0 ], [ 0.5, -0.809017, -0.309017, 0.0, 0.809017, 0.309017, 0.5, 0.0, -0.309017, -0.5, 0.809017, 0.0, 0.0, 0.0, 0.0, 1.0 ], [ -0.309017, -0.5, 0.809017, 0.0, -0.5, 0.809017, 0.309017, 0.0, -0.809017, -0.309017, -0.5, 0.0, 0.0, 0.0, 0.0, 1.0 ], [ -0.5, -0.809017, -0.309017, 0.0, 0.809017, -0.309017, -0.5, 0.0, 0.309017, -0.5, 0.809017, 0.0, 0.0, 0.0, 0.0, 1.0 ], [ 0.309017, -0.5, 0.809017, 0.0, 0.5, 0.809017, 0.309017, 0.0, -0.809017, 0.309017, 0.5, 0.0, 0.0, 0.0, 0.0, 1.0 ], [ -0.809017, 0.309017, 0.5, 0.0, -0.309017, 0.5, -0.809017, 0.0, -0.5, -0.809017, -0.309017, 0.0, 0.0, 0.0, 0.0, 1.0 ], [ -0.5, -0.809017, 0.309017, 0.0, 0.809017, -0.309017, 0.5, 0.0, -0.309017, 0.5, 0.809017, 0.0, 0.0, 0.0, 0.0, 1.0 ], [ -0.309017, 0.5, 0.809017, 0.0, 0.5, 0.809017, -0.309017, 0.0, -0.809017, 0.309017, -0.5, 0.0, 0.0, 0.0, 0.0, 1.0 ], [ -0.809017, 0.309017, -0.5, 0.0, 0.309017, -0.5, -0.809017, 0.0, -0.5, -0.809017, 0.309017, 0.0, 0.0, 0.0, 0.0, 1.0 ], [ -0.809017, -0.309017, 0.5, 0.0, 0.309017, 0.5, 0.809017, 0.0, -0.5, 0.809017, -0.309017, 0.0, 0.0, 0.0, 0.0, 1.0 ], [ -0.5, 0.809017, -0.309017, 0.0, 0.809017, 0.309017, -0.5, 0.0, -0.309017, -0.5, -0.809017, 0.0, 0.0, 0.0, 0.0, 1.0 ], [ -0.309017, -0.5, -0.809017, 0.0, 0.5, -0.809017, 0.309017, 0.0, -0.809017, -0.309017, 0.5, 0.0, 0.0, 0.0, 0.0, 1.0 ] ],
  "lights" : {
    "directionalLights" : [ {
      "direction" : [ 1.0, -1.0, -1.0 ],
      "color" : "#EBEBE4"
    }, {
      "direction" : [ -1.0, 0.0, 0.0 ],
      "color" : "#E4E4EB"
    }, {
      "direction" : [ 0.0, 0.0, -1.0 ],
      "color" : "#1E1E1E"
    } ],
    "ambientColor" : "#292929",
    "backgroundColor" : "#AFC8DC"
  },
  "camera" : {
    "position" : {
      "x" : 121.8431,
      "y" : 150.33868,
      "z" : 58.361294
    },
    "width" : 90.955635,
    "perspective" : true,
    "upDirectionRV" : {
      "x" : 0.7942679,
      "y" : -0.5937359,
      "z" : -0.12873639,
      "zero" : false
    },
    "lookDirectionRV" : {
      "x" : -0.6028148,
      "y" : -0.74379575,
      "z" : -0.2887406,
      "zero" : false
    },
    "fieldOfView" : 0.44262892,
    "viewDistance" : 202.12361,
    "lookAtPointRV" : {
      "x" : 0.0,
      "y" : 0.0,
      "z" : 0.0,
      "zero" : true
    },
    "nearClipDistance" : 0.5053088,
    "lookAtPoint" : {
      "x" : 0.0,
      "y" : 0.0,
      "z" : 0.0
    },
    "stereo" : false,
    "farClipDistance" : 404.24683,
    "upDirection" : {
      "x" : 0.7942679,
      "y" : -0.5937359,
      "z" : -0.12873639
    },
    "lookDirection" : {
      "x" : -0.6028148,
      "y" : -0.74379575,
      "z" : -0.2887406
    }
  },
  "embedding" : [ 1.0, 0.0, 0.0, 0.0, 0.0, 1.0, 0.0, 0.0, 0.0, 0.0, 1.0, 0.0, 0.0, 0.0, 0.0, 1.0 ],
  "shapes" : [ {
    "id" : "f3af3db3-b0e3-47b9-aad0-1f2700d51647",
    "orbit" : "green",
    "orbitC" : "[[2,-1,1],[5,-3,1]]",
    "length" : "[1,0,2]",
    "name" : " :1/2",
    "vertices" : [ {
      "x" : 3.8315594,
      "y" : 1.2725425,
      "z" : -0.677051
    }, {
      "x" : 4.854102,
      "y" : 1.309017,
      "z" : -0.809017
    }, {
      "x" : 3.8315594,
      "y" : 1.2725425,
      "z" : -0.29508498
    }, {
      "x" : 3.6405764,
      "y" : 1.5815595,
      "z" : -0.79508495
    }, {
      "x" : 3.6405764,
      "y" : 1.5815595,
      "z" : -0.41311896
    }, {
      "x" : 0.809017,
      "y" : 0.618034,
      "z" : 0.309017
    }, {
      "x" : 1.0,
      "y" : 0.309017,
      "z" : 0.19098301
    }, {
      "x" : 1.9045085,
      "y" : 0.5364745,
      "z" : -0.013932022
    }, {
      "x" : 4.545085,
      "y" : 1.809017,
      "z" : -1.0
    }, {
      "x" : 4.736068,
      "y" : 1.5,
      "z" : -1.118034
    }, {
      "x" : 4.736068,
      "y" : 1.5,
      "z" : -0.5
    }, {
      "x" : 4.545085,
      "y" : 1.809017,
      "z" : -0.618034
    }, {
      "x" : 1.7135255,
      "y" : 0.8454915,
      "z" : -0.13196601
    }, {
      "x" : 0.690983,
      "y" : 0.809017,
      "z" : 0.0
    }, {
      "x" : 1.9045085,
      "y" : 0.5364745,
      "z" : -0.39589804
    }, {
      "x" : 1.7135255,
      "y" : 0.8454915,
      "z" : -0.51393205
    }, {
      "x" : 0.809017,
      "y" : 0.618034,
      "z" : -0.309017
    }, {
      "x" : 1.0,
      "y" : 0.309017,
      "z" : -0.19098301
    }, {
      "x" : 5.545085,
      "y" : 2.118034,
      "z" : -0.809017
    } ],
    "faces" : [ {
      "vertices" : [ 0, 14, 15, 3 ]
    }, {
      "vertices" : [ 3, 15, 12, 4 ]
    }, {
      "vertices" : [ 0, 1, 2 ]
    }, {
      "vertices" : [ 12, 15, 13 ]
    }, {
      "vertices" : [ 0, 9, 1 ]
    }, {
      "vertices" : [ 0, 3, 9 ]
    }, {
      "vertices" : [ 13, 15, 16 ]
    }, {
      "vertices" : [ 6, 17, 14, 7 ]
    }, {
      "vertices" : [ 1, 10, 2 ]
    }, {
      "vertices" : [ 5, 6, 7 ]
    }, {
      "vertices" : [ 3, 8, 9 ]
    }, {
      "vertices" : [ 0, 2, 7, 14 ]
    }, {
      "vertices" : [ 5, 7, 12 ]
    }, {
      "vertices" : [ 2, 4, 12, 7 ]
    }, {
      "vertices" : [ 3, 4, 11, 8 ]
    }, {
      "vertices" : [ 2, 10, 11, 4 ]
    }, {
      "vertices" : [ 5, 12, 13 ]
    }, {
      "vertices" : [ 14, 17, 16, 15 ]
    } ]
  }, {
    "id" : "311e8b8a-98b6-459d-85b9-514c767bdc4b",
    "orbit" : "yellow",
    "orbitC" : "[[0,0,1],[2,-1,1]]",
    "length" : "[1,0,1]",
    "name" : "y1",
    "vertices" : [ {
      "x" : 0.809017,
      "y" : 0.0,
      "z" : -0.690983
    }, {
      "x" : 1.0,
      "y" : 0.309017,
      "z" : -0.19098301
    }, {
      "x" : 2.618034,
      "y" : 0.309017,
      "z" : -0.809017
    }, {
      "x" : 2.427051,
      "y" : 0.0,
      "z" : -1.309017
    }, {
      "x" : 5.854102,
      "y" : 0.309017,
      "z" : -2.427051
    }, {
      "x" : 1.0,
      "y" : -0.309017,
      "z" : -0.19098301
    }, {
      "x" : 2.618034,
      "y" : -0.309017,
      "z" : -0.809017
    }, {
      "x" : 4.236068,
      "y" : 0.309017,
      "z" : -1.809017
    }, {
      "x" : 4.427051,
      "y" : 0.0,
      "z" : -1.309017
    }, {
      "x" : 6.854102,
      "y" : 0.0,
      "z" : -2.618034
    }, {
      "x" : 4.236068,
      "y" : -0.309017,
      "z" : -1.809017
    }, {
      "x" : 6.045085,
      "y" : 0.0,
      "z" : -1.927051
    }, {
      "x" : 5.854102,
      "y" : -0.309017,
      "z" : -2.427051
    } ],
    "faces" : [ {
      "vertices" : [ 2, 6, 8 ]
    }, {
      "vertices" : [ 4, 12, 10, 7 ]
    }, {
      "vertices" : [ 2, 8, 7 ]
    }, {
      "vertices" : [ 3, 10, 6 ]
    }, {
      "vertices" : [ 3, 7, 10 ]
    }, {
      "vertices" : [ 0, 1, 2, 3 ]
    }, {
      "vertices" : [ 6, 10, 8 ]
    }, {
      "vertices" : [ 8, 10, 12, 11 ]
    }, {
      "vertices" : [ 2, 7, 3 ]
    }, {
      "vertices" : [ 0, 3, 6, 5 ]
    }, {
      "vertices" : [ 1, 5, 6, 2 ]
    }, {
      "vertices" : [ 4, 7, 8, 11 ]
    } ]
  }, {
    "id" : "239ece71-dcf6-4733-89e3-dc09ae553dae",
    "name" : "ball",
    "vertices" : [ {
      "x" : 0.309017,
      "y" : -0.809017,
      "z" : 0.618034
    }, {
      "x" : 0.809017,
      "y" : -0.618034,
      "z" : 0.309017
    }, {
      "x" : 0.618034,
      "y" : -0.309017,
      "z" : 0.809017
    }, {
      "x" : 1.0,
      "y" : 0.309017,
      "z" : 0.19098301
    }, {
      "x" : 0.809017,
      "y" : 0.618034,
      "z" : 0.309017
    }, {
      "x" : 0.618034,
      "y" : 0.309017,
      "z" : 0.809017
    }, {
      "x" : 0.809017,
      "y" : 0.0,
      "z" : 0.690983
    }, {
      "x" : 0.19098301,
      "y" : -1.0,
      "z" : 0.309017
    }, {
      "x" : -0.19098301,
      "y" : -1.0,
      "z" : 0.309017
    }, {
      "x" : -0.19098301,
      "y" : -1.0,
      "z" : -0.309017
    }, {
      "x" : 0.19098301,
      "y" : -1.0,
      "z" : -0.309017
    }, {
      "x" : 1.0,
      "y" : -0.309017,
      "z" : -0.19098301
    }, {
      "x" : 0.809017,
      "y" : -0.618034,
      "z" : -0.309017
    }, {
      "x" : 0.618034,
      "y" : -0.309017,
      "z" : -0.809017
    }, {
      "x" : 0.809017,
      "y" : 0.0,
      "z" : -0.690983
    }, {
      "x" : 0.0,
      "y" : 0.690983,
      "z" : -0.809017
    }, {
      "x" : 0.309017,
      "y" : 0.809017,
      "z" : -0.618034
    }, {
      "x" : 0.618034,
      "y" : 0.309017,
      "z" : -0.809017
    }, {
      "x" : 0.309017,
      "y" : 0.19098301,
      "z" : -1.0
    }, {
      "x" : 1.0,
      "y" : 0.309017,
      "z" : -0.19098301
    }, {
      "x" : -0.309017,
      "y" : -0.809017,
      "z" : 0.618034
    }, {
      "x" : 0.0,
      "y" : -0.690983,
      "z" : 0.809017
    }, {
      "x" : 0.809017,
      "y" : 0.618034,
      "z" : -0.309017
    }, {
      "x" : 0.690983,
      "y" : 0.809017,
      "z" : 0.0
    }, {
      "x" : -0.690983,
      "y" : 0.809017,
      "z" : 0.0
    }, {
      "x" : -0.809017,
      "y" : 0.618034,
      "z" : 0.309017
    }, {
      "x" : -0.309017,
      "y" : 0.809017,
      "z" : 0.618034
    }, {
      "x" : -0.19098301,
      "y" : 1.0,
      "z" : 0.309017
    }, {
      "x" : 0.309017,
      "y" : -0.19098301,
      "z" : -1.0
    }, {
      "x" : 0.19098301,
      "y" : 1.0,
      "z" : 0.309017
    }, {
      "x" : 0.309017,
      "y" : 0.809017,
      "z" : 0.618034
    }, {
      "x" : -0.809017,
      "y" : -0.618034,
      "z" : 0.309017
    }, {
      "x" : -0.690983,
      "y" : -0.809017,
      "z" : 0.0
    }, {
      "x" : 0.0,
      "y" : 0.690983,
      "z" : 0.809017
    }, {
      "x" : 0.309017,
      "y" : -0.809017,
      "z" : -0.618034
    }, {
      "x" : 0.0,
      "y" : -0.690983,
      "z" : -0.809017
    }, {
      "x" : -1.0,
      "y" : 0.309017,
      "z" : 0.19098301
    }, {
      "x" : -0.809017,
      "y" : 0.0,
      "z" : 0.690983
    }, {
      "x" : -0.618034,
      "y" : 0.309017,
      "z" : 0.809017
    }, {
      "x" : 1.0,
      "y" : -0.309017,
      "z" : 0.19098301
    }, {
      "x" : -0.309017,
      "y" : -0.809017,
      "z" : -0.618034
    }, {
      "x" : -1.0,
      "y" : 0.309017,
      "z" : -0.19098301
    }, {
      "x" : -1.0,
      "y" : -0.309017,
      "z" : -0.19098301
    }, {
      "x" : -1.0,
      "y" : -0.309017,
      "z" : 0.19098301
    }, {
      "x" : 0.19098301,
      "y" : 1.0,
      "z" : -0.309017
    }, {
      "x" : -0.809017,
      "y" : 0.618034,
      "z" : -0.309017
    }, {
      "x" : -0.19098301,
      "y" : 1.0,
      "z" : -0.309017
    }, {
      "x" : -0.309017,
      "y" : 0.809017,
      "z" : -0.618034
    }, {
      "x" : -0.618034,
      "y" : -0.309017,
      "z" : 0.809017
    }, {
      "x" : 0.309017,
      "y" : 0.19098301,
      "z" : 1.0
    }, {
      "x" : -0.309017,
      "y" : 0.19098301,
      "z" : -1.0
    }, {
      "x" : -0.309017,
      "y" : 0.19098301,
      "z" : 1.0
    }, {
      "x" : -0.309017,
      "y" : -0.19098301,
      "z" : 1.0
    }, {
      "x" : 0.309017,
      "y" : -0.19098301,
      "z" : 1.0
    }, {
      "x" : 0.690983,
      "y" : -0.809017,
      "z" : 0.0
    }, {
      "x" : -0.809017,
      "y" : 0.0,
      "z" : -0.690983
    }, {
      "x" : -0.618034,
      "y" : -0.309017,
      "z" : -0.809017
    }, {
      "x" : -0.309017,
      "y" : -0.19098301,
      "z" : -1.0
    }, {
      "x" : -0.618034,
      "y" : 0.309017,
      "z" : -0.809017
    }, {
      "x" : -0.809017,
      "y" : -0.618034,
      "z" : -0.309017
    } ],
    "faces" : [ {
      "vertices" : [ 9, 40, 35, 34, 10 ]
    }, {
      "vertices" : [ 0, 1, 2 ]
    }, {
      "vertices" : [ 33, 51, 49 ]
    }, {
      "vertices" : [ 25, 36, 37, 38 ]
    }, {
      "vertices" : [ 41, 55, 42 ]
    }, {
      "vertices" : [ 9, 32, 59, 40 ]
    }, {
      "vertices" : [ 20, 21, 52, 48 ]
    }, {
      "vertices" : [ 26, 33, 30, 29, 27 ]
    }, {
      "vertices" : [ 3, 4, 5, 6 ]
    }, {
      "vertices" : [ 27, 29, 44, 46 ]
    }, {
      "vertices" : [ 50, 57, 56, 55, 58 ]
    }, {
      "vertices" : [ 26, 38, 51, 33 ]
    }, {
      "vertices" : [ 45, 47, 58 ]
    }, {
      "vertices" : [ 18, 28, 57, 50 ]
    }, {
      "vertices" : [ 40, 59, 56 ]
    }, {
      "vertices" : [ 31, 48, 37, 43 ]
    }, {
      "vertices" : [ 7, 8, 9, 10 ]
    }, {
      "vertices" : [ 36, 41, 42, 43 ]
    }, {
      "vertices" : [ 24, 46, 47, 45 ]
    }, {
      "vertices" : [ 4, 30, 5 ]
    }, {
      "vertices" : [ 15, 47, 46, 44, 16 ]
    }, {
      "vertices" : [ 15, 50, 58, 47 ]
    }, {
      "vertices" : [ 24, 45, 41, 36, 25 ]
    }, {
      "vertices" : [ 11, 14, 19 ]
    }, {
      "vertices" : [ 3, 6, 39 ]
    }, {
      "vertices" : [ 1, 39, 6, 2 ]
    }, {
      "vertices" : [ 8, 32, 9 ]
    }, {
      "vertices" : [ 11, 12, 13, 14 ]
    }, {
      "vertices" : [ 16, 22, 17 ]
    }, {
      "vertices" : [ 0, 21, 20, 8, 7 ]
    }, {
      "vertices" : [ 12, 34, 13 ]
    }, {
      "vertices" : [ 35, 40, 56, 57 ]
    }, {
      "vertices" : [ 0, 7, 54, 1 ]
    }, {
      "vertices" : [ 15, 16, 17, 18 ]
    }, {
      "vertices" : [ 3, 19, 22, 23, 4 ]
    }, {
      "vertices" : [ 7, 10, 54 ]
    }, {
      "vertices" : [ 41, 45, 58, 55 ]
    }, {
      "vertices" : [ 3, 39, 11, 19 ]
    }, {
      "vertices" : [ 14, 17, 22, 19 ]
    }, {
      "vertices" : [ 0, 2, 53, 21 ]
    }, {
      "vertices" : [ 49, 51, 52, 53 ]
    }, {
      "vertices" : [ 31, 43, 42, 59, 32 ]
    }, {
      "vertices" : [ 15, 18, 50 ]
    }, {
      "vertices" : [ 42, 55, 56, 59 ]
    }, {
      "vertices" : [ 4, 23, 29, 30 ]
    }, {
      "vertices" : [ 25, 38, 26 ]
    }, {
      "vertices" : [ 13, 28, 18, 17, 14 ]
    }, {
      "vertices" : [ 8, 20, 31, 32 ]
    }, {
      "vertices" : [ 23, 44, 29 ]
    }, {
      "vertices" : [ 24, 27, 46 ]
    }, {
      "vertices" : [ 37, 48, 52, 51, 38 ]
    }, {
      "vertices" : [ 20, 48, 31 ]
    }, {
      "vertices" : [ 24, 25, 26, 27 ]
    }, {
      "vertices" : [ 16, 44, 23, 22 ]
    }, {
      "vertices" : [ 13, 34, 35, 28 ]
    }, {
      "vertices" : [ 10, 34, 12, 54 ]
    }, {
      "vertices" : [ 2, 6, 5, 49, 53 ]
    }, {
      "vertices" : [ 36, 43, 37 ]
    }, {
      "vertices" : [ 5, 30, 33, 49 ]
    }, {
      "vertices" : [ 1, 54, 12, 11, 39 ]
    }, {
      "vertices" : [ 28, 35, 57 ]
    }, {
      "vertices" : [ 21, 53, 52 ]
    } ]
  }, {
    "id" : "da3fe3d0-ef74-49f4-b19e-e257bde494ca",
    "orbit" : "blue",
    "orbitC" : "[[0,0,1],[0,0,1]]",
    "length" : "[0,1,2]",
    "name" : " :1/2*phi",
    "vertices" : [ {
      "x" : 5.854102,
      "y" : 0.309017,
      "z" : 0.19098301
    }, {
      "x" : 5.854102,
      "y" : 0.309017,
      "z" : -0.19098301
    }, {
      "x" : 1.0,
      "y" : 0.309017,
      "z" : -0.19098301
    }, {
      "x" : 1.0,
      "y" : 0.309017,
      "z" : 0.19098301
    }, {
      "x" : 5.854102,
      "y" : -0.309017,
      "z" : 0.19098301
    }, {
      "x" : 1.0,
      "y" : -0.309017,
      "z" : 0.19098301
    }, {
      "x" : 1.0,
      "y" : -0.309017,
      "z" : -0.19098301
    }, {
      "x" : 5.854102,
      "y" : -0.309017,
      "z" : -0.19098301
    }, {
      "x" : 6.854102,
      "y" : 0.0,
      "z" : 0.0
    } ],
    "faces" : [ {
      "vertices" : [ 1, 7, 6, 2 ]
    }, {
      "vertices" : [ 0, 1, 2, 3 ]
    }, {
      "vertices" : [ 4, 5, 6, 7 ]
    }, {
      "vertices" : [ 0, 3, 5, 4 ]
    } ]
  }, {
    "id" : "dc7331d7-1ab7-414c-859f-910e6ffd4af7",
    "orbit" : "blue",
    "orbitC" : "[[0,0,1],[0,0,1]]",
    "length" : "[1,0,1]",
    "name" : "b1",
    "vertices" : [ {
      "x" : 7.472136,
      "y" : 0.309017,
      "z" : 0.19098301
    }, {
      "x" : 7.472136,
      "y" : 0.309017,
      "z" : -0.19098301
    }, {
      "x" : 1.0,
      "y" : 0.309017,
      "z" : -0.19098301
    }, {
      "x" : 1.0,
      "y" : 0.309017,
      "z" : 0.19098301
    }, {
      "x" : 7.472136,
      "y" : -0.309017,
      "z" : 0.19098301
    }, {
      "x" : 1.0,
      "y" : -0.309017,
      "z" : 0.19098301
    }, {
      "x" : 1.0,
      "y" : -0.309017,
      "z" : -0.19098301
    }, {
      "x" : 7.472136,
      "y" : -0.309017,
      "z" : -0.19098301
    }, {
      "x" : 8.472136,
      "y" : 0.0,
      "z" : 0.0
    } ],
    "faces" : [ {
      "vertices" : [ 1, 7, 6, 2 ]
    }, {
      "vertices" : [ 0, 1, 2, 3 ]
    }, {
      "vertices" : [ 4, 5, 6, 7 ]
    }, {
      "vertices" : [ 0, 3, 5, 4 ]
    } ]
  }, {
    "id" : "bb34bb26-b0e7-48c5-bed4-a6739fa02e9e",
    "orbit" : "green",
    "orbitC" : "[[2,-1,1],[5,-3,1]]",
    "length" : "[0,1,2]",
    "name" : " :1/2*phi",
    "vertices" : [ {
      "x" : 7.2586102,
      "y" : 2.5815594,
      "z" : -1.177051
    }, {
      "x" : 8.281153,
      "y" : 2.618034,
      "z" : -1.309017
    }, {
      "x" : 7.2586102,
      "y" : 2.5815594,
      "z" : -0.79508495
    }, {
      "x" : 7.0676274,
      "y" : 2.8905764,
      "z" : -1.295085
    }, {
      "x" : 7.0676274,
      "y" : 2.8905764,
      "z" : -0.91311896
    }, {
      "x" : 0.809017,
      "y" : 0.618034,
      "z" : 0.309017
    }, {
      "x" : 1.0,
      "y" : 0.309017,
      "z" : 0.19098301
    }, {
      "x" : 1.9045085,
      "y" : 0.5364745,
      "z" : -0.013932022
    }, {
      "x" : 7.972136,
      "y" : 3.118034,
      "z" : -1.5
    }, {
      "x" : 8.163119,
      "y" : 2.809017,
      "z" : -1.618034
    }, {
      "x" : 8.163119,
      "y" : 2.809017,
      "z" : -1.0
    }, {
      "x" : 7.972136,
      "y" : 3.118034,
      "z" : -1.118034
    }, {
      "x" : 1.7135255,
      "y" : 0.8454915,
      "z" : -0.13196601
    }, {
      "x" : 0.690983,
      "y" : 0.809017,
      "z" : 0.0
    }, {
      "x" : 1.9045085,
      "y" : 0.5364745,
      "z" : -0.39589804
    }, {
      "x" : 1.7135255,
      "y" : 0.8454915,
      "z" : -0.51393205
    }, {
      "x" : 0.809017,
      "y" : 0.618034,
      "z" : -0.309017
    }, {
      "x" : 1.0,
      "y" : 0.309017,
      "z" : -0.19098301
    }, {
      "x" : 8.972136,
      "y" : 3.427051,
      "z" : -1.309017
    } ],
    "faces" : [ {
      "vertices" : [ 0, 14, 15, 3 ]
    }, {
      "vertices" : [ 3, 15, 12, 4 ]
    }, {
      "vertices" : [ 0, 1, 2 ]
    }, {
      "vertices" : [ 12, 15, 13 ]
    }, {
      "vertices" : [ 0, 9, 1 ]
    }, {
      "vertices" : [ 0, 3, 9 ]
    }, {
      "vertices" : [ 13, 15, 16 ]
    }, {
      "vertices" : [ 6, 17, 14, 7 ]
    }, {
      "vertices" : [ 1, 10, 2 ]
    }, {
      "vertices" : [ 5, 6, 7 ]
    }, {
      "vertices" : [ 3, 8, 9 ]
    }, {
      "vertices" : [ 0, 2, 7, 14 ]
    }, {
      "vertices" : [ 5, 7, 12 ]
    }, {
      "vertices" : [ 2, 4, 12, 7 ]
    }, {
      "vertices" : [ 3, 4, 11, 8 ]
    }, {
      "vertices" : [ 2, 10, 11, 4 ]
    }, {
      "vertices" : [ 5, 12, 13 ]
    }, {
      "vertices" : [ 14, 17, 16, 15 ]
    } ]
  }, {
    "id" : "532745be-b881-4e72-82c1-6f546563ad34",
    "orbit" : "blue",
    "orbitC" : "[[0,0,1],[0,0,1]]",
    "length" : "[-53,38,12]",
    "name" : " :-53/12 +19/6*phi",
    "vertices" : [ {
      "x" : 4.990712,
      "y" : 0.309017,
      "z" : 0.19098301
    }, {
      "x" : 4.990712,
      "y" : 0.309017,
      "z" : -0.19098301
    }, {
      "x" : 1.0,
      "y" : 0.309017,
      "z" : -0.19098301
    }, {
      "x" : 1.0,
      "y" : 0.309017,
      "z" : 0.19098301
    }, {
      "x" : 4.990712,
      "y" : -0.309017,
      "z" : 0.19098301
    }, {
      "x" : 1.0,
      "y" : -0.309017,
      "z" : 0.19098301
    }, {
      "x" : 1.0,
      "y" : -0.309017,
      "z" : -0.19098301
    }, {
      "x" : 4.990712,
      "y" : -0.309017,
      "z" : -0.19098301
    }, {
      "x" : 5.990712,
      "y" : 0.0,
      "z" : 0.0
    } ],
    "faces" : [ {
      "vertices" : [ 1, 7, 6, 2 ]
    }, {
      "vertices" : [ 0, 1, 2, 3 ]
    }, {
      "vertices" : [ 4, 5, 6, 7 ]
    }, {
      "vertices" : [ 0, 3, 5, 4 ]
    } ]
  }, {
    "id" : "a637034f-ff3d-4e70-b77a-f94880100d26",
    "orbit" : "green",
    "orbitC" : "[[2,-1,1],[5,-3,1]]",
    "length" : "[-53,38,12]",
    "name" : " :-53/12 +19/6*phi",
    "vertices" : [ {
      "x" : 6.1284184,
      "y" : 2.1498644,
      "z" : -1.0121582
    }, {
      "x" : 7.150961,
      "y" : 2.186339,
      "z" : -1.1441242
    }, {
      "x" : 6.1284184,
      "y" : 2.1498644,
      "z" : -0.63019216
    }, {
      "x" : 5.937435,
      "y" : 2.4588814,
      "z" : -1.1301922
    }, {
      "x" : 5.937435,
      "y" : 2.4588814,
      "z" : -0.74822617
    }, {
      "x" : 0.809017,
      "y" : 0.618034,
      "z" : 0.309017
    }, {
      "x" : 1.0,
      "y" : 0.309017,
      "z" : 0.19098301
    }, {
      "x" : 1.9045085,
      "y" : 0.5364745,
      "z" : -0.013932022
    }, {
      "x" : 6.8419437,
      "y" : 2.686339,
      "z" : -1.3351072
    }, {
      "x" : 7.032927,
      "y" : 2.377322,
      "z" : -1.4531412
    }, {
      "x" : 7.032927,
      "y" : 2.377322,
      "z" : -0.8351072
    }, {
      "x" : 6.8419437,
      "y" : 2.686339,
      "z" : -0.95314115
    }, {
      "x" : 1.7135255,
      "y" : 0.8454915,
      "z" : -0.13196601
    }, {
      "x" : 0.690983,
      "y" : 0.809017,
      "z" : 0.0
    }, {
      "x" : 1.9045085,
      "y" : 0.5364745,
      "z" : -0.39589804
    }, {
      "x" : 1.7135255,
      "y" : 0.8454915,
      "z" : -0.51393205
    }, {
      "x" : 0.809017,
      "y" : 0.618034,
      "z" : -0.309017
    }, {
      "x" : 1.0,
      "y" : 0.309017,
      "z" : -0.19098301
    }, {
      "x" : 7.8419437,
      "y" : 2.995356,
      "z" : -1.1441242
    } ],
    "faces" : [ {
      "vertices" : [ 0, 14, 15, 3 ]
    }, {
      "vertices" : [ 3, 15, 12, 4 ]
    }, {
      "vertices" : [ 0, 1, 2 ]
    }, {
      "vertices" : [ 12, 15, 13 ]
    }, {
      "vertices" : [ 0, 9, 1 ]
    }, {
      "vertices" : [ 0, 3, 9 ]
    }, {
      "vertices" : [ 13, 15, 16 ]
    }, {
      "vertices" : [ 6, 17, 14, 7 ]
    }, {
      "vertices" : [ 1, 10, 2 ]
    }, {
      "vertices" : [ 5, 6, 7 ]
    }, {
      "vertices" : [ 3, 8, 9 ]
    }, {
      "vertices" : [ 0, 2, 7, 14 ]
    }, {
      "vertices" : [ 5, 7, 12 ]
    }, {
      "vertices" : [ 2, 4, 12, 7 ]
    }, {
      "vertices" : [ 3, 4, 11, 8 ]
    }, {
      "vertices" : [ 2, 10, 11, 4 ]
    }, {
      "vertices" : [ 5, 12, 13 ]
    }, {
      "vertices" : [ 14, 17, 16, 15 ]
    } ]
  } ],
  "instances" : [ {
    "shape" : "f3af3db3-b0e3-47b9-aad0-1f2700d51647",
    "color" : "#00993F",
    "position" : {
      "x" : 2.3434577,
      "y" : -6.6481705,
      "z" : 18.76456
    },
    "orientation" : 19
  }, {
    "shape" : "311e8b8a-98b6-459d-85b9-514c767bdc4b",
    "color" : "#FFB31A",
    "position" : {
      "x" : -0.27457622,
      "y" : -10.884238,
      "z" : 25.618662
    },
    "orientation" : 7
  }, {
    "shape" : "239ece71-dcf6-4733-89e3-dc09ae553dae",
    "color" : "#FF0000",
    "position" : {
      "x" : -10.357232,
      "y" : -29.061708,
      "z" : 15.769204
    }
  }, {
    "shape" : "239ece71-dcf6-4733-89e3-dc09ae553dae",
    "color" : "#FF0000",
    "position" : {
      "x" : -3.2699323,
      "y" : -3.4196165,
      "z" : 34.323997
    }
  }, {
    "shape" : "239ece71-dcf6-4733-89e3-dc09ae553dae",
    "color" : "#FF0000",
    "position" : {
      "x" : 16.428984,
      "y" : -18.34886,
      "z" : 11.67726
    }
  }, {
    "shape" : "311e8b8a-98b6-459d-85b9-514c767bdc4b",
    "color" : "#FFB31A",
    "position" : {
      "x" : 9.80808,
      "y" : 2.0571635,
      "z" : 21.759916
    },
    "orientation" : 5
  }, {
    "shape" : "da3fe3d0-ef74-49f4-b19e-e257bde494ca",
    "color" : "#008EC2",
    "position" : {
      "x" : -10.089334,
      "y" : 12.859762,
      "z" : -2.8278024
    },
    "orientation" : 16
  }, {
    "shape" : "da3fe3d0-ef74-49f4-b19e-e257bde494ca",
    "color" : "#008EC2",
    "position" : {
      "x" : 10.472972,
      "y" : 19.713865,
      "z" : -9.681905
    },
    "orientation" : 47
  }, {
    "shape" : "f3af3db3-b0e3-47b9-aad0-1f2700d51647",
    "color" : "#00993F",
    "position" : {
      "x" : -0.04137839,
      "y" : -2.0347803,
      "z" : 2.8278024
    },
    "orientation" : 15
  }, {
    "shape" : "239ece71-dcf6-4733-89e3-dc09ae553dae",
    "color" : "#CCFF00",
    "position" : {
      "x" : -10.089334,
      "y" : 12.859762,
      "z" : -23.390108
    }
  }, {
    "shape" : "239ece71-dcf6-4733-89e3-dc09ae553dae",
    "color" : "#FF0000",
    "position" : {
      "x" : -10.089334,
      "y" : -0.84844136,
      "z" : -2.8278024
    }
  }, {
    "shape" : "239ece71-dcf6-4733-89e3-dc09ae553dae",
    "color" : "#FF0000",
    "position" : {
      "x" : -10.089334,
      "y" : 19.713865,
      "z" : -23.390108
    }
  }, {
    "shape" : "239ece71-dcf6-4733-89e3-dc09ae553dae",
    "color" : "#FF0000",
    "position" : {
      "x" : 8.197559,
      "y" : -21.97441,
      "z" : 27.236696
    }
  }, {
    "shape" : "239ece71-dcf6-4733-89e3-dc09ae553dae",
    "color" : "#CCFF00",
    "position" : {
      "x" : 10.472972,
      "y" : -0.84844136,
      "z" : -16.536007
    }
  }, {
    "shape" : "da3fe3d0-ef74-49f4-b19e-e257bde494ca",
    "color" : "#008EC2",
    "position" : {
      "x" : -10.089334,
      "y" : 19.713865,
      "z" : -2.8278024
    },
    "orientation" : 0
  }, {
    "shape" : "dc7331d7-1ab7-414c-859f-910e6ffd4af7",
    "color" : "#008EC2",
    "position" : {
      "x" : -0.04137839,
      "y" : -2.0347803,
      "z" : 2.8278024
    },
    "orientation" : 11
  }, {
    "shape" : "239ece71-dcf6-4733-89e3-dc09ae553dae",
    "color" : "#CCFF00",
    "position" : {
      "x" : -8.746712,
      "y" : -5.030136,
      "z" : 10.292424
    }
  }, {
    "shape" : "239ece71-dcf6-4733-89e3-dc09ae553dae",
    "color" : "#FF0000",
    "position" : {
      "x" : -18.829369,
      "y" : -15.353504,
      "z" : 21.005272
    }
  }, {
    "shape" : "bb34bb26-b0e7-48c5-bed4-a6739fa02e9e",
    "color" : "#00993F",
    "position" : {
      "x" : -10.089334,
      "y" : -0.84844136,
      "z" : -16.536007
    },
    "orientation" : 23
  }, {
    "shape" : "f3af3db3-b0e3-47b9-aad0-1f2700d51647",
    "color" : "#00993F",
    "position" : {
      "x" : -2.8926103,
      "y" : -20.356375,
      "z" : 18.76456
    },
    "orientation" : 10
  }, {
    "shape" : "239ece71-dcf6-4733-89e3-dc09ae553dae",
    "color" : "#FF0000",
    "position" : {
      "x" : 4.9614916,
      "y" : 0.20593165,
      "z" : 18.76456
    }
  }, {
    "shape" : "239ece71-dcf6-4733-89e3-dc09ae553dae",
    "color" : "#CCFF00",
    "position" : {
      "x" : -7.506,
      "y" : 0.8164515,
      "z" : 30.087929
    }
  }, {
    "shape" : "532745be-b881-4e72-82c1-6f546563ad34",
    "color" : "#008EC2",
    "position" : {
      "x" : -0.27457622,
      "y" : -8.266204,
      "z" : 32.472763
    },
    "orientation" : 11
  }, {
    "shape" : "311e8b8a-98b6-459d-85b9-514c767bdc4b",
    "color" : "#FFB31A",
    "position" : {
      "x" : -7.361876,
      "y" : -30.205832,
      "z" : 23.611149
    },
    "orientation" : 7
  }, {
    "shape" : "dc7331d7-1ab7-414c-859f-910e6ffd4af7",
    "color" : "#008EC2",
    "position" : {
      "x" : -4.743842,
      "y" : -18.115662,
      "z" : 37.31935
    },
    "orientation" : 53
  }, {
    "shape" : "239ece71-dcf6-4733-89e3-dc09ae553dae",
    "color" : "#CCFF00",
    "position" : {
      "x" : 13.810949,
      "y" : -25.202963,
      "z" : 11.67726
    }
  }, {
    "shape" : "a637034f-ff3d-4e70-b77a-f94880100d26",
    "color" : "#00993F",
    "position" : {
      "x" : -2.515288,
      "y" : -32.057064,
      "z" : 16.913328
    },
    "orientation" : 35
  }, {
    "shape" : "532745be-b881-4e72-82c1-6f546563ad34",
    "color" : "#008EC2",
    "position" : {
      "x" : -13.98278,
      "y" : -13.502273,
      "z" : 24.000628
    },
    "orientation" : 53
  }, {
    "shape" : "532745be-b881-4e72-82c1-6f546563ad34",
    "color" : "#008EC2",
    "position" : {
      "x" : 4.9614916,
      "y" : 0.20593165,
      "z" : 18.76456
    },
    "orientation" : 52
  }, {
    "shape" : "f3af3db3-b0e3-47b9-aad0-1f2700d51647",
    "color" : "#00993F",
    "position" : {
      "x" : -4.887966,
      "y" : 5.0525193,
      "z" : 23.233826
    },
    "orientation" : 39
  }, {
    "shape" : "bb34bb26-b0e7-48c5-bed4-a6739fa02e9e",
    "color" : "#00993F",
    "position" : {
      "x" : -10.089334,
      "y" : 12.859762,
      "z" : -23.390108
    },
    "orientation" : 6
  }, {
    "shape" : "239ece71-dcf6-4733-89e3-dc09ae553dae",
    "color" : "#FF0000",
    "position" : {
      "x" : 6.579526,
      "y" : -13.502273,
      "z" : 16.146526
    }
  }, {
    "shape" : "dc7331d7-1ab7-414c-859f-910e6ffd4af7",
    "color" : "#008EC2",
    "position" : {
      "x" : 4.1946898,
      "y" : -8.888883,
      "z" : 0.20976841
    },
    "orientation" : 11
  }, {
    "shape" : "f3af3db3-b0e3-47b9-aad0-1f2700d51647",
    "color" : "#00993F",
    "position" : {
      "x" : -14.360102,
      "y" : -1.8015825,
      "z" : 25.85186
    },
    "orientation" : 3
  }, {
    "shape" : "311e8b8a-98b6-459d-85b9-514c767bdc4b",
    "color" : "#FFB31A",
    "position" : {
      "x" : 6.579526,
      "y" : -13.502273,
      "z" : 16.146526
    },
    "orientation" : 0
  }, {
    "shape" : "da3fe3d0-ef74-49f4-b19e-e257bde494ca",
    "color" : "#008EC2",
    "position" : {
      "x" : 10.472972,
      "y" : -0.84844136,
      "z" : -23.390108
    },
    "orientation" : 2
  }, {
    "shape" : "a637034f-ff3d-4e70-b77a-f94880100d26",
    "color" : "#00993F",
    "position" : {
      "x" : 16.428984,
      "y" : -18.34886,
      "z" : 11.67726
    },
    "orientation" : 58
  }, {
    "shape" : "239ece71-dcf6-4733-89e3-dc09ae553dae",
    "color" : "#FF0000",
    "position" : {
      "x" : -13.5933,
      "y" : -6.881368,
      "z" : 7.297068
    }
  }, {
    "shape" : "532745be-b881-4e72-82c1-6f546563ad34",
    "color" : "#008EC2",
    "position" : {
      "x" : -8.746712,
      "y" : -5.030136,
      "z" : 10.292424
    },
    "orientation" : 51
  }, {
    "shape" : "da3fe3d0-ef74-49f4-b19e-e257bde494ca",
    "color" : "#008EC2",
    "position" : {
      "x" : 10.472972,
      "y" : 19.713865,
      "z" : -2.8278024
    },
    "orientation" : 45
  }, {
    "shape" : "239ece71-dcf6-4733-89e3-dc09ae553dae",
    "color" : "#FF0000",
    "position" : {
      "x" : 9.80808,
      "y" : 2.0571635,
      "z" : 21.759916
    }
  }, {
    "shape" : "bb34bb26-b0e7-48c5-bed4-a6739fa02e9e",
    "color" : "#00993F",
    "position" : {
      "x" : 10.472972,
      "y" : 12.859762,
      "z" : -2.8278024
    },
    "orientation" : 51
  }, {
    "shape" : "239ece71-dcf6-4733-89e3-dc09ae553dae",
    "color" : "#CCFF00",
    "position" : {
      "x" : -10.089334,
      "y" : -0.84844136,
      "z" : -16.536007
    }
  }, {
    "shape" : "239ece71-dcf6-4733-89e3-dc09ae553dae",
    "color" : "#CCFF00",
    "position" : {
      "x" : -14.5933,
      "y" : -24.82564,
      "z" : 11.533136
    }
  }, {
    "shape" : "a637034f-ff3d-4e70-b77a-f94880100d26",
    "color" : "#00993F",
    "position" : {
      "x" : -3.2699323,
      "y" : -3.4196165,
      "z" : 34.323997
    },
    "orientation" : 31
  }, {
    "shape" : "239ece71-dcf6-4733-89e3-dc09ae553dae",
    "color" : "#FF0000",
    "position" : {
      "x" : -2.125808,
      "y" : -11.26156,
      "z" : 37.31935
    }
  }, {
    "shape" : "bb34bb26-b0e7-48c5-bed4-a6739fa02e9e",
    "color" : "#00993F",
    "position" : {
      "x" : 10.472972,
      "y" : 19.713865,
      "z" : -9.681905
    },
    "orientation" : 37
  }, {
    "shape" : "f3af3db3-b0e3-47b9-aad0-1f2700d51647",
    "color" : "#00993F",
    "position" : {
      "x" : 6.9568477,
      "y" : -27.820995,
      "z" : 7.441192
    },
    "orientation" : 2
  }, {
    "shape" : "bb34bb26-b0e7-48c5-bed4-a6739fa02e9e",
    "color" : "#00993F",
    "position" : {
      "x" : -10.089334,
      "y" : 19.713865,
      "z" : -9.681905
    },
    "orientation" : 37
  }, {
    "shape" : "f3af3db3-b0e3-47b9-aad0-1f2700d51647",
    "color" : "#00993F",
    "position" : {
      "x" : 6.579526,
      "y" : -13.502273,
      "z" : 16.146526
    },
    "orientation" : 35
  }, {
    "shape" : "bb34bb26-b0e7-48c5-bed4-a6739fa02e9e",
    "color" : "#00993F",
    "position" : {
      "x" : -10.089334,
      "y" : -0.84844136,
      "z" : -9.681905
    },
    "orientation" : 7
  }, {
    "shape" : "da3fe3d0-ef74-49f4-b19e-e257bde494ca",
    "color" : "#008EC2",
    "position" : {
      "x" : 3.6188705,
      "y" : -0.84844136,
      "z" : -23.390108
    },
    "orientation" : 45
  }, {
    "shape" : "da3fe3d0-ef74-49f4-b19e-e257bde494ca",
    "color" : "#008EC2",
    "position" : {
      "x" : 3.6188705,
      "y" : -0.84844136,
      "z" : -2.8278024
    },
    "orientation" : 45
  }, {
    "shape" : "532745be-b881-4e72-82c1-6f546563ad34",
    "color" : "#008EC2",
    "position" : {
      "x" : -0.27457622,
      "y" : -18.73834,
      "z" : 5.0563564
    },
    "orientation" : 52
  }, {
    "shape" : "da3fe3d0-ef74-49f4-b19e-e257bde494ca",
    "color" : "#008EC2",
    "position" : {
      "x" : -10.089334,
      "y" : -0.84844136,
      "z" : -23.390108
    },
    "orientation" : 1
  }, {
    "shape" : "a637034f-ff3d-4e70-b77a-f94880100d26",
    "color" : "#00993F",
    "position" : {
      "x" : -11.742068,
      "y" : -0.18354852,
      "z" : 12.143656
    },
    "orientation" : 26
  }, {
    "shape" : "239ece71-dcf6-4733-89e3-dc09ae553dae",
    "color" : "#FF0000",
    "position" : {
      "x" : 4.5720115,
      "y" : -6.4149723,
      "z" : 35.46812
    }
  }, {
    "shape" : "311e8b8a-98b6-459d-85b9-514c767bdc4b",
    "color" : "#FFB31A",
    "position" : {
      "x" : -11.742068,
      "y" : -0.18354852,
      "z" : 12.143656
    },
    "orientation" : 7
  }, {
    "shape" : "f3af3db3-b0e3-47b9-aad0-1f2700d51647",
    "color" : "#00993F",
    "position" : {
      "x" : 13.810949,
      "y" : -25.202963,
      "z" : 11.67726
    },
    "orientation" : 39
  }, {
    "shape" : "dc7331d7-1ab7-414c-859f-910e6ffd4af7",
    "color" : "#008EC2",
    "position" : {
      "x" : -14.360102,
      "y" : -1.8015825,
      "z" : 25.85186
    },
    "orientation" : 52
  }, {
    "shape" : "311e8b8a-98b6-459d-85b9-514c767bdc4b",
    "color" : "#FFB31A",
    "position" : {
      "x" : -4.510644,
      "y" : -9.266204,
      "z" : 14.528492
    },
    "orientation" : 54
  }, {
    "shape" : "239ece71-dcf6-4733-89e3-dc09ae553dae",
    "color" : "#CCFF00",
    "position" : {
      "x" : -0.27457622,
      "y" : -8.266204,
      "z" : 32.472763
    }
  }, {
    "shape" : "532745be-b881-4e72-82c1-6f546563ad34",
    "color" : "#008EC2",
    "position" : {
      "x" : 8.197559,
      "y" : -21.97441,
      "z" : 27.236696
    },
    "orientation" : 24
  }, {
