{
  "polygons" : "true",
  "field" : "golden",
  "symmetry" : "icosahedral",
  "orientations" : [ [ 1.0, 0.0, 0.0, 0.0, 0.0, 1.0, 0.0, 0.0, 0.0, 0.0, 1.0, 0.0, 0.0, 0.0, 0.0, 1.0 ], [ 0.0, 0.0, 1.0, 0.0, 1.0, 0.0, 0.0, 0.0, 0.0, 1.0, 0.0, 0.0, 0.0, 0.0, 0.0, 1.0 ], [ 0.0, 1.0, 0.0, 0.0, 0.0, 0.0, 1.0, 0.0, 1.0, 0.0, 0.0, 0.0, 0.0, 0.0, 0.0, 1.0 ], [ 0.809017, 0.309017, 0.5, 0.0, 0.309017, 0.5, -0.809017, 0.0, -0.5, 0.809017, 0.309017, 0.0, 0.0, 0.0, 0.0, 1.0 ], [ -0.5, 0.809017, 0.309017, 0.0, 0.809017, 0.309017, 0.5, 0.0, 0.309017, 0.5, -0.809017, 0.0, 0.0, 0.0, 0.0, 1.0 ], [ 0.309017, 0.5, -0.809017, 0.0, -0.5, 0.809017, 0.309017, 0.0, 0.809017, 0.309017, 0.5, 0.0, 0.0, 0.0, 0.0, 1.0 ], [ 0.5, 0.809017, 0.309017, 0.0, 0.809017, -0.309017, -0.5, 0.0, -0.309017, 0.5, -0.809017, 0.0, 0.0, 0.0, 0.0, 1.0 ], [ -0.309017, 0.5, -0.809017, 0.0, 0.5, 0.809017, 0.309017, 0.0, 0.809017, -0.309017, -0.5, 0.0, 0.0, 0.0, 0.0, 1.0 ], [ 0.809017, -0.309017, -0.5, 0.0, -0.309017, 0.5, -0.809017, 0.0, 0.5, 0.809017, 0.309017, 0.0, 0.0, 0.0, 0.0, 1.0 ], [ 0.5, 0.809017, -0.309017, 0.0, 0.809017, -0.309017, 0.5, 0.0, 0.309017, -0.5, -0.809017, 0.0, 0.0, 0.0, 0.0, 1.0 ], [ 0.309017, -0.5, -0.809017, 0.0, 0.5, 0.809017, -0.309017, 0.0, 0.809017, -0.309017, 0.5, 0.0, 0.0, 0.0, 0.0, 1.0 ], [ 0.809017, -0.309017, 0.5, 0.0, 0.309017, -0.5, -0.809017, 0.0, 0.5, 0.809017, -0.309017, 0.0, 0.0, 0.0, 0.0, 1.0 ], [ 0.809017, 0.309017, -0.5, 0.0, 0.309017, 0.5, 0.809017, 0.0, 0.5, -0.809017, 0.309017, 0.0, 0.0, 0.0, 0.0, 1.0 ], [ 0.5, -0.809017, 0.309017, 0.0, 0.809017, 0.309017, -0.5, 0.0, 0.309017, 0.5, 0.809017, 0.0, 0.0, 0.0, 0.0, 1.0 ], [ 0.309017, 0.5, 0.809017, 0.0, 0.5, -0.809017, 0.309017, 0.0, 0.809017, 0.309017, -0.5, 0.0, 0.0, 0.0, 0.0, 1.0 ], [ 1.0, 0.0, 0.0, 0.0, 0.0, -1.0, 0.0, 0.0, 0.0, 0.0, -1.0, 0.0, 0.0, 0.0, 0.0, 1.0 ], [ 0.0, 0.0, 1.0, 0.0, -1.0, 0.0, 0.0, 0.0, 0.0, -1.0, 0.0, 0.0, 0.0, 0.0, 0.0, 1.0 ], [ 0.0, 1.0, 0.0, 0.0, 0.0, 0.0, -1.0, 0.0, -1.0, 0.0, 0.0, 0.0, 0.0, 0.0, 0.0, 1.0 ], [ 0.809017, 0.309017, 0.5, 0.0, -0.309017, -0.5, 0.809017, 0.0, 0.5, -0.809017, -0.309017, 0.0, 0.0, 0.0, 0.0, 1.0 ], [ -0.5, 0.809017, 0.309017, 0.0, -0.809017, -0.309017, -0.5, 0.0, -0.309017, -0.5, 0.809017, 0.0, 0.0, 0.0, 0.0, 1.0 ], [ 0.309017, 0.5, -0.809017, 0.0, 0.5, -0.809017, -0.309017, 0.0, -0.809017, -0.309017, -0.5, 0.0, 0.0, 0.0, 0.0, 1.0 ], [ 0.5, 0.809017, 0.309017, 0.0, -0.809017, 0.309017, 0.5, 0.0, 0.309017, -0.5, 0.809017, 0.0, 0.0, 0.0, 0.0, 1.0 ], [ -0.309017, 0.5, -0.809017, 0.0, -0.5, -0.809017, -0.309017, 0.0, -0.809017, 0.309017, 0.5, 0.0, 0.0, 0.0, 0.0, 1.0 ], [ 0.809017, -0.309017, -0.5, 0.0, 0.309017, -0.5, 0.809017, 0.0, -0.5, -0.809017, -0.309017, 0.0, 0.0, 0.0, 0.0, 1.0 ], [ 0.5, 0.809017, -0.309017, 0.0, -0.809017, 0.309017, -0.5, 0.0, -0.309017, 0.5, 0.809017, 0.0, 0.0, 0.0, 0.0, 1.0 ], [ 0.309017, -0.5, -0.809017, 0.0, -0.5, -0.809017, 0.309017, 0.0, -0.809017, 0.309017, -0.5, 0.0, 0.0, 0.0, 0.0, 1.0 ], [ 0.809017, -0.309017, 0.5, 0.0, -0.309017, 0.5, 0.809017, 0.0, -0.5, -0.809017, 0.309017, 0.0, 0.0, 0.0, 0.0, 1.0 ], [ 0.809017, 0.309017, -0.5, 0.0, -0.309017, -0.5, -0.809017, 0.0, -0.5, 0.809017, -0.309017, 0.0, 0.0, 0.0, 0.0, 1.0 ], [ 0.5, -0.809017, 0.309017, 0.0, -0.809017, -0.309017, 0.5, 0.0, -0.309017, -0.5, -0.809017, 0.0, 0.0, 0.0, 0.0, 1.0 ], [ 0.309017, 0.5, 0.809017, 0.0, -0.5, 0.809017, -0.309017, 0.0, -0.809017, -0.309017, 0.5, 0.0, 0.0, 0.0, 0.0, 1.0 ], [ -1.0, 0.0, 0.0, 0.0, 0.0, -1.0, 0.0, 0.0, 0.0, 0.0, 1.0, 0.0, 0.0, 0.0, 0.0, 1.0 ], [ 0.0, 0.0, -1.0, 0.0, -1.0, 0.0, 0.0, 0.0, 0.0, 1.0, 0.0, 0.0, 0.0, 0.0, 0.0, 1.0 ], [ 0.0, -1.0, 0.0, 0.0, 0.0, 0.0, -1.0, 0.0, 1.0, 0.0, 0.0, 0.0, 0.0, 0.0, 0.0, 1.0 ], [ -0.809017, -0.309017, -0.5, 0.0, -0.309017, -0.5, 0.809017, 0.0, -0.5, 0.809017, 0.309017, 0.0, 0.0, 0.0, 0.0, 1.0 ], [ 0.5, -0.809017, -0.309017, 0.0, -0.809017, -0.309017, -0.5, 0.0, 0.309017, 0.5, -0.809017, 0.0, 0.0, 0.0, 0.0, 1.0 ], [ -0.309017, -0.5, 0.809017, 0.0, 0.5, -0.809017, -0.309017, 0.0, 0.809017, 0.309017, 0.5, 0.0, 0.0, 0.0, 0.0, 1.0 ], [ -0.5, -0.809017, -0.309017, 0.0, -0.809017, 0.309017, 0.5, 0.0, -0.309017, 0.5, -0.809017, 0.0, 0.0, 0.0, 0.0, 1.0 ], [ 0.309017, -0.5, 0.809017, 0.0, -0.5, -0.809017, -0.309017, 0.0, 0.809017, -0.309017, -0.5, 0.0, 0.0, 0.0, 0.0, 1.0 ], [ -0.809017, 0.309017, 0.5, 0.0, 0.309017, -0.5, 0.809017, 0.0, 0.5, 0.809017, 0.309017, 0.0, 0.0, 0.0, 0.0, 1.0 ], [ -0.5, -0.809017, 0.309017, 0.0, -0.809017, 0.309017, -0.5, 0.0, 0.309017, -0.5, -0.809017, 0.0, 0.0, 0.0, 0.0, 1.0 ], [ -0.309017, 0.5, 0.809017, 0.0, -0.5, -0.809017, 0.309017, 0.0, 0.809017, -0.309017, 0.5, 0.0, 0.0, 0.0, 0.0, 1.0 ], [ -0.809017, 0.309017, -0.5, 0.0, -0.309017, 0.5, 0.809017, 0.0, 0.5, 0.809017, -0.309017, 0.0, 0.0, 0.0, 0.0, 1.0 ], [ -0.809017, -0.309017, 0.5, 0.0, -0.309017, -0.5, -0.809017, 0.0, 0.5, -0.809017, 0.309017, 0.0, 0.0, 0.0, 0.0, 1.0 ], [ -0.5, 0.809017, -0.309017, 0.0, -0.809017, -0.309017, 0.5, 0.0, 0.309017, 0.5, 0.809017, 0.0, 0.0, 0.0, 0.0, 1.0 ], [ -0.309017, -0.5, -0.809017, 0.0, -0.5, 0.809017, -0.309017, 0.0, 0.809017, 0.309017, -0.5, 0.0, 0.0, 0.0, 0.0, 1.0 ], [ -1.0, 0.0, 0.0, 0.0, 0.0, 1.0, 0.0, 0.0, 0.0, 0.0, -1.0, 0.0, 0.0, 0.0, 0.0, 1.0 ], [ 0.0, 0.0, -1.0, 0.0, 1.0, 0.0, 0.0, 0.0, 0.0, -1.0, 0.0, 0.0, 0.0, 0.0, 0.0, 1.0 ], [ 0.0, -1.0, 0.0, 0.0, 0.0, 0.0, 1.0, 0.0, -1.0, 0.0, 0.0, 0.0, 0.0, 0.0, 0.0, 1.0 ], [ -0.809017, -0.309017, -0.5, 0.0, 0.309017, 0.5, -0.809017, 0.0, 0.5, -0.809017, -0.309017, 0.0, 0.0, 0.0, 0.0, 1.0 ], [ 0.5, -0.809017, -0.309017, 0.0, 0.809017, 0.309017, 0.5, 0.0, -0.309017, -0.5, 0.809017, 0.0, 0.0, 0.0, 0.0, 1.0 ], [ -0.309017, -0.5, 0.809017, 0.0, -0.5, 0.809017, 0.309017, 0.0, -0.809017, -0.309017, -0.5, 0.0, 0.0, 0.0, 0.0, 1.0 ], [ -0.5, -0.809017, -0.309017, 0.0, 0.809017, -0.309017, -0.5, 0.0, 0.309017, -0.5, 0.809017, 0.0, 0.0, 0.0, 0.0, 1.0 ], [ 0.309017, -0.5, 0.809017, 0.0, 0.5, 0.809017, 0.309017, 0.0, -0.809017, 0.309017, 0.5, 0.0, 0.0, 0.0, 0.0, 1.0 ], [ -0.809017, 0.309017, 0.5, 0.0, -0.309017, 0.5, -0.809017, 0.0, -0.5, -0.809017, -0.309017, 0.0, 0.0, 0.0, 0.0, 1.0 ], [ -0.5, -0.809017, 0.309017, 0.0, 0.809017, -0.309017, 0.5, 0.0, -0.309017, 0.5, 0.809017, 0.0, 0.0, 0.0, 0.0, 1.0 ], [ -0.309017, 0.5, 0.809017, 0.0, 0.5, 0.809017, -0.309017, 0.0, -0.809017, 0.309017, -0.5, 0.0, 0.0, 0.0, 0.0, 1.0 ], [ -0.809017, 0.309017, -0.5, 0.0, 0.309017, -0.5, -0.809017, 0.0, -0.5, -0.809017, 0.309017, 0.0, 0.0, 0.0, 0.0, 1.0 ], [ -0.809017, -0.309017, 0.5, 0.0, 0.309017, 0.5, 0.809017, 0.0, -0.5, 0.809017, -0.309017, 0.0, 0.0, 0.0, 0.0, 1.0 ], [ -0.5, 0.809017, -0.309017, 0.0, 0.809017, 0.309017, -0.5, 0.0, -0.309017, -0.5, -0.809017, 0.0, 0.0, 0.0, 0.0, 1.0 ], [ -0.309017, -0.5, -0.809017, 0.0, 0.5, -0.809017, 0.309017, 0.0, -0.809017, -0.309017, 0.5, 0.0, 0.0, 0.0, 0.0, 1.0 ] ],
  "lights" : {
    "directionalLights" : [ {
      "direction" : [ 1.0, -1.0, -1.0 ],
      "color" : "#EBEBE4"
    }, {
      "direction" : [ -1.0, 0.0, 0.0 ],
      "color" : "#E4E4EB"
    }, {
      "direction" : [ 0.0, 0.0, -1.0 ],
      "color" : "#1E1E1E"
    } ],
    "ambientColor" : "#292929",
    "backgroundColor" : "#AFC8DC"
  },
  "camera" : {
    "width" : 232.845,
    "position" : {
      "x" : -4.743482,
      "y" : 202.28598,
      "z" : -476.23352
    },
    "perspective" : true,
    "viewDistance" : 517.4327,
    "fieldOfView" : 0.44262943,
    "lookAtPointRV" : {
      "x" : 0.0,
      "y" : 0.0,
      "z" : 0.0,
      "zero" : true
    },
    "lookDirectionRV" : {
      "x" : 0.0091673415,
      "y" : -0.39094165,
      "z" : 0.92037773,
      "zero" : false
    },
    "upDirectionRV" : {
      "x" : 0.7250738,
      "y" : -0.6312227,
      "z" : -0.27532968,
      "zero" : false
    },
    "nearClipDistance" : 1.2935807,
    "lookAtPoint" : {
      "x" : 0.0,
      "y" : 0.0,
      "z" : 0.0
    },
    "lookDirection" : {
      "x" : 0.0091673415,
      "y" : -0.39094165,
      "z" : 0.92037773
    },
    "upDirection" : {
      "x" : 0.7250738,
      "y" : -0.6312227,
      "z" : -0.27532968
    },
    "farClipDistance" : 1034.8677,
    "stereo" : false
  },
  "embedding" : [ 1.0, 0.0, 0.0, 0.0, 0.0, 1.0, 0.0, 0.0, 0.0, 0.0, 1.0, 0.0, 0.0, 0.0, 0.0, 1.0 ],
  "shapes" : [ {
    "id" : "3d4dce25-77d7-44e2-b34e-2eeb5c2cd174",
    "name" : "ball",
    "vertices" : [ {
      "x" : 0.309017,
      "y" : -0.809017,
      "z" : 0.618034
    }, {
      "x" : 0.809017,
      "y" : -0.618034,
      "z" : 0.309017
    }, {
      "x" : 0.618034,
      "y" : -0.309017,
      "z" : 0.809017
    }, {
      "x" : 1.0,
      "y" : 0.309017,
      "z" : 0.19098301
    }, {
      "x" : 0.809017,
      "y" : 0.618034,
      "z" : 0.309017
    }, {
      "x" : 0.618034,
      "y" : 0.309017,
      "z" : 0.809017
    }, {
      "x" : 0.809017,
      "y" : 0.0,
      "z" : 0.690983
    }, {
      "x" : 0.19098301,
      "y" : -1.0,
      "z" : 0.309017
    }, {
      "x" : -0.19098301,
      "y" : -1.0,
      "z" : 0.309017
    }, {
      "x" : -0.19098301,
      "y" : -1.0,
      "z" : -0.309017
    }, {
      "x" : 0.19098301,
      "y" : -1.0,
      "z" : -0.309017
    }, {
      "x" : 1.0,
      "y" : -0.309017,
      "z" : -0.19098301
    }, {
      "x" : 0.809017,
      "y" : -0.618034,
      "z" : -0.309017
    }, {
      "x" : 0.618034,
      "y" : -0.309017,
      "z" : -0.809017
    }, {
      "x" : 0.809017,
      "y" : 0.0,
      "z" : -0.690983
    }, {
      "x" : 0.0,
      "y" : 0.690983,
      "z" : -0.809017
    }, {
      "x" : 0.309017,
      "y" : 0.809017,
      "z" : -0.618034
    }, {
      "x" : 0.618034,
      "y" : 0.309017,
      "z" : -0.809017
    }, {
      "x" : 0.309017,
      "y" : 0.19098301,
      "z" : -1.0
    }, {
      "x" : 1.0,
      "y" : 0.309017,
      "z" : -0.19098301
    }, {
      "x" : -0.309017,
      "y" : -0.809017,
      "z" : 0.618034
    }, {
      "x" : 0.0,
      "y" : -0.690983,
      "z" : 0.809017
    }, {
      "x" : 0.809017,
      "y" : 0.618034,
      "z" : -0.309017
    }, {
      "x" : 0.690983,
      "y" : 0.809017,
      "z" : 0.0
    }, {
      "x" : -0.690983,
      "y" : 0.809017,
      "z" : 0.0
    }, {
      "x" : -0.809017,
      "y" : 0.618034,
      "z" : 0.309017
    }, {
      "x" : -0.309017,
      "y" : 0.809017,
      "z" : 0.618034
    }, {
      "x" : -0.19098301,
      "y" : 1.0,
      "z" : 0.309017
    }, {
      "x" : 0.309017,
      "y" : -0.19098301,
      "z" : -1.0
    }, {
      "x" : 0.19098301,
      "y" : 1.0,
      "z" : 0.309017
    }, {
      "x" : 0.309017,
      "y" : 0.809017,
      "z" : 0.618034
    }, {
      "x" : -0.809017,
      "y" : -0.618034,
      "z" : 0.309017
    }, {
      "x" : -0.690983,
      "y" : -0.809017,
      "z" : 0.0
    }, {
      "x" : 0.0,
      "y" : 0.690983,
      "z" : 0.809017
    }, {
      "x" : 0.309017,
      "y" : -0.809017,
      "z" : -0.618034
    }, {
      "x" : 0.0,
      "y" : -0.690983,
      "z" : -0.809017
    }, {
      "x" : -1.0,
      "y" : 0.309017,
      "z" : 0.19098301
    }, {
      "x" : -0.809017,
      "y" : 0.0,
      "z" : 0.690983
    }, {
      "x" : -0.618034,
      "y" : 0.309017,
      "z" : 0.809017
    }, {
      "x" : 1.0,
      "y" : -0.309017,
      "z" : 0.19098301
    }, {
      "x" : -0.309017,
      "y" : -0.809017,
      "z" : -0.618034
    }, {
      "x" : -1.0,
      "y" : 0.309017,
      "z" : -0.19098301
    }, {
      "x" : -1.0,
      "y" : -0.309017,
      "z" : -0.19098301
    }, {
      "x" : -1.0,
      "y" : -0.309017,
      "z" : 0.19098301
    }, {
      "x" : 0.19098301,
      "y" : 1.0,
      "z" : -0.309017
    }, {
      "x" : -0.809017,
      "y" : 0.618034,
      "z" : -0.309017
    }, {
      "x" : -0.19098301,
      "y" : 1.0,
      "z" : -0.309017
    }, {
      "x" : -0.309017,
      "y" : 0.809017,
      "z" : -0.618034
    }, {
      "x" : -0.618034,
      "y" : -0.309017,
      "z" : 0.809017
    }, {
      "x" : 0.309017,
      "y" : 0.19098301,
      "z" : 1.0
    }, {
      "x" : -0.309017,
      "y" : 0.19098301,
      "z" : -1.0
    }, {
      "x" : -0.309017,
      "y" : 0.19098301,
      "z" : 1.0
    }, {
      "x" : -0.309017,
      "y" : -0.19098301,
      "z" : 1.0
    }, {
      "x" : 0.309017,
      "y" : -0.19098301,
      "z" : 1.0
    }, {
      "x" : 0.690983,
      "y" : -0.809017,
      "z" : 0.0
    }, {
      "x" : -0.809017,
      "y" : 0.0,
      "z" : -0.690983
    }, {
      "x" : -0.618034,
      "y" : -0.309017,
      "z" : -0.809017
    }, {
      "x" : -0.309017,
      "y" : -0.19098301,
      "z" : -1.0
    }, {
      "x" : -0.618034,
      "y" : 0.309017,
      "z" : -0.809017
    }, {
      "x" : -0.809017,
      "y" : -0.618034,
      "z" : -0.309017
    } ],
    "faces" : [ {
      "vertices" : [ 9, 40, 35, 34, 10 ]
    }, {
      "vertices" : [ 0, 1, 2 ]
    }, {
      "vertices" : [ 33, 51, 49 ]
    }, {
      "vertices" : [ 25, 36, 37, 38 ]
    }, {
      "vertices" : [ 41, 55, 42 ]
    }, {
      "vertices" : [ 9, 32, 59, 40 ]
    }, {
      "vertices" : [ 20, 21, 52, 48 ]
    }, {
      "vertices" : [ 26, 33, 30, 29, 27 ]
    }, {
      "vertices" : [ 3, 4, 5, 6 ]
    }, {
      "vertices" : [ 27, 29, 44, 46 ]
    }, {
      "vertices" : [ 50, 57, 56, 55, 58 ]
    }, {
      "vertices" : [ 26, 38, 51, 33 ]
    }, {
      "vertices" : [ 45, 47, 58 ]
    }, {
      "vertices" : [ 18, 28, 57, 50 ]
    }, {
      "vertices" : [ 40, 59, 56 ]
    }, {
      "vertices" : [ 31, 48, 37, 43 ]
    }, {
      "vertices" : [ 7, 8, 9, 10 ]
    }, {
      "vertices" : [ 36, 41, 42, 43 ]
    }, {
      "vertices" : [ 24, 46, 47, 45 ]
    }, {
      "vertices" : [ 4, 30, 5 ]
    }, {
      "vertices" : [ 15, 47, 46, 44, 16 ]
    }, {
      "vertices" : [ 15, 50, 58, 47 ]
    }, {
      "vertices" : [ 24, 45, 41, 36, 25 ]
    }, {
      "vertices" : [ 11, 14, 19 ]
    }, {
      "vertices" : [ 3, 6, 39 ]
    }, {
      "vertices" : [ 1, 39, 6, 2 ]
    }, {
      "vertices" : [ 8, 32, 9 ]
    }, {
      "vertices" : [ 11, 12, 13, 14 ]
    }, {
      "vertices" : [ 16, 22, 17 ]
    }, {
      "vertices" : [ 0, 21, 20, 8, 7 ]
    }, {
      "vertices" : [ 12, 34, 13 ]
    }, {
      "vertices" : [ 35, 40, 56, 57 ]
    }, {
      "vertices" : [ 0, 7, 54, 1 ]
    }, {
      "vertices" : [ 15, 16, 17, 18 ]
    }, {
      "vertices" : [ 3, 19, 22, 23, 4 ]
    }, {
      "vertices" : [ 7, 10, 54 ]
    }, {
      "vertices" : [ 41, 45, 58, 55 ]
    }, {
      "vertices" : [ 3, 39, 11, 19 ]
    }, {
      "vertices" : [ 14, 17, 22, 19 ]
    }, {
      "vertices" : [ 0, 2, 53, 21 ]
    }, {
      "vertices" : [ 49, 51, 52, 53 ]
    }, {
      "vertices" : [ 31, 43, 42, 59, 32 ]
    }, {
      "vertices" : [ 15, 18, 50 ]
    }, {
      "vertices" : [ 42, 55, 56, 59 ]
    }, {
      "vertices" : [ 4, 23, 29, 30 ]
    }, {
      "vertices" : [ 25, 38, 26 ]
    }, {
      "vertices" : [ 13, 28, 18, 17, 14 ]
    }, {
      "vertices" : [ 8, 20, 31, 32 ]
    }, {
      "vertices" : [ 23, 44, 29 ]
    }, {
      "vertices" : [ 24, 27, 46 ]
    }, {
      "vertices" : [ 37, 48, 52, 51, 38 ]
    }, {
      "vertices" : [ 20, 48, 31 ]
    }, {
      "vertices" : [ 24, 25, 26, 27 ]
    }, {
      "vertices" : [ 16, 44, 23, 22 ]
    }, {
      "vertices" : [ 13, 34, 35, 28 ]
    }, {
      "vertices" : [ 10, 34, 12, 54 ]
    }, {
      "vertices" : [ 2, 6, 5, 49, 53 ]
    }, {
      "vertices" : [ 36, 43, 37 ]
    }, {
      "vertices" : [ 5, 30, 33, 49 ]
    }, {
      "vertices" : [ 1, 54, 12, 11, 39 ]
    }, {
      "vertices" : [ 28, 35, 57 ]
    }, {
      "vertices" : [ 21, 53, 52 ]
    } ]
  }, {
    "id" : "6e8d3373-dd18-45a9-94b2-2eb01cf0d2aa",
    "orbit" : "blue",
    "orbitC" : "[[0,0,1],[0,0,1]]",
    "length" : "[1,0,1]",
    "name" : "b1",
    "vertices" : [ {
      "x" : 7.472136,
      "y" : 0.309017,
      "z" : 0.19098301
    }, {
      "x" : 7.472136,
      "y" : 0.309017,
      "z" : -0.19098301
    }, {
      "x" : 1.0,
      "y" : 0.309017,
      "z" : -0.19098301
    }, {
      "x" : 1.0,
      "y" : 0.309017,
      "z" : 0.19098301
    }, {
      "x" : 7.472136,
      "y" : -0.309017,
      "z" : 0.19098301
    }, {
      "x" : 1.0,
      "y" : -0.309017,
      "z" : 0.19098301
    }, {
      "x" : 1.0,
      "y" : -0.309017,
      "z" : -0.19098301
    }, {
      "x" : 7.472136,
      "y" : -0.309017,
      "z" : -0.19098301
    }, {
      "x" : 8.472136,
      "y" : 0.0,
      "z" : 0.0
    } ],
    "faces" : [ {
      "vertices" : [ 1, 7, 6, 2 ]
    }, {
      "vertices" : [ 0, 1, 2, 3 ]
    }, {
      "vertices" : [ 4, 5, 6, 7 ]
    }, {
      "vertices" : [ 0, 3, 5, 4 ]
    } ]
  }, {
    "id" : "5757f2c3-75a0-477e-b4b8-acbad3addd41",
    "orbit" : "blue",
    "orbitC" : "[[0,0,1],[0,0,1]]",
    "length" : "[180,456,649]",
    "name" : " :180/649 +456/649*phi",
    "vertices" : [ {
      "x" : 10.981395,
      "y" : 0.309017,
      "z" : 0.19098301
    }, {
      "x" : 10.981395,
      "y" : 0.309017,
      "z" : -0.19098301
    }, {
      "x" : 1.0,
      "y" : 0.309017,
      "z" : -0.19098301
    }, {
      "x" : 1.0,
      "y" : 0.309017,
      "z" : 0.19098301
    }, {
      "x" : 10.981395,
      "y" : -0.309017,
      "z" : 0.19098301
    }, {
      "x" : 1.0,
      "y" : -0.309017,
      "z" : 0.19098301
    }, {
      "x" : 1.0,
      "y" : -0.309017,
      "z" : -0.19098301
    }, {
      "x" : 10.981395,
      "y" : -0.309017,
      "z" : -0.19098301
    }, {
      "x" : 11.981395,
      "y" : 0.0,
      "z" : 0.0
    } ],
    "faces" : [ {
      "vertices" : [ 1, 7, 6, 2 ]
    }, {
      "vertices" : [ 0, 1, 2, 3 ]
    }, {
      "vertices" : [ 4, 5, 6, 7 ]
    }, {
      "vertices" : [ 0, 3, 5, 4 ]
    } ]
  }, {
    "id" : "fed81080-f3b4-4b6f-8a83-2f5854da7f1a",
    "orbit" : "yellow",
    "orbitC" : "[[0,0,1],[2,-1,1]]",
    "length" : "[1,0,1]",
    "name" : "y1",
    "vertices" : [ {
      "x" : 0.809017,
      "y" : 0.0,
      "z" : -0.690983
    }, {
      "x" : 1.0,
      "y" : 0.309017,
      "z" : -0.19098301
    }, {
      "x" : 2.618034,
      "y" : 0.309017,
      "z" : -0.809017
    }, {
      "x" : 2.427051,
      "y" : 0.0,
      "z" : -1.309017
    }, {
      "x" : 5.854102,
      "y" : 0.309017,
      "z" : -2.427051
    }, {
      "x" : 1.0,
      "y" : -0.309017,
      "z" : -0.19098301
    }, {
      "x" : 2.618034,
      "y" : -0.309017,
      "z" : -0.809017
    }, {
      "x" : 4.236068,
      "y" : 0.309017,
      "z" : -1.809017
    }, {
      "x" : 4.427051,
      "y" : 0.0,
      "z" : -1.309017
    }, {
      "x" : 6.854102,
      "y" : 0.0,
      "z" : -2.618034
    }, {
      "x" : 4.236068,
      "y" : -0.309017,
      "z" : -1.809017
    }, {
      "x" : 6.045085,
      "y" : 0.0,
      "z" : -1.927051
    }, {
      "x" : 5.854102,
      "y" : -0.309017,
      "z" : -2.427051
    } ],
    "faces" : [ {
      "vertices" : [ 2, 6, 8 ]
    }, {
      "vertices" : [ 4, 12, 10, 7 ]
    }, {
      "vertices" : [ 2, 8, 7 ]
    }, {
      "vertices" : [ 3, 10, 6 ]
    }, {
      "vertices" : [ 3, 7, 10 ]
    }, {
      "vertices" : [ 0, 1, 2, 3 ]
    }, {
      "vertices" : [ 6, 10, 8 ]
    }, {
      "vertices" : [ 8, 10, 12, 11 ]
    }, {
      "vertices" : [ 2, 7, 3 ]
    }, {
      "vertices" : [ 0, 3, 6, 5 ]
    }, {
      "vertices" : [ 1, 5, 6, 2 ]
    }, {
      "vertices" : [ 4, 7, 8, 11 ]
    } ]
  }, {
    "id" : "5d7b0dd3-62a4-4a40-9bc4-4d40a5ed4fc6",
    "orbit" : "green",
    "orbitC" : "[[2,-1,1],[5,-3,1]]",
    "length" : "[1,0,1]",
    "name" : "g1",
    "vertices" : [ {
      "x" : 9.376644,
      "y" : 3.3905764,
      "z" : -1.486068
    }, {
      "x" : 10.399187,
      "y" : 3.427051,
      "z" : -1.618034
    }, {
      "x" : 9.376644,
      "y" : 3.3905764,
      "z" : -1.104102
    }, {
      "x" : 9.185661,
      "y" : 3.6995935,
      "z" : -1.604102
    }, {
      "x" : 9.185661,
      "y" : 3.6995935,
      "z" : -1.2221359
    }, {
      "x" : 0.809017,
      "y" : 0.618034,
      "z" : 0.309017
    }, {
      "x" : 1.0,
      "y" : 0.309017,
      "z" : 0.19098301
    }, {
      "x" : 1.9045085,
      "y" : 0.5364745,
      "z" : -0.013932022
    }, {
      "x" : 10.09017,
      "y" : 3.927051,
      "z" : -1.809017
    }, {
      "x" : 10.281153,
      "y" : 3.618034,
      "z" : -1.927051
    }, {
      "x" : 10.281153,
      "y" : 3.618034,
      "z" : -1.309017
    }, {
      "x" : 10.09017,
      "y" : 3.927051,
      "z" : -1.427051
    }, {
      "x" : 1.7135255,
      "y" : 0.8454915,
      "z" : -0.13196601
    }, {
      "x" : 0.690983,
      "y" : 0.809017,
      "z" : 0.0
    }, {
      "x" : 1.9045085,
      "y" : 0.5364745,
      "z" : -0.39589804
    }, {
      "x" : 1.7135255,
      "y" : 0.8454915,
      "z" : -0.51393205
    }, {
      "x" : 0.809017,
      "y" : 0.618034,
      "z" : -0.309017
    }, {
      "x" : 1.0,
      "y" : 0.309017,
      "z" : -0.19098301
    }, {
      "x" : 11.09017,
      "y" : 4.236068,
      "z" : -1.618034
    } ],
    "faces" : [ {
      "vertices" : [ 0, 14, 15, 3 ]
    }, {
      "vertices" : [ 3, 15, 12, 4 ]
    }, {
      "vertices" : [ 0, 1, 2 ]
    }, {
      "vertices" : [ 12, 15, 13 ]
    }, {
      "vertices" : [ 0, 9, 1 ]
    }, {
      "vertices" : [ 0, 3, 9 ]
    }, {
      "vertices" : [ 13, 15, 16 ]
    }, {
      "vertices" : [ 6, 17, 14, 7 ]
    }, {
      "vertices" : [ 1, 10, 2 ]
    }, {
      "vertices" : [ 5, 6, 7 ]
    }, {
      "vertices" : [ 3, 8, 9 ]
    }, {
      "vertices" : [ 0, 2, 7, 14 ]
    }, {
      "vertices" : [ 5, 7, 12 ]
    }, {
      "vertices" : [ 2, 4, 12, 7 ]
    }, {
      "vertices" : [ 3, 4, 11, 8 ]
    }, {
      "vertices" : [ 2, 10, 11, 4 ]
    }, {
      "vertices" : [ 5, 12, 13 ]
    }, {
      "vertices" : [ 14, 17, 16, 15 ]
    } ]
  }, {
    "id" : "bd227b45-670a-4ea9-90c8-eabb82146589",
    "orbit" : "green",
    "orbitC" : "[[2,-1,1],[5,-3,1]]",
    "length" : "[-53,38,12]",
    "name" : " :-53/12 +19/6*phi",
    "vertices" : [ {
      "x" : 6.1284184,
      "y" : 2.1498644,
      "z" : -1.0121582
    }, {
      "x" : 7.150961,
      "y" : 2.186339,
      "z" : -1.1441242
    }, {
      "x" : 6.1284184,
      "y" : 2.1498644,
      "z" : -0.63019216
    }, {
      "x" : 5.937435,
      "y" : 2.4588814,
      "z" : -1.1301922
    }, {
      "x" : 5.937435,
      "y" : 2.4588814,
      "z" : -0.74822617
    }, {
      "x" : 0.809017,
      "y" : 0.618034,
      "z" : 0.309017
    }, {
      "x" : 1.0,
      "y" : 0.309017,
      "z" : 0.19098301
    }, {
      "x" : 1.9045085,
      "y" : 0.5364745,
      "z" : -0.013932022
    }, {
      "x" : 6.8419437,
      "y" : 2.686339,
      "z" : -1.3351072
    }, {
      "x" : 7.032927,
      "y" : 2.377322,
      "z" : -1.4531412
    }, {
      "x" : 7.032927,
      "y" : 2.377322,
      "z" : -0.8351072
    }, {
      "x" : 6.8419437,
      "y" : 2.686339,
      "z" : -0.95314115
    }, {
      "x" : 1.7135255,
      "y" : 0.8454915,
      "z" : -0.13196601
    }, {
      "x" : 0.690983,
      "y" : 0.809017,
      "z" : 0.0
    }, {
      "x" : 1.9045085,
      "y" : 0.5364745,
      "z" : -0.39589804
    }, {
      "x" : 1.7135255,
      "y" : 0.8454915,
      "z" : -0.51393205
    }, {
      "x" : 0.809017,
      "y" : 0.618034,
      "z" : -0.309017
    }, {
      "x" : 1.0,
      "y" : 0.309017,
      "z" : -0.19098301
    }, {
      "x" : 7.8419437,
      "y" : 2.995356,
      "z" : -1.1441242
    } ],
    "faces" : [ {
      "vertices" : [ 0, 14, 15, 3 ]
    }, {
      "vertices" : [ 3, 15, 12, 4 ]
    }, {
      "vertices" : [ 0, 1, 2 ]
    }, {
      "vertices" : [ 12, 15, 13 ]
    }, {
      "vertices" : [ 0, 9, 1 ]
    }, {
      "vertices" : [ 0, 3, 9 ]
    }, {
      "vertices" : [ 13, 15, 16 ]
    }, {
      "vertices" : [ 6, 17, 14, 7 ]
    }, {
      "vertices" : [ 1, 10, 2 ]
    }, {
      "vertices" : [ 5, 6, 7 ]
    }, {
      "vertices" : [ 3, 8, 9 ]
    }, {
      "vertices" : [ 0, 2, 7, 14 ]
    }, {
      "vertices" : [ 5, 7, 12 ]
    }, {
      "vertices" : [ 2, 4, 12, 7 ]
    }, {
      "vertices" : [ 3, 4, 11, 8 ]
    }, {
      "vertices" : [ 2, 10, 11, 4 ]
    }, {
      "vertices" : [ 5, 12, 13 ]
    }, {
      "vertices" : [ 14, 17, 16, 15 ]
    } ]
  } ],
  "instances" : [ {
    "shape" : "3d4dce25-77d7-44e2-b34e-2eeb5c2cd174",
    "color" : "#FFFF00",
    "position" : {
      "x" : -84.89778,
      "y" : -45.903854,
      "z" : 18.698902
    }
  }, {
    "shape" : "6e8d3373-dd18-45a9-94b2-2eb01cf0d2aa",
    "color" : "#008EC2",
    "position" : {
      "x" : -24.689629,
      "y" : -18.698915,
      "z" : 12.708204
    },
    "orientation" : 47
  }, {
    "shape" : "5757f2c3-75a0-477e-b4b8-acbad3addd41",
    "color" : "#008EC2",
    "position" : {
      "x" : -72.189575,
      "y" : -41.66779,
      "z" : -5.9906974
    },
    "orientation" : 2
  }, {
    "shape" : "6e8d3373-dd18-45a9-94b2-2eb01cf0d2aa",
    "color" : "#008EC2",
    "position" : {
      "x" : 10.22678,
      "y" : -16.217491,
      "z" : 4.236068
    },
    "orientation" : 16
  }, {
    "shape" : "6e8d3373-dd18-45a9-94b2-2eb01cf0d2aa",
    "color" : "#008EC2",
    "position" : {
      "x" : -10.22678,
      "y" : 16.217491,
      "z" : 4.236068
    },
    "orientation" : 1
  }, {
    "shape" : "3d4dce25-77d7-44e2-b34e-2eeb5c2cd174",
    "color" : "#FF0000",
    "position" : {
      "x" : 77.35941,
      "y" : 18.652487,
      "z" : -4.429875
    }
  }, {
    "shape" : "fed81080-f3b4-4b6f-8a83-2f5854da7f1a",
    "color" : "#FFB31A",
    "position" : {
      "x" : -47.499977,
      "y" : -16.97819,
      "z" : 27.171038
    },
    "orientation" : 3
  }, {
    "shape" : "3d4dce25-77d7-44e2-b34e-2eeb5c2cd174",
    "color" : "#FFFF00",
    "position" : {
      "x" : -47.499977,
      "y" : -62.84813,
      "z" : 18.698902
    }
  }, {
    "shape" : "5757f2c3-75a0-477e-b4b8-acbad3addd41",
    "color" : "#008EC2",
    "position" : {
      "x" : -51.736046,
      "y" : -50.139923,
      "z" : -5.9906974
    },
    "orientation" : 2
  }, {
    "shape" : "fed81080-f3b4-4b6f-8a83-2f5854da7f1a",
    "color" : "#FFB31A",
    "position" : {
      "x" : 56.179073,
      "y" : 39.832825,
      "z" : -17.138079
    },
    "orientation" : 54
  }, {
    "shape" : "5d7b0dd3-62a4-4a40-9bc4-4d40a5ed4fc6",
    "color" : "#00993F",
    "position" : {
      "x" : 30.762665,
      "y" : 39.832825,
      "z" : -8.665943
    },
    "orientation" : 7
  }, {
    "shape" : "3d4dce25-77d7-44e2-b34e-2eeb5c2cd174",
    "color" : "#FFFF00",
    "position" : {
      "x" : -47.499977,
      "y" : -16.97819,
      "z" : -27.171038
    }
  }, {
    "shape" : "5d7b0dd3-62a4-4a40-9bc4-4d40a5ed4fc6",
    "color" : "#00993F",
    "position" : {
      "x" : -51.736046,
      "y" : -50.139923,
      "z" : -5.9906974
    },
    "orientation" : 6
  }, {
    "shape" : "3d4dce25-77d7-44e2-b34e-2eeb5c2cd174",
    "color" : "#0000FF",
    "position" : {
      "x" : 43.47087,
      "y" : 44.068893,
      "z" : -29.846283
    }
  }, {
    "shape" : "3d4dce25-77d7-44e2-b34e-2eeb5c2cd174",
    "color" : "#00FF00",
    "position" : {
      "x" : 51.943005,
      "y" : 18.652487,
      "z" : -29.846283
    }
  }, {
    "shape" : "3d4dce25-77d7-44e2-b34e-2eeb5c2cd174",
    "color" : "#0000FF",
    "position" : {
      "x" : -63.71744,
      "y" : -4.2699847,
      "z" : 5.9906974
    }
  }, {
    "shape" : "3d4dce25-77d7-44e2-b34e-2eeb5c2cd174",
    "color" : "#0000FF",
    "position" : {
      "x" : -24.689629,
      "y" : 12.708204,
      "z" : 18.698915
    }
  }, {
    "shape" : "3d4dce25-77d7-44e2-b34e-2eeb5c2cd174",
    "color" : "#FF0000",
    "position" : {
      "x" : 85.83155,
      "y" : 35.59676,
      "z" : -12.902011
    }
  }, {
    "shape" : "3d4dce25-77d7-44e2-b34e-2eeb5c2cd174",
    "color" : "#FF0000",
    "position" : {
      "x" : 56.179073,
      "y" : 73.72137,
      "z" : 16.750465
    }
  }, {
    "shape" : "6e8d3373-dd18-45a9-94b2-2eb01cf0d2aa",
    "color" : "#008EC2",
    "position" : {
      "x" : 4.236068,
      "y" : 18.698915,
      "z" : 24.689629
    },
    "orientation" : 16
  }, {
    "shape" : "5d7b0dd3-62a4-4a40-9bc4-4d40a5ed4fc6",
    "color" : "#00993F",
    "position" : {
      "x" : 51.943005,
      "y" : 35.59676,
      "z" : 20.986532
    },
    "orientation" : 21
  }, {
    "shape" : "6e8d3373-dd18-45a9-94b2-2eb01cf0d2aa",
    "color" : "#008EC2",
    "position" : {
      "x" : 43.47087,
      "y" : 52.54103,
      "z" : -4.429875
    },
    "orientation" : 45
  }, {
    "shape" : "5757f2c3-75a0-477e-b4b8-acbad3addd41",
    "color" : "#008EC2",
    "position" : {
      "x" : -80.66171,
      "y" : -41.66779,
      "z" : 22.934969
    },
    "orientation" : 1
  }, {
    "shape" : "3d4dce25-77d7-44e2-b34e-2eeb5c2cd174",
    "color" : "#FFFF00",
    "position" : {
      "x" : 10.22678,
      "y" : -24.689629,
      "z" : -4.236068
    }
  }, {
    "shape" : "3d4dce25-77d7-44e2-b34e-2eeb5c2cd174",
    "color" : "#0000FF",
    "position" : {
      "x" : -26.31964,
      "y" : -29.686392,
      "z" : 5.9906974
    }
  }, {
    "shape" : "3d4dce25-77d7-44e2-b34e-2eeb5c2cd174",
    "color" : "#0000FF",
    "position" : {
      "x" : 43.47087,
      "y" : 10.18035,
      "z" : 12.514397
    }
  }, {
    "shape" : "fed81080-f3b4-4b6f-8a83-2f5854da7f1a",
    "color" : "#FFB31A",
    "position" : {
      "x" : 73.123344,
      "y" : 22.888554,
      "z" : -0.19380704
    },
    "orientation" : 24
  }, {
    "shape" : "3d4dce25-77d7-44e2-b34e-2eeb5c2cd174",
    "color" : "#FFFF00",
    "position" : {
      "x" : 10.22678,
      "y" : -24.689629,
      "z" : 4.236068
    }
  }, {
    "shape" : "6e8d3373-dd18-45a9-94b2-2eb01cf0d2aa",
    "color" : "#008EC2",
    "position" : {
      "x" : 12.708204,
      "y" : -18.698915,
      "z" : 24.689629
    },
    "orientation" : 45
  }, {
    "shape" : "3d4dce25-77d7-44e2-b34e-2eeb5c2cd174",
    "color" : "#0000FF",
    "position" : {
      "x" : 60.415142,
      "y" : 27.124622,
      "z" : 29.45867
    }
  }, {
    "shape" : "3d4dce25-77d7-44e2-b34e-2eeb5c2cd174",
    "color" : "#FFFF00",
    "position" : {
      "x" : -43.263912,
      "y" : -58.61206,
      "z" : -22.934969
    }
  }, {
    "shape" : "6e8d3373-dd18-45a9-94b2-2eb01cf0d2aa",
    "color" : "#008EC2",
    "position" : {
      "x" : 64.65121,
      "y" : 73.72137,
      "z" : 16.750465
    },
    "orientation" : 0
  }, {
    "shape" : "3d4dce25-77d7-44e2-b34e-2eeb5c2cd174",
    "color" : "#FF0000",
    "position" : {
      "x" : 56.179073,
      "y" : 5.944282,
      "z" : 16.750465
    }
  }, {
    "shape" : "fed81080-f3b4-4b6f-8a83-2f5854da7f1a",
    "color" : "#FFB31A",
    "position" : {
      "x" : -67.95351,
      "y" : -62.84813,
      "z" : 10.226766
    },
    "orientation" : 24
  }, {
    "shape" : "5757f2c3-75a0-477e-b4b8-acbad3addd41",
    "color" : "#008EC2",
    "position" : {
      "x" : -26.31964,
      "y" : -29.686392,
      "z" : 14.462833
    },
    "orientation" : 16
  }, {
    "shape" : "5757f2c3-75a0-477e-b4b8-acbad3addd41",
    "color" : "#008EC2",
    "position" : {
      "x" : -43.263912,
      "y" : -58.61206,
      "z" : -5.9906974
    },
    "orientation" : 2
  }, {
    "shape" : "6e8d3373-dd18-45a9-94b2-2eb01cf0d2aa",
    "color" : "#008EC2",
    "position" : {
      "x" : -24.689629,
      "y" : 4.236068,
      "z" : 10.22678
    },
    "orientation" : 2
  }, {
    "shape" : "fed81080-f3b4-4b6f-8a83-2f5854da7f1a",
    "color" : "#FFB31A",
    "position" : {
      "x" : -47.499977,
      "y" : -62.84813,
      "z" : -18.698902
    },
    "orientation" : 54
  }, {
    "shape" : "3d4dce25-77d7-44e2-b34e-2eeb5c2cd174",
    "color" : "#00FF00",
    "position" : {
      "x" : 68.887276,
      "y" : 61.013165,
      "z" : -29.846283
    }
  }, {
    "shape" : "6e8d3373-dd18-45a9-94b2-2eb01cf0d2aa",
    "color" : "#008EC2",
    "position" : {
      "x" : 4.236068,
      "y" : -24.689629,
      "z" : 18.698915
    },
    "orientation" : 45
  }, {
    "shape" : "5d7b0dd3-62a4-4a40-9bc4-4d40a5ed4fc6",
    "color" : "#00993F",
    "position" : {
      "x" : 34.998734,
      "y" : 61.013165,
      "z" : -12.902011
    },
    "orientation" : 6
  }, {
    "shape" : "5d7b0dd3-62a4-4a40-9bc4-4d40a5ed4fc6",
    "color" : "#00993F",
    "position" : {
      "x" : 98.53975,
      "y" : 56.7771,
      "z" : -8.665943
    },
    "orientation" : 22
  }, {
    "shape" : "fed81080-f3b4-4b6f-8a83-2f5854da7f1a",
    "color" : "#FFB31A",
    "position" : {
      "x" : 56.179073,
      "y" : 22.888554,
      "z" : 33.694736
    },
    "orientation" : 19
  }, {
    "shape" : "3d4dce25-77d7-44e2-b34e-2eeb5c2cd174",
    "color" : "#FF0000",
    "position" : {
      "x" : 73.123344,
      "y" : 5.944282,
      "z" : -17.138079
    }
  }, {
    "shape" : "3d4dce25-77d7-44e2-b34e-2eeb5c2cd174",
    "color" : "#FFFF00",
    "position" : {
      "x" : -34.791775,
      "y" : -21.214256,
      "z" : -22.934969
    }
  }, {
    "shape" : "6e8d3373-dd18-45a9-94b2-2eb01cf0d2aa",
    "color" : "#008EC2",
    "position" : {
      "x" : 60.415142,
      "y" : 27.124622,
      "z" : -21.374147
    },
    "orientation" : 47
  }, {
    "shape" : "6e8d3373-dd18-45a9-94b2-2eb01cf0d2aa",
    "color" : "#008EC2",
    "position" : {
      "x" : 94.30369,
      "y" : 52.54103,
      "z" : -4.429875
    },
    "orientation" : 45
  }, {
    "shape" : "6e8d3373-dd18-45a9-94b2-2eb01cf0d2aa",
    "color" : "#008EC2",
    "position" : {
      "x" : 24.689629,
      "y" : -12.708204,
      "z" : -18.698915
    },
    "orientation" : 1
  }, {
    "shape" : "5d7b0dd3-62a4-4a40-9bc4-4d40a5ed4fc6",
    "color" : "#00993F",
    "position" : {
      "x" : 85.83155,
      "y" : 27.124622,
      "z" : 29.45867
    },
    "orientation" : 36
  }, {
    "shape" : "3d4dce25-77d7-44e2-b34e-2eeb5c2cd174",
    "color" : "#0000FF",
    "position" : {
      "x" : -18.698915,
      "y" : -24.689629,
      "z" : -12.708204
    }
  }, {
    "shape" : "3d4dce25-77d7-44e2-b34e-2eeb5c2cd174",
    "color" : "#FF0000",
    "position" : {
      "x" : -24.689629,
      "y" : 18.698915,
      "z" : 4.236068
    }
  }, {
    "shape" : "3d4dce25-77d7-44e2-b34e-2eeb5c2cd174",
    "color" : "#00FF00",
    "position" : {
      "x" : 77.35941,
      "y" : 61.013165,
      "z" : -29.846283
    }
  }, {
    "shape" : "3d4dce25-77d7-44e2-b34e-2eeb5c2cd174",
    "color" : "#FFFF00",
    "position" : {
      "x" : 4.236068,
      "y" : -10.22678,
      "z" : -24.689629
    }
  }, {
    "shape" : "fed81080-f3b4-4b6f-8a83-2f5854da7f1a",
    "color" : "#FFB31A",
    "position" : {
      "x" : -67.95351,
      "y" : -54.37599,
      "z" : 10.226766
    },
    "orientation" : 5
  }, {
    "shape" : "bd227b45-670a-4ea9-90c8-eabb82146589",
    "color" : "#00993F",
    "position" : {
      "x" : -18.698915,
      "y" : 12.708204,
      "z" : -24.689629
    },
    "orientation" : 6
  }, {
    "shape" : "fed81080-f3b4-4b6f-8a83-2f5854da7f1a",
    "color" : "#FFB31A",
    "position" : {
      "x" : -51.736046,
      "y" : -67.0842,
      "z" : 14.462833
    },
    "orientation" : 9
  }, {
    "shape" : "3d4dce25-77d7-44e2-b34e-2eeb5c2cd174",
    "color" : "#FFFF00",
    "position" : {
      "x" : 73.123344,
      "y" : 39.832825,
      "z" : -34.08235
    }
  }, {
    "shape" : "6e8d3373-dd18-45a9-94b2-2eb01cf0d2aa",
    "color" : "#008EC2",
    "position" : {
      "x" : -16.217491,
      "y" : -10.22678,
      "z" : 4.236068
    },
    "orientation" : 47
  }, {
    "shape" : "fed81080-f3b4-4b6f-8a83-2f5854da7f1a",
    "color" : "#FFB31A",
    "position" : {
      "x" : 98.53975,
      "y" : 39.832825,
      "z" : -8.665943
    },
    "orientation" : 54
  }, {
    "shape" : "3d4dce25-77d7-44e2-b34e-2eeb5c2cd174",
    "color" : "#FF0000",
    "position" : {
      "x" : 98.53975,
      "y" : 31.36069,
      "z" : 16.750465
    }
  }, {
    "shape" : "3d4dce25-77d7-44e2-b34e-2eeb5c2cd174",
    "color" : "#FF0000",
    "position" : {
      "x" : -24.689629,
      "y" : 4.236068,
      "z" : 18.698915
    }
  }, {
    "shape" : "6e8d3373-dd18-45a9-94b2-2eb01cf0d2aa",
    "color" : "#008EC2",
    "position" : {
      "x" : -24.689629,
      "y" : 18.698915,
      "z" : -12.708204
    },
    "orientation" : 2
  }, {
    "shape" : "5d7b0dd3-62a4-4a40-9bc4-4d40a5ed4fc6",
    "color" : "#00993F",
    "position" : {
      "x" : 43.47087,
      "y" : 52.54103,
      "z" : 4.042261
    },
    "orientation" : 6
  }, {
    "shape" : "bd227b45-670a-4ea9-90c8-eabb82146589",
    "color" : "#00993F",
    "position" : {
      "x" : -4.236068,
      "y" : 10.22678,
      "z" : 16.217491
    },
    "orientation" : 52
  }, {
    "shape" : "3d4dce25-77d7-44e2-b34e-2eeb5c2cd174",
    "color" : "#FFFF00",
    "position" : {
      "x" : -51.736046,
      "y" : -21.214256,
      "z" : -5.9906974
    }
  }, {
    "shape" : "3d4dce25-77d7-44e2-b34e-2eeb5c2cd174",
    "color" : "#FF0000",
    "position" : {
      "x" : 73.123344,
      "y" : 22.888554,
      "z" : 33.694736
    }
  }, {
    "shape" : "5d7b0dd3-62a4-4a40-9bc4-4d40a5ed4fc6",
    "color" : "#00993F",
    "position" : {
      "x" : 47.706936,
      "y" : 31.36069,
      "z" : -0.19380704
    },
    "orientation" : 52
  }, {
    "shape" : "3d4dce25-77d7-44e2-b34e-2eeb5c2cd174",
    "color" : "#0000FF",
    "position" : {
      "x" : -26.31964,
      "y" : -29.686392,
      "z" : -5.9906974
    }
  }, {
    "shape" : "6e8d3373-dd18-45a9-94b2-2eb01cf0d2aa",
    "color" : "#008EC2",
    "position" : {
      "x" : -24.689629,
      "y" : -10.22678,
      "z" : 4.236068
    },
    "orientation" : 0
  }, {
    "shape" : "6e8d3373-dd18-45a9-94b2-2eb01cf0d2aa",
    "color" : "#008EC2",
    "position" : {
      "x" : 34.998734,
      "y" : 52.54103,
      "z" : 4.042261
    },
    "orientation" : 1
  }, {
    "shape" : "3d4dce25-77d7-44e2-b34e-2eeb5c2cd174",
    "color" : "#FFFF00",
    "position" : {
      "x" : -30.555706,
      "y" : -25.450325,
      "z" : 18.698902
    }
  }, {
    "shape" : "6e8d3373-dd18-45a9-94b2-2eb01cf0d2aa",
    "color" : "#008EC2",
    "position" : {
      "x" : 43.47087,
      "y" : 27.124622,
      "z" : 4.042261
    },
    "orientation" : 45
  }, {
    "shape" : "fed81080-f3b4-4b6f-8a83-2f5854da7f1a",
    "color" : "#FFB31A",
    "position" : {
      "x" : 77.35941,
      "y" : 10.18035,
      "z" : 20.986532
    },
    "orientation" : 19
  }, {
    "shape" : "3d4dce25-77d7-44e2-b34e-2eeb5c2cd174",
    "color" : "#0000FF",
    "position" : {
      "x" : -30.555706,
      "y" : -45.903854,
      "z" : -10.226766
    }
  }, {
    "shape" : "fed81080-f3b4-4b6f-8a83-2f5854da7f1a",
    "color" : "#FFB31A",
    "position" : {
      "x" : 94.30369,
      "y" : 35.59676,
      "z" : 20.986532
    },
    "orientation" : 3
  }, {
    "shape" : "6e8d3373-dd18-45a9-94b2-2eb01cf0d2aa",
    "color" : "#008EC2",
    "position" : {
      "x" : 34.998734,
      "y" : 61.013165,
      "z" : 4.042261
    },
    "orientation" : 2
  }, {
    "shape" : "5d7b0dd3-62a4-4a40-9bc4-4d40a5ed4fc6",
    "color" : "#00993F",
    "position" : {
      "x" : 34.998734,
      "y" : 52.54103,
      "z" : 4.042261
    },
    "orientation" : 37
  }, {
    "shape" : "3d4dce25-77d7-44e2-b34e-2eeb5c2cd174",
    "color" : "#FF0000",
    "position" : {
      "x" : 30.762665,
      "y" : 48.304962,
      "z" : 16.750465
    }
  }, {
    "shape" : "3d4dce25-77d7-44e2-b34e-2eeb5c2cd174",
    "color" : "#00FF00",
    "position" : {
      "x" : 94.30369,
      "y" : 27.124622,
      "z" : 20.986532
    }
  }, {
    "shape" : "fed81080-f3b4-4b6f-8a83-2f5854da7f1a",
    "color" : "#FFB31A",
    "position" : {
      "x" : 64.65121,
      "y" : 31.36069,
      "z" : -34.08235
    },
    "orientation" : 39
  }, {
    "shape" : "3d4dce25-77d7-44e2-b34e-2eeb5c2cd174",
    "color" : "#FFFF00",
    "position" : {
      "x" : -72.189575,
      "y" : -29.686392,
      "z" : -5.9906974
    }
  }, {
    "shape" : "3d4dce25-77d7-44e2-b34e-2eeb5c2cd174",
    "color" : "#00FF00",
    "position" : {
      "x" : 51.943005,
      "y" : 61.013165,
      "z" : 29.45867
    }
  }, {
