{
  "polygons" : "true",
  "field" : "golden",
  "symmetry" : "icosahedral",
  "orientations" : [ [ 1.0, 0.0, 0.0, 0.0, 0.0, 1.0, 0.0, 0.0, 0.0, 0.0, 1.0, 0.0, 0.0, 0.0, 0.0, 1.0 ], [ 0.0, 0.0, 1.0, 0.0, 1.0, 0.0, 0.0, 0.0, 0.0, 1.0, 0.0, 0.0, 0.0, 0.0, 0.0, 1.0 ], [ 0.0, 1.0, 0.0, 0.0, 0.0, 0.0, 1.0, 0.0, 1.0, 0.0, 0.0, 0.0, 0.0, 0.0, 0.0, 1.0 ], [ 0.809017, 0.309017, 0.5, 0.0, 0.309017, 0.5, -0.809017, 0.0, -0.5, 0.809017, 0.309017, 0.0, 0.0, 0.0, 0.0, 1.0 ], [ -0.5, 0.809017, 0.309017, 0.0, 0.809017, 0.309017, 0.5, 0.0, 0.309017, 0.5, -0.809017, 0.0, 0.0, 0.0, 0.0, 1.0 ], [ 0.309017, 0.5, -0.809017, 0.0, -0.5, 0.809017, 0.309017, 0.0, 0.809017, 0.309017, 0.5, 0.0, 0.0, 0.0, 0.0, 1.0 ], [ 0.5, 0.809017, 0.309017, 0.0, 0.809017, -0.309017, -0.5, 0.0, -0.309017, 0.5, -0.809017, 0.0, 0.0, 0.0, 0.0, 1.0 ], [ -0.309017, 0.5, -0.809017, 0.0, 0.5, 0.809017, 0.309017, 0.0, 0.809017, -0.309017, -0.5, 0.0, 0.0, 0.0, 0.0, 1.0 ], [ 0.809017, -0.309017, -0.5, 0.0, -0.309017, 0.5, -0.809017, 0.0, 0.5, 0.809017, 0.309017, 0.0, 0.0, 0.0, 0.0, 1.0 ], [ 0.5, 0.809017, -0.309017, 0.0, 0.809017, -0.309017, 0.5, 0.0, 0.309017, -0.5, -0.809017, 0.0, 0.0, 0.0, 0.0, 1.0 ], [ 0.309017, -0.5, -0.809017, 0.0, 0.5, 0.809017, -0.309017, 0.0, 0.809017, -0.309017, 0.5, 0.0, 0.0, 0.0, 0.0, 1.0 ], [ 0.809017, -0.309017, 0.5, 0.0, 0.309017, -0.5, -0.809017, 0.0, 0.5, 0.809017, -0.309017, 0.0, 0.0, 0.0, 0.0, 1.0 ], [ 0.809017, 0.309017, -0.5, 0.0, 0.309017, 0.5, 0.809017, 0.0, 0.5, -0.809017, 0.309017, 0.0, 0.0, 0.0, 0.0, 1.0 ], [ 0.5, -0.809017, 0.309017, 0.0, 0.809017, 0.309017, -0.5, 0.0, 0.309017, 0.5, 0.809017, 0.0, 0.0, 0.0, 0.0, 1.0 ], [ 0.309017, 0.5, 0.809017, 0.0, 0.5, -0.809017, 0.309017, 0.0, 0.809017, 0.309017, -0.5, 0.0, 0.0, 0.0, 0.0, 1.0 ], [ 1.0, 0.0, 0.0, 0.0, 0.0, -1.0, 0.0, 0.0, 0.0, 0.0, -1.0, 0.0, 0.0, 0.0, 0.0, 1.0 ], [ 0.0, 0.0, 1.0, 0.0, -1.0, 0.0, 0.0, 0.0, 0.0, -1.0, 0.0, 0.0, 0.0, 0.0, 0.0, 1.0 ], [ 0.0, 1.0, 0.0, 0.0, 0.0, 0.0, -1.0, 0.0, -1.0, 0.0, 0.0, 0.0, 0.0, 0.0, 0.0, 1.0 ], [ 0.809017, 0.309017, 0.5, 0.0, -0.309017, -0.5, 0.809017, 0.0, 0.5, -0.809017, -0.309017, 0.0, 0.0, 0.0, 0.0, 1.0 ], [ -0.5, 0.809017, 0.309017, 0.0, -0.809017, -0.309017, -0.5, 0.0, -0.309017, -0.5, 0.809017, 0.0, 0.0, 0.0, 0.0, 1.0 ], [ 0.309017, 0.5, -0.809017, 0.0, 0.5, -0.809017, -0.309017, 0.0, -0.809017, -0.309017, -0.5, 0.0, 0.0, 0.0, 0.0, 1.0 ], [ 0.5, 0.809017, 0.309017, 0.0, -0.809017, 0.309017, 0.5, 0.0, 0.309017, -0.5, 0.809017, 0.0, 0.0, 0.0, 0.0, 1.0 ], [ -0.309017, 0.5, -0.809017, 0.0, -0.5, -0.809017, -0.309017, 0.0, -0.809017, 0.309017, 0.5, 0.0, 0.0, 0.0, 0.0, 1.0 ], [ 0.809017, -0.309017, -0.5, 0.0, 0.309017, -0.5, 0.809017, 0.0, -0.5, -0.809017, -0.309017, 0.0, 0.0, 0.0, 0.0, 1.0 ], [ 0.5, 0.809017, -0.309017, 0.0, -0.809017, 0.309017, -0.5, 0.0, -0.309017, 0.5, 0.809017, 0.0, 0.0, 0.0, 0.0, 1.0 ], [ 0.309017, -0.5, -0.809017, 0.0, -0.5, -0.809017, 0.309017, 0.0, -0.809017, 0.309017, -0.5, 0.0, 0.0, 0.0, 0.0, 1.0 ], [ 0.809017, -0.309017, 0.5, 0.0, -0.309017, 0.5, 0.809017, 0.0, -0.5, -0.809017, 0.309017, 0.0, 0.0, 0.0, 0.0, 1.0 ], [ 0.809017, 0.309017, -0.5, 0.0, -0.309017, -0.5, -0.809017, 0.0, -0.5, 0.809017, -0.309017, 0.0, 0.0, 0.0, 0.0, 1.0 ], [ 0.5, -0.809017, 0.309017, 0.0, -0.809017, -0.309017, 0.5, 0.0, -0.309017, -0.5, -0.809017, 0.0, 0.0, 0.0, 0.0, 1.0 ], [ 0.309017, 0.5, 0.809017, 0.0, -0.5, 0.809017, -0.309017, 0.0, -0.809017, -0.309017, 0.5, 0.0, 0.0, 0.0, 0.0, 1.0 ], [ -1.0, 0.0, 0.0, 0.0, 0.0, -1.0, 0.0, 0.0, 0.0, 0.0, 1.0, 0.0, 0.0, 0.0, 0.0, 1.0 ], [ 0.0, 0.0, -1.0, 0.0, -1.0, 0.0, 0.0, 0.0, 0.0, 1.0, 0.0, 0.0, 0.0, 0.0, 0.0, 1.0 ], [ 0.0, -1.0, 0.0, 0.0, 0.0, 0.0, -1.0, 0.0, 1.0, 0.0, 0.0, 0.0, 0.0, 0.0, 0.0, 1.0 ], [ -0.809017, -0.309017, -0.5, 0.0, -0.309017, -0.5, 0.809017, 0.0, -0.5, 0.809017, 0.309017, 0.0, 0.0, 0.0, 0.0, 1.0 ], [ 0.5, -0.809017, -0.309017, 0.0, -0.809017, -0.309017, -0.5, 0.0, 0.309017, 0.5, -0.809017, 0.0, 0.0, 0.0, 0.0, 1.0 ], [ -0.309017, -0.5, 0.809017, 0.0, 0.5, -0.809017, -0.309017, 0.0, 0.809017, 0.309017, 0.5, 0.0, 0.0, 0.0, 0.0, 1.0 ], [ -0.5, -0.809017, -0.309017, 0.0, -0.809017, 0.309017, 0.5, 0.0, -0.309017, 0.5, -0.809017, 0.0, 0.0, 0.0, 0.0, 1.0 ], [ 0.309017, -0.5, 0.809017, 0.0, -0.5, -0.809017, -0.309017, 0.0, 0.809017, -0.309017, -0.5, 0.0, 0.0, 0.0, 0.0, 1.0 ], [ -0.809017, 0.309017, 0.5, 0.0, 0.309017, -0.5, 0.809017, 0.0, 0.5, 0.809017, 0.309017, 0.0, 0.0, 0.0, 0.0, 1.0 ], [ -0.5, -0.809017, 0.309017, 0.0, -0.809017, 0.309017, -0.5, 0.0, 0.309017, -0.5, -0.809017, 0.0, 0.0, 0.0, 0.0, 1.0 ], [ -0.309017, 0.5, 0.809017, 0.0, -0.5, -0.809017, 0.309017, 0.0, 0.809017, -0.309017, 0.5, 0.0, 0.0, 0.0, 0.0, 1.0 ], [ -0.809017, 0.309017, -0.5, 0.0, -0.309017, 0.5, 0.809017, 0.0, 0.5, 0.809017, -0.309017, 0.0, 0.0, 0.0, 0.0, 1.0 ], [ -0.809017, -0.309017, 0.5, 0.0, -0.309017, -0.5, -0.809017, 0.0, 0.5, -0.809017, 0.309017, 0.0, 0.0, 0.0, 0.0, 1.0 ], [ -0.5, 0.809017, -0.309017, 0.0, -0.809017, -0.309017, 0.5, 0.0, 0.309017, 0.5, 0.809017, 0.0, 0.0, 0.0, 0.0, 1.0 ], [ -0.309017, -0.5, -0.809017, 0.0, -0.5, 0.809017, -0.309017, 0.0, 0.809017, 0.309017, -0.5, 0.0, 0.0, 0.0, 0.0, 1.0 ], [ -1.0, 0.0, 0.0, 0.0, 0.0, 1.0, 0.0, 0.0, 0.0, 0.0, -1.0, 0.0, 0.0, 0.0, 0.0, 1.0 ], [ 0.0, 0.0, -1.0, 0.0, 1.0, 0.0, 0.0, 0.0, 0.0, -1.0, 0.0, 0.0, 0.0, 0.0, 0.0, 1.0 ], [ 0.0, -1.0, 0.0, 0.0, 0.0, 0.0, 1.0, 0.0, -1.0, 0.0, 0.0, 0.0, 0.0, 0.0, 0.0, 1.0 ], [ -0.809017, -0.309017, -0.5, 0.0, 0.309017, 0.5, -0.809017, 0.0, 0.5, -0.809017, -0.309017, 0.0, 0.0, 0.0, 0.0, 1.0 ], [ 0.5, -0.809017, -0.309017, 0.0, 0.809017, 0.309017, 0.5, 0.0, -0.309017, -0.5, 0.809017, 0.0, 0.0, 0.0, 0.0, 1.0 ], [ -0.309017, -0.5, 0.809017, 0.0, -0.5, 0.809017, 0.309017, 0.0, -0.809017, -0.309017, -0.5, 0.0, 0.0, 0.0, 0.0, 1.0 ], [ -0.5, -0.809017, -0.309017, 0.0, 0.809017, -0.309017, -0.5, 0.0, 0.309017, -0.5, 0.809017, 0.0, 0.0, 0.0, 0.0, 1.0 ], [ 0.309017, -0.5, 0.809017, 0.0, 0.5, 0.809017, 0.309017, 0.0, -0.809017, 0.309017, 0.5, 0.0, 0.0, 0.0, 0.0, 1.0 ], [ -0.809017, 0.309017, 0.5, 0.0, -0.309017, 0.5, -0.809017, 0.0, -0.5, -0.809017, -0.309017, 0.0, 0.0, 0.0, 0.0, 1.0 ], [ -0.5, -0.809017, 0.309017, 0.0, 0.809017, -0.309017, 0.5, 0.0, -0.309017, 0.5, 0.809017, 0.0, 0.0, 0.0, 0.0, 1.0 ], [ -0.309017, 0.5, 0.809017, 0.0, 0.5, 0.809017, -0.309017, 0.0, -0.809017, 0.309017, -0.5, 0.0, 0.0, 0.0, 0.0, 1.0 ], [ -0.809017, 0.309017, -0.5, 0.0, 0.309017, -0.5, -0.809017, 0.0, -0.5, -0.809017, 0.309017, 0.0, 0.0, 0.0, 0.0, 1.0 ], [ -0.809017, -0.309017, 0.5, 0.0, 0.309017, 0.5, 0.809017, 0.0, -0.5, 0.809017, -0.309017, 0.0, 0.0, 0.0, 0.0, 1.0 ], [ -0.5, 0.809017, -0.309017, 0.0, 0.809017, 0.309017, -0.5, 0.0, -0.309017, -0.5, -0.809017, 0.0, 0.0, 0.0, 0.0, 1.0 ], [ -0.309017, -0.5, -0.809017, 0.0, 0.5, -0.809017, 0.309017, 0.0, -0.809017, -0.309017, 0.5, 0.0, 0.0, 0.0, 0.0, 1.0 ] ],
  "lights" : {
    "directionalLights" : [ {
      "direction" : [ 1.0, -1.0, -1.0 ],
      "color" : "#EBEBE4"
    }, {
      "direction" : [ -1.0, 0.0, 0.0 ],
      "color" : "#E4E4EB"
    }, {
      "direction" : [ 0.0, 0.0, -1.0 ],
      "color" : "#1E1E1E"
    } ],
    "backgroundColor" : "#AFC8DC",
    "ambientColor" : "#292929"
  },
  "camera" : {
    "position" : {
      "x" : -235.95251,
      "y" : -230.96225,
      "z" : 45.11287
    },
    "width" : 149.96042,
    "lookDirectionRV" : {
      "x" : 0.70804423,
      "y" : 0.69306946,
      "z" : -0.1353743,
      "zero" : false
    },
    "viewDistance" : 333.24545,
    "upDirectionRV" : {
      "x" : -0.4291099,
      "y" : 0.27002135,
      "z" : -0.86194533,
      "zero" : false
    },
    "perspective" : true,
    "fieldOfView" : 0.4426288,
    "lookAtPointRV" : {
      "x" : 0.0,
      "y" : 0.0,
      "z" : 0.0,
      "zero" : true
    },
    "nearClipDistance" : 0.8331133,
    "upDirection" : {
      "x" : -0.4291099,
      "y" : 0.27002135,
      "z" : -0.86194533
    },
    "lookDirection" : {
      "x" : 0.70804423,
      "y" : 0.69306946,
      "z" : -0.1353743
    },
    "lookAtPoint" : {
      "x" : 0.0,
      "y" : 0.0,
      "z" : 0.0
    },
    "farClipDistance" : 666.4906,
    "stereo" : false
  },
  "embedding" : [ 1.0, 0.0, 0.0, 0.0, 0.0, 1.0, 0.0, 0.0, 0.0, 0.0, 1.0, 0.0, 0.0, 0.0, 0.0, 1.0 ],
  "shapes" : [ {
    "id" : "9fbf2512-b67f-4b4a-be01-e062b5cde9eb",
    "name" : "ball",
    "vertices" : [ {
      "x" : 0.309017,
      "y" : -0.809017,
      "z" : 0.618034
    }, {
      "x" : 0.809017,
      "y" : -0.618034,
      "z" : 0.309017
    }, {
      "x" : 0.618034,
      "y" : -0.309017,
      "z" : 0.809017
    }, {
      "x" : 1.0,
      "y" : 0.309017,
      "z" : 0.19098301
    }, {
      "x" : 0.809017,
      "y" : 0.618034,
      "z" : 0.309017
    }, {
      "x" : 0.618034,
      "y" : 0.309017,
      "z" : 0.809017
    }, {
      "x" : 0.809017,
      "y" : 0.0,
      "z" : 0.690983
    }, {
      "x" : 0.19098301,
      "y" : -1.0,
      "z" : 0.309017
    }, {
      "x" : -0.19098301,
      "y" : -1.0,
      "z" : 0.309017
    }, {
      "x" : -0.19098301,
      "y" : -1.0,
      "z" : -0.309017
    }, {
      "x" : 0.19098301,
      "y" : -1.0,
      "z" : -0.309017
    }, {
      "x" : 1.0,
      "y" : -0.309017,
      "z" : -0.19098301
    }, {
      "x" : 0.809017,
      "y" : -0.618034,
      "z" : -0.309017
    }, {
      "x" : 0.618034,
      "y" : -0.309017,
      "z" : -0.809017
    }, {
      "x" : 0.809017,
      "y" : 0.0,
      "z" : -0.690983
    }, {
      "x" : 0.0,
      "y" : 0.690983,
      "z" : -0.809017
    }, {
      "x" : 0.309017,
      "y" : 0.809017,
      "z" : -0.618034
    }, {
      "x" : 0.618034,
      "y" : 0.309017,
      "z" : -0.809017
    }, {
      "x" : 0.309017,
      "y" : 0.19098301,
      "z" : -1.0
    }, {
      "x" : 1.0,
      "y" : 0.309017,
      "z" : -0.19098301
    }, {
      "x" : -0.309017,
      "y" : -0.809017,
      "z" : 0.618034
    }, {
      "x" : 0.0,
      "y" : -0.690983,
      "z" : 0.809017
    }, {
      "x" : 0.809017,
      "y" : 0.618034,
      "z" : -0.309017
    }, {
      "x" : 0.690983,
      "y" : 0.809017,
      "z" : 0.0
    }, {
      "x" : -0.690983,
      "y" : 0.809017,
      "z" : 0.0
    }, {
      "x" : -0.809017,
      "y" : 0.618034,
      "z" : 0.309017
    }, {
      "x" : -0.309017,
      "y" : 0.809017,
      "z" : 0.618034
    }, {
      "x" : -0.19098301,
      "y" : 1.0,
      "z" : 0.309017
    }, {
      "x" : 0.309017,
      "y" : -0.19098301,
      "z" : -1.0
    }, {
      "x" : 0.19098301,
      "y" : 1.0,
      "z" : 0.309017
    }, {
      "x" : 0.309017,
      "y" : 0.809017,
      "z" : 0.618034
    }, {
      "x" : -0.809017,
      "y" : -0.618034,
      "z" : 0.309017
    }, {
      "x" : -0.690983,
      "y" : -0.809017,
      "z" : 0.0
    }, {
      "x" : 0.0,
      "y" : 0.690983,
      "z" : 0.809017
    }, {
      "x" : 0.309017,
      "y" : -0.809017,
      "z" : -0.618034
    }, {
      "x" : 0.0,
      "y" : -0.690983,
      "z" : -0.809017
    }, {
      "x" : -1.0,
      "y" : 0.309017,
      "z" : 0.19098301
    }, {
      "x" : -0.809017,
      "y" : 0.0,
      "z" : 0.690983
    }, {
      "x" : -0.618034,
      "y" : 0.309017,
      "z" : 0.809017
    }, {
      "x" : 1.0,
      "y" : -0.309017,
      "z" : 0.19098301
    }, {
      "x" : -0.309017,
      "y" : -0.809017,
      "z" : -0.618034
    }, {
      "x" : -1.0,
      "y" : 0.309017,
      "z" : -0.19098301
    }, {
      "x" : -1.0,
      "y" : -0.309017,
      "z" : -0.19098301
    }, {
      "x" : -1.0,
      "y" : -0.309017,
      "z" : 0.19098301
    }, {
      "x" : 0.19098301,
      "y" : 1.0,
      "z" : -0.309017
    }, {
      "x" : -0.809017,
      "y" : 0.618034,
      "z" : -0.309017
    }, {
      "x" : -0.19098301,
      "y" : 1.0,
      "z" : -0.309017
    }, {
      "x" : -0.309017,
      "y" : 0.809017,
      "z" : -0.618034
    }, {
      "x" : -0.618034,
      "y" : -0.309017,
      "z" : 0.809017
    }, {
      "x" : 0.309017,
      "y" : 0.19098301,
      "z" : 1.0
    }, {
      "x" : -0.309017,
      "y" : 0.19098301,
      "z" : -1.0
    }, {
      "x" : -0.309017,
      "y" : 0.19098301,
      "z" : 1.0
    }, {
      "x" : -0.309017,
      "y" : -0.19098301,
      "z" : 1.0
    }, {
      "x" : 0.309017,
      "y" : -0.19098301,
      "z" : 1.0
    }, {
      "x" : 0.690983,
      "y" : -0.809017,
      "z" : 0.0
    }, {
      "x" : -0.809017,
      "y" : 0.0,
      "z" : -0.690983
    }, {
      "x" : -0.618034,
      "y" : -0.309017,
      "z" : -0.809017
    }, {
      "x" : -0.309017,
      "y" : -0.19098301,
      "z" : -1.0
    }, {
      "x" : -0.618034,
      "y" : 0.309017,
      "z" : -0.809017
    }, {
      "x" : -0.809017,
      "y" : -0.618034,
      "z" : -0.309017
    } ],
    "faces" : [ {
      "vertices" : [ 9, 40, 35, 34, 10 ]
    }, {
      "vertices" : [ 0, 1, 2 ]
    }, {
      "vertices" : [ 33, 51, 49 ]
    }, {
      "vertices" : [ 25, 36, 37, 38 ]
    }, {
      "vertices" : [ 41, 55, 42 ]
    }, {
      "vertices" : [ 9, 32, 59, 40 ]
    }, {
      "vertices" : [ 20, 21, 52, 48 ]
    }, {
      "vertices" : [ 26, 33, 30, 29, 27 ]
    }, {
      "vertices" : [ 3, 4, 5, 6 ]
    }, {
      "vertices" : [ 27, 29, 44, 46 ]
    }, {
      "vertices" : [ 50, 57, 56, 55, 58 ]
    }, {
      "vertices" : [ 26, 38, 51, 33 ]
    }, {
      "vertices" : [ 45, 47, 58 ]
    }, {
      "vertices" : [ 18, 28, 57, 50 ]
    }, {
      "vertices" : [ 40, 59, 56 ]
    }, {
      "vertices" : [ 31, 48, 37, 43 ]
    }, {
      "vertices" : [ 7, 8, 9, 10 ]
    }, {
      "vertices" : [ 36, 41, 42, 43 ]
    }, {
      "vertices" : [ 24, 46, 47, 45 ]
    }, {
      "vertices" : [ 4, 30, 5 ]
    }, {
      "vertices" : [ 15, 47, 46, 44, 16 ]
    }, {
      "vertices" : [ 15, 50, 58, 47 ]
    }, {
      "vertices" : [ 24, 45, 41, 36, 25 ]
    }, {
      "vertices" : [ 11, 14, 19 ]
    }, {
      "vertices" : [ 3, 6, 39 ]
    }, {
      "vertices" : [ 1, 39, 6, 2 ]
    }, {
      "vertices" : [ 8, 32, 9 ]
    }, {
      "vertices" : [ 11, 12, 13, 14 ]
    }, {
      "vertices" : [ 16, 22, 17 ]
    }, {
      "vertices" : [ 0, 21, 20, 8, 7 ]
    }, {
      "vertices" : [ 12, 34, 13 ]
    }, {
      "vertices" : [ 35, 40, 56, 57 ]
    }, {
      "vertices" : [ 0, 7, 54, 1 ]
    }, {
      "vertices" : [ 15, 16, 17, 18 ]
    }, {
      "vertices" : [ 3, 19, 22, 23, 4 ]
    }, {
      "vertices" : [ 7, 10, 54 ]
    }, {
      "vertices" : [ 41, 45, 58, 55 ]
    }, {
      "vertices" : [ 3, 39, 11, 19 ]
    }, {
      "vertices" : [ 14, 17, 22, 19 ]
    }, {
      "vertices" : [ 0, 2, 53, 21 ]
    }, {
      "vertices" : [ 49, 51, 52, 53 ]
    }, {
      "vertices" : [ 31, 43, 42, 59, 32 ]
    }, {
      "vertices" : [ 15, 18, 50 ]
    }, {
      "vertices" : [ 42, 55, 56, 59 ]
    }, {
      "vertices" : [ 4, 23, 29, 30 ]
    }, {
      "vertices" : [ 25, 38, 26 ]
    }, {
      "vertices" : [ 13, 28, 18, 17, 14 ]
    }, {
      "vertices" : [ 8, 20, 31, 32 ]
    }, {
      "vertices" : [ 23, 44, 29 ]
    }, {
      "vertices" : [ 24, 27, 46 ]
    }, {
      "vertices" : [ 37, 48, 52, 51, 38 ]
    }, {
      "vertices" : [ 20, 48, 31 ]
    }, {
      "vertices" : [ 24, 25, 26, 27 ]
    }, {
      "vertices" : [ 16, 44, 23, 22 ]
    }, {
      "vertices" : [ 13, 34, 35, 28 ]
    }, {
      "vertices" : [ 10, 34, 12, 54 ]
    }, {
      "vertices" : [ 2, 6, 5, 49, 53 ]
    }, {
      "vertices" : [ 36, 43, 37 ]
    }, {
      "vertices" : [ 5, 30, 33, 49 ]
    }, {
      "vertices" : [ 1, 54, 12, 11, 39 ]
    }, {
      "vertices" : [ 28, 35, 57 ]
    }, {
      "vertices" : [ 21, 53, 52 ]
    } ]
  }, {
    "id" : "b76f07cb-1eb0-4a7d-8eae-5722b5b16da9",
    "orbit" : "green",
    "orbitC" : "[[2,-1,1],[5,-3,1]]",
    "length" : "[0,1,1]",
    "name" : "g2",
    "vertices" : [ {
      "x" : 16.230747,
      "y" : 6.0086102,
      "z" : -2.486068
    }, {
      "x" : 17.253288,
      "y" : 6.045085,
      "z" : -2.618034
    }, {
      "x" : 16.230747,
      "y" : 6.0086102,
      "z" : -2.104102
    }, {
      "x" : 16.039762,
      "y" : 6.3176274,
      "z" : -2.604102
    }, {
      "x" : 16.039762,
      "y" : 6.3176274,
      "z" : -2.222136
    }, {
      "x" : 0.809017,
      "y" : 0.618034,
      "z" : 0.309017
    }, {
      "x" : 1.0,
      "y" : 0.309017,
      "z" : 0.19098301
    }, {
      "x" : 1.9045085,
      "y" : 0.5364745,
      "z" : -0.013932022
    }, {
      "x" : 16.944271,
      "y" : 6.545085,
      "z" : -2.809017
    }, {
      "x" : 17.135256,
      "y" : 6.236068,
      "z" : -2.927051
    }, {
      "x" : 17.135256,
      "y" : 6.236068,
      "z" : -2.309017
    }, {
      "x" : 16.944271,
      "y" : 6.545085,
      "z" : -2.427051
    }, {
      "x" : 1.7135255,
      "y" : 0.8454915,
      "z" : -0.13196601
    }, {
      "x" : 0.690983,
      "y" : 0.809017,
      "z" : 0.0
    }, {
      "x" : 1.9045085,
      "y" : 0.5364745,
      "z" : -0.39589804
    }, {
      "x" : 1.7135255,
      "y" : 0.8454915,
      "z" : -0.51393205
    }, {
      "x" : 0.809017,
      "y" : 0.618034,
      "z" : -0.309017
    }, {
      "x" : 1.0,
      "y" : 0.309017,
      "z" : -0.19098301
    }, {
      "x" : 17.944271,
      "y" : 6.854102,
      "z" : -2.618034
    } ],
    "faces" : [ {
      "vertices" : [ 0, 14, 15, 3 ]
    }, {
      "vertices" : [ 3, 15, 12, 4 ]
    }, {
      "vertices" : [ 0, 1, 2 ]
    }, {
      "vertices" : [ 12, 15, 13 ]
    }, {
      "vertices" : [ 0, 9, 1 ]
    }, {
      "vertices" : [ 0, 3, 9 ]
    }, {
      "vertices" : [ 13, 15, 16 ]
    }, {
      "vertices" : [ 6, 17, 14, 7 ]
    }, {
      "vertices" : [ 1, 10, 2 ]
    }, {
      "vertices" : [ 5, 6, 7 ]
    }, {
      "vertices" : [ 3, 8, 9 ]
    }, {
      "vertices" : [ 0, 2, 7, 14 ]
    }, {
      "vertices" : [ 5, 7, 12 ]
    }, {
      "vertices" : [ 2, 4, 12, 7 ]
    }, {
      "vertices" : [ 3, 4, 11, 8 ]
    }, {
      "vertices" : [ 2, 10, 11, 4 ]
    }, {
      "vertices" : [ 5, 12, 13 ]
    }, {
      "vertices" : [ 14, 17, 16, 15 ]
    } ]
  }, {
    "id" : "724ff803-860a-4f6c-9ce2-046c2c497ac4",
    "orbit" : "blue",
    "orbitC" : "[[0,0,1],[0,0,1]]",
    "length" : "[1,0,1]",
    "name" : "b1",
    "vertices" : [ {
      "x" : 7.472136,
      "y" : 0.309017,
      "z" : 0.19098301
    }, {
      "x" : 7.472136,
      "y" : 0.309017,
      "z" : -0.19098301
    }, {
      "x" : 1.0,
      "y" : 0.309017,
      "z" : -0.19098301
    }, {
      "x" : 1.0,
      "y" : 0.309017,
      "z" : 0.19098301
    }, {
      "x" : 7.472136,
      "y" : -0.309017,
      "z" : 0.19098301
    }, {
      "x" : 1.0,
      "y" : -0.309017,
      "z" : 0.19098301
    }, {
      "x" : 1.0,
      "y" : -0.309017,
      "z" : -0.19098301
    }, {
      "x" : 7.472136,
      "y" : -0.309017,
      "z" : -0.19098301
    }, {
      "x" : 8.472136,
      "y" : 0.0,
      "z" : 0.0
    } ],
    "faces" : [ {
      "vertices" : [ 1, 7, 6, 2 ]
    }, {
      "vertices" : [ 0, 1, 2, 3 ]
    }, {
      "vertices" : [ 4, 5, 6, 7 ]
    }, {
      "vertices" : [ 0, 3, 5, 4 ]
    } ]
  } ],
  "instances" : [ {
    "shape" : "9fbf2512-b67f-4b4a-be01-e062b5cde9eb",
    "color" : "#00FF00",
    "position" : {
      "x" : -6.854102,
      "y" : -20.562305,
      "z" : 6.854102
    }
  }, {
    "shape" : "9fbf2512-b67f-4b4a-be01-e062b5cde9eb",
    "color" : "#000000",
    "position" : {
      "x" : -13.708204,
      "y" : 17.944271,
      "z" : 2.618034
    }
  }, {
    "shape" : "b76f07cb-1eb0-4a7d-8eae-5722b5b16da9",
    "color" : "#FFFF00",
    "position" : {
      "x" : 11.09017,
      "y" : -8.472136,
      "z" : 17.944271
    },
    "orientation" : 20
  }, {
    "shape" : "b76f07cb-1eb0-4a7d-8eae-5722b5b16da9",
    "color" : "#00FF00",
    "position" : {
      "x" : -6.854102,
      "y" : 6.854102,
      "z" : -20.562305
    },
    "orientation" : 7
  }, {
    "shape" : "9fbf2512-b67f-4b4a-be01-e062b5cde9eb",
    "color" : "#00FF00",
    "position" : {
      "x" : 6.854102,
      "y" : 6.854102,
      "z" : 20.562305
    }
  }, {
    "shape" : "b76f07cb-1eb0-4a7d-8eae-5722b5b16da9",
    "color" : "#8000FF",
    "position" : {
      "x" : -2.618034,
      "y" : 22.18034,
      "z" : 4.236068
    },
    "orientation" : 26
  }, {
    "shape" : "b76f07cb-1eb0-4a7d-8eae-5722b5b16da9",
    "color" : "#FFFF00",
    "position" : {
      "x" : -13.708204,
      "y" : -17.944271,
      "z" : -2.618034
    },
    "orientation" : 20
  }, {
    "shape" : "b76f07cb-1eb0-4a7d-8eae-5722b5b16da9",
    "color" : "#FF0000",
    "position" : {
      "x" : 17.944271,
      "y" : 2.618034,
      "z" : -13.708204
    },
    "orientation" : 4
  }, {
    "shape" : "9fbf2512-b67f-4b4a-be01-e062b5cde9eb",
    "color" : "#000000",
    "position" : {
      "x" : -2.618034,
      "y" : 13.708204,
      "z" : 17.944271
    }
  }, {
    "shape" : "b76f07cb-1eb0-4a7d-8eae-5722b5b16da9",
    "color" : "#000000",
    "position" : {
      "x" : -15.326238,
      "y" : -15.326238,
      "z" : 6.854102
    },
    "orientation" : 27
  }, {
    "shape" : "9fbf2512-b67f-4b4a-be01-e062b5cde9eb",
    "color" : "#000000",
    "position" : {
      "x" : -8.472136,
      "y" : -17.944271,
      "z" : -11.09017
    }
  }, {
    "shape" : "b76f07cb-1eb0-4a7d-8eae-5722b5b16da9",
    "color" : "#FFFF00",
    "position" : {
      "x" : 2.618034,
      "y" : 22.18034,
      "z" : -4.236068
    },
    "orientation" : 41
  }, {
    "shape" : "b76f07cb-1eb0-4a7d-8eae-5722b5b16da9",
    "color" : "#00FF00",
    "position" : {
      "x" : -20.562305,
      "y" : 6.854102,
      "z" : -6.854102
    },
    "orientation" : 23
  }, {
    "shape" : "b76f07cb-1eb0-4a7d-8eae-5722b5b16da9",
    "color" : "#FFFF00",
    "position" : {
      "x" : -4.236068,
      "y" : 2.618034,
      "z" : 22.18034
    },
    "orientation" : 24
  }, {
    "shape" : "9fbf2512-b67f-4b4a-be01-e062b5cde9eb",
    "color" : "#8000FF",
    "position" : {
      "x" : -2.618034,
      "y" : 22.18034,
      "z" : 4.236068
    }
  }, {
    "shape" : "9fbf2512-b67f-4b4a-be01-e062b5cde9eb",
    "color" : "#000000",
    "position" : {
      "x" : 11.09017,
      "y" : 8.472136,
      "z" : -17.944271
    }
  }, {
    "shape" : "b76f07cb-1eb0-4a7d-8eae-5722b5b16da9",
    "color" : "#FFFF00",
    "position" : {
      "x" : -15.326238,
      "y" : 15.326238,
      "z" : -6.854102
    },
    "orientation" : 12
  }, {
    "shape" : "9fbf2512-b67f-4b4a-be01-e062b5cde9eb",
    "color" : "#8000FF",
    "position" : {
      "x" : -11.09017,
      "y" : -8.472136,
      "z" : -17.944271
    }
  }, {
    "shape" : "b76f07cb-1eb0-4a7d-8eae-5722b5b16da9",
    "color" : "#FFFF00",
    "position" : {
      "x" : -17.944271,
      "y" : -2.618034,
      "z" : -13.708204
    },
    "orientation" : 13
  }, {
    "shape" : "b76f07cb-1eb0-4a7d-8eae-5722b5b16da9",
    "color" : "#FF0000",
    "position" : {
      "x" : 15.326238,
      "y" : -15.326238,
      "z" : -6.854102
    },
    "orientation" : 46
  }, {
    "shape" : "9fbf2512-b67f-4b4a-be01-e062b5cde9eb",
    "color" : "#FFFF00",
    "position" : {
      "x" : 15.326238,
      "y" : -6.854102,
      "z" : -15.326238
    }
  }, {
    "shape" : "b76f07cb-1eb0-4a7d-8eae-5722b5b16da9",
    "color" : "#FF0000",
    "position" : {
      "x" : 13.708204,
      "y" : 17.944271,
      "z" : -2.618034
    },
    "orientation" : 50
  }, {
    "shape" : "b76f07cb-1eb0-4a7d-8eae-5722b5b16da9",
    "color" : "#FF0000",
    "position" : {
      "x" : -17.944271,
      "y" : -11.09017,
      "z" : -8.472136
    },
    "orientation" : 46
  }, {
    "shape" : "9fbf2512-b67f-4b4a-be01-e062b5cde9eb",
    "color" : "#8000FF",
    "position" : {
      "x" : 8.472136,
      "y" : 17.944271,
      "z" : -11.09017
    }
  }, {
    "shape" : "9fbf2512-b67f-4b4a-be01-e062b5cde9eb",
    "color" : "#8000FF",
    "position" : {
      "x" : -17.944271,
      "y" : 11.09017,
      "z" : 8.472136
    }
  }, {
    "shape" : "b76f07cb-1eb0-4a7d-8eae-5722b5b16da9",
    "color" : "#000000",
    "position" : {
      "x" : -4.236068,
      "y" : -2.618034,
      "z" : -22.18034
    },
    "orientation" : 9
  }, {
    "shape" : "9fbf2512-b67f-4b4a-be01-e062b5cde9eb",
    "color" : "#FF0000",
    "position" : {
      "x" : 17.944271,
      "y" : 2.618034,
      "z" : -13.708204
    }
  }, {
    "shape" : "b76f07cb-1eb0-4a7d-8eae-5722b5b16da9",
    "color" : "#00FF00",
    "position" : {
      "x" : -20.562305,
      "y" : 6.854102,
      "z" : -6.854102
    },
    "orientation" : 37
  }, {
    "shape" : "9fbf2512-b67f-4b4a-be01-e062b5cde9eb",
    "color" : "#000000",
    "position" : {
      "x" : -17.944271,
      "y" : 2.618034,
      "z" : 13.708204
    }
  }, {
    "shape" : "b76f07cb-1eb0-4a7d-8eae-5722b5b16da9",
    "color" : "#000000",
    "position" : {
      "x" : -8.472136,
      "y" : -17.944271,
      "z" : -11.09017
    },
    "orientation" : 49
  }, {
    "shape" : "9fbf2512-b67f-4b4a-be01-e062b5cde9eb",
    "color" : "#8000FF",
    "position" : {
      "x" : -15.326238,
      "y" : -6.854102,
      "z" : 15.326238
    }
  }, {
    "shape" : "9fbf2512-b67f-4b4a-be01-e062b5cde9eb",
    "color" : "#000000",
    "position" : {
      "x" : 17.944271,
      "y" : -11.09017,
      "z" : 8.472136
    }
  }, {
    "shape" : "9fbf2512-b67f-4b4a-be01-e062b5cde9eb",
    "color" : "#00FF00",
    "position" : {
      "x" : 6.854102,
      "y" : -6.854102,
      "z" : -20.562305
    }
  }, {
    "shape" : "b76f07cb-1eb0-4a7d-8eae-5722b5b16da9",
    "color" : "#FFFF00",
    "position" : {
      "x" : -6.854102,
      "y" : -15.326238,
      "z" : 15.326238
    },
    "orientation" : 13
  }, {
    "shape" : "b76f07cb-1eb0-4a7d-8eae-5722b5b16da9",
    "color" : "#FF0000",
    "position" : {
      "x" : 2.618034,
      "y" : 13.708204,
      "z" : -17.944271
    },
    "orientation" : 42
  }, {
    "shape" : "b76f07cb-1eb0-4a7d-8eae-5722b5b16da9",
    "color" : "#FFFF00",
    "position" : {
      "x" : 15.326238,
      "y" : -6.854102,
      "z" : -15.326238
    },
    "orientation" : 14
  }, {
    "shape" : "9fbf2512-b67f-4b4a-be01-e062b5cde9eb",
    "color" : "#FFFF00",
    "position" : {
      "x" : -4.236068,
      "y" : 2.618034,
      "z" : 22.18034
    }
  }, {
    "shape" : "b76f07cb-1eb0-4a7d-8eae-5722b5b16da9",
    "color" : "#8000FF",
    "position" : {
      "x" : 15.326238,
      "y" : 15.326238,
      "z" : 6.854102
    },
    "orientation" : 31
  }, {
    "shape" : "b76f07cb-1eb0-4a7d-8eae-5722b5b16da9",
    "color" : "#8000FF",
    "position" : {
      "x" : 4.236068,
      "y" : 2.618034,
      "z" : -22.18034
    },
    "orientation" : 10
  }, {
    "shape" : "b76f07cb-1eb0-4a7d-8eae-5722b5b16da9",
    "color" : "#8000FF",
    "position" : {
      "x" : -2.618034,
      "y" : 22.18034,
      "z" : 4.236068
    },
    "orientation" : 39
  }, {
    "shape" : "b76f07cb-1eb0-4a7d-8eae-5722b5b16da9",
    "color" : "#FFFF00",
    "position" : {
      "x" : 17.944271,
      "y" : 11.09017,
      "z" : -8.472136
    },
    "orientation" : 48
  }, {
    "shape" : "b76f07cb-1eb0-4a7d-8eae-5722b5b16da9",
    "color" : "#FFFF00",
    "position" : {
      "x" : -6.854102,
      "y" : -15.326238,
      "z" : 15.326238
    },
    "orientation" : 47
  }, {
    "shape" : "b76f07cb-1eb0-4a7d-8eae-5722b5b16da9",
    "color" : "#8000FF",
    "position" : {
      "x" : 8.472136,
      "y" : 17.944271,
      "z" : -11.09017
    },
    "orientation" : 2
  }, {
    "shape" : "9fbf2512-b67f-4b4a-be01-e062b5cde9eb",
    "color" : "#8000FF",
    "position" : {
      "x" : 17.944271,
      "y" : -2.618034,
      "z" : 13.708204
    }
  }, {
    "shape" : "b76f07cb-1eb0-4a7d-8eae-5722b5b16da9",
    "color" : "#FF0000",
    "position" : {
      "x" : 2.618034,
      "y" : 13.708204,
      "z" : -17.944271
    },
    "orientation" : 18
  }, {
    "shape" : "b76f07cb-1eb0-4a7d-8eae-5722b5b16da9",
    "color" : "#000000",
    "position" : {
      "x" : 11.09017,
      "y" : 8.472136,
      "z" : -17.944271
    },
    "orientation" : 45
  }, {
    "shape" : "b76f07cb-1eb0-4a7d-8eae-5722b5b16da9",
    "color" : "#000000",
    "position" : {
      "x" : 17.944271,
      "y" : -11.09017,
      "z" : 8.472136
    },
    "orientation" : 1
  }, {
    "shape" : "b76f07cb-1eb0-4a7d-8eae-5722b5b16da9",
    "color" : "#00FF00",
    "position" : {
      "x" : 20.562305,
      "y" : -6.854102,
      "z" : -6.854102
    },
    "orientation" : 7
  }, {
    "shape" : "b76f07cb-1eb0-4a7d-8eae-5722b5b16da9",
    "color" : "#8000FF",
    "position" : {
      "x" : -17.944271,
      "y" : 11.09017,
      "z" : 8.472136
    },
    "orientation" : 31
  }, {
    "shape" : "9fbf2512-b67f-4b4a-be01-e062b5cde9eb",
    "color" : "#8000FF",
    "position" : {
      "x" : 2.618034,
      "y" : -13.708204,
      "z" : 17.944271
    }
  }, {
    "shape" : "9fbf2512-b67f-4b4a-be01-e062b5cde9eb",
    "color" : "#8000FF",
    "position" : {
      "x" : 6.854102,
      "y" : -15.326238,
      "z" : -15.326238
    }
  }, {
    "shape" : "9fbf2512-b67f-4b4a-be01-e062b5cde9eb",
    "color" : "#FF0000",
    "position" : {
      "x" : -2.618034,
      "y" : -22.18034,
      "z" : -4.236068
    }
  }, {
    "shape" : "b76f07cb-1eb0-4a7d-8eae-5722b5b16da9",
    "color" : "#00FF00",
    "position" : {
      "x" : 20.562305,
      "y" : 6.854102,
      "z" : 6.854102
    },
    "orientation" : 38
  }, {
    "shape" : "b76f07cb-1eb0-4a7d-8eae-5722b5b16da9",
    "color" : "#FFFF00",
    "position" : {
      "x" : -17.944271,
      "y" : -2.618034,
      "z" : -13.708204
    },
    "orientation" : 34
  }, {
    "shape" : "b76f07cb-1eb0-4a7d-8eae-5722b5b16da9",
    "color" : "#8000FF",
    "position" : {
      "x" : -22.18034,
      "y" : -4.236068,
      "z" : -2.618034
    },
    "orientation" : 10
  }, {
    "shape" : "b76f07cb-1eb0-4a7d-8eae-5722b5b16da9",
    "color" : "#8000FF",
    "position" : {
      "x" : -15.326238,
      "y" : -6.854102,
      "z" : 15.326238
    },
    "orientation" : 15
  }, {
    "shape" : "b76f07cb-1eb0-4a7d-8eae-5722b5b16da9",
    "color" : "#00FF00",
    "position" : {
      "x" : -6.854102,
      "y" : 20.562305,
      "z" : -6.854102
    },
    "orientation" : 36
  }, {
    "shape" : "9fbf2512-b67f-4b4a-be01-e062b5cde9eb",
    "color" : "#FFFF00",
    "position" : {
      "x" : -2.618034,
      "y" : -13.708204,
      "z" : -17.944271
    }
  }, {
    "shape" : "9fbf2512-b67f-4b4a-be01-e062b5cde9eb",
    "color" : "#FFFF00",
    "position" : {
      "x" : -17.944271,
      "y" : -2.618034,
      "z" : -13.708204
    }
  }, {
    "shape" : "b76f07cb-1eb0-4a7d-8eae-5722b5b16da9",
    "color" : "#FF0000",
    "position" : {
      "x" : -11.09017,
      "y" : 8.472136,
      "z" : 17.944271
    },
    "orientation" : 0
  }, {
    "shape" : "9fbf2512-b67f-4b4a-be01-e062b5cde9eb",
    "color" : "#FFFF00",
    "position" : {
      "x" : 11.09017,
      "y" : -8.472136,
      "z" : 17.944271
    }
  }, {
    "shape" : "b76f07cb-1eb0-4a7d-8eae-5722b5b16da9",
    "color" : "#FF0000",
    "position" : {
      "x" : -22.18034,
      "y" : 4.236068,
      "z" : 2.618034
    },
    "orientation" : 25
  }, {
    "shape" : "9fbf2512-b67f-4b4a-be01-e062b5cde9eb",
    "color" : "#FF0000",
    "position" : {
      "x" : 8.472136,
      "y" : -17.944271,
      "z" : 11.09017
    }
  }, {
    "shape" : "9fbf2512-b67f-4b4a-be01-e062b5cde9eb",
    "color" : "#FF0000",
    "position" : {
      "x" : 6.854102,
      "y" : 15.326238,
      "z" : 15.326238
    }
  }, {
    "shape" : "9fbf2512-b67f-4b4a-be01-e062b5cde9eb",
    "color" : "#FFFF00",
    "position" : {
      "x" : 22.18034,
      "y" : -4.236068,
      "z" : 2.618034
    }
  }, {
    "shape" : "b76f07cb-1eb0-4a7d-8eae-5722b5b16da9",
    "color" : "#FF0000",
    "position" : {
      "x" : 6.854102,
      "y" : 15.326238,
      "z" : 15.326238
    },
    "orientation" : 43
  }, {
    "shape" : "b76f07cb-1eb0-4a7d-8eae-5722b5b16da9",
    "color" : "#FF0000",
    "position" : {
      "x" : -11.09017,
      "y" : 8.472136,
      "z" : 17.944271
    },
    "orientation" : 50
  }, {
    "shape" : "b76f07cb-1eb0-4a7d-8eae-5722b5b16da9",
    "color" : "#FFFF00",
    "position" : {
      "x" : 11.09017,
      "y" : -8.472136,
      "z" : 17.944271
    },
    "orientation" : 30
  }, {
    "shape" : "9fbf2512-b67f-4b4a-be01-e062b5cde9eb",
    "color" : "#FFFF00",
    "position" : {
      "x" : -6.854102,
      "y" : -15.326238,
      "z" : 15.326238
    }
  }, {
    "shape" : "b76f07cb-1eb0-4a7d-8eae-5722b5b16da9",
    "color" : "#000000",
    "position" : {
      "x" : -8.472136,
      "y" : -17.944271,
      "z" : -11.09017
    },
    "orientation" : 32
  }, {
    "shape" : "9fbf2512-b67f-4b4a-be01-e062b5cde9eb",
    "color" : "#00FF00",
    "position" : {
      "x" : 6.854102,
      "y" : 20.562305,
      "z" : 6.854102
    }
  }, {
    "shape" : "b76f07cb-1eb0-4a7d-8eae-5722b5b16da9",
    "color" : "#00FF00",
    "position" : {
      "x" : 6.854102,
      "y" : -6.854102,
      "z" : -20.562305
    },
    "orientation" : 51
  }, {
    "shape" : "b76f07cb-1eb0-4a7d-8eae-5722b5b16da9",
    "color" : "#8000FF",
    "position" : {
      "x" : 15.326238,
      "y" : 15.326238,
      "z" : 6.854102
    },
    "orientation" : 57
  }, {
    "shape" : "b76f07cb-1eb0-4a7d-8eae-5722b5b16da9",
    "color" : "#FFFF00",
    "position" : {
      "x" : -8.472136,
      "y" : 17.944271,
      "z" : 11.09017
    },
    "orientation" : 47
  }, {
    "shape" : "9fbf2512-b67f-4b4a-be01-e062b5cde9eb",
    "color" : "#FF0000",
    "position" : {
      "x" : 4.236068,
      "y" : -2.618034,
      "z" : 22.18034
    }
  }, {
    "shape" : "b76f07cb-1eb0-4a7d-8eae-5722b5b16da9",
    "color" : "#000000",
    "position" : {
      "x" : 15.326238,
      "y" : 6.854102,
      "z" : 15.326238
    },
    "orientation" : 29
  }, {
    "shape" : "b76f07cb-1eb0-4a7d-8eae-5722b5b16da9",
    "color" : "#8000FF",
    "position" : {
      "x" : -22.18034,
      "y" : -4.236068,
      "z" : -2.618034
    },
    "orientation" : 26
  }, {
    "shape" : "b76f07cb-1eb0-4a7d-8eae-5722b5b16da9",
    "color" : "#8000FF",
    "position" : {
      "x" : 2.618034,
      "y" : -13.708204,
      "z" : 17.944271
    },
    "orientation" : 3
  }, {
    "shape" : "b76f07cb-1eb0-4a7d-8eae-5722b5b16da9",
    "color" : "#FF0000",
    "position" : {
      "x" : 4.236068,
      "y" : -2.618034,
      "z" : 22.18034
    },
    "orientation" : 54
  }, {
    "shape" : "b76f07cb-1eb0-4a7d-8eae-5722b5b16da9",
    "color" : "#00FF00",
    "position" : {
      "x" : 6.854102,
      "y" : 6.854102,
      "z" : 20.562305
    },
    "orientation" : 36
  }, {
    "shape" : "b76f07cb-1eb0-4a7d-8eae-5722b5b16da9",
    "color" : "#000000",
    "position" : {
      "x" : 22.18034,
      "y" : 4.236068,
      "z" : -2.618034
    },
    "orientation" : 40
  }, {
    "shape" : "b76f07cb-1eb0-4a7d-8eae-5722b5b16da9",
    "color" : "#000000",
    "position" : {
      "x" : -17.944271,
      "y" : 2.618034,
      "z" : 13.708204
    },
    "orientation" : 49
  }, {
    "shape" : "b76f07cb-1eb0-4a7d-8eae-5722b5b16da9",
    "color" : "#FFFF00",
    "position" : {
      "x" : 22.18034,
      "y" : -4.236068,
      "z" : 2.618034
    },
    "orientation" : 55
  }, {
    "shape" : "b76f07cb-1eb0-4a7d-8eae-5722b5b16da9",
    "color" : "#000000",
    "position" : {
      "x" : -2.618034,
      "y" : 13.708204,
      "z" : 17.944271
    },
    "orientation" : 33
  }, {
    "shape" : "b76f07cb-1eb0-4a7d-8eae-5722b5b16da9",
    "color" : "#8000FF",
    "position" : {
      "x" : 17.944271,
      "y" : -2.618034,
      "z" : 13.708204
    },
    "orientation" : 19
  }, {
    "shape" : "9fbf2512-b67f-4b4a-be01-e062b5cde9eb",
    "color" : "#FFFF00",
    "position" : {
      "x" : -8.472136,
      "y" : 17.944271,
      "z" : 11.09017
    }
  }, {
    "shape" : "b76f07cb-1eb0-4a7d-8eae-5722b5b16da9",
    "color" : "#00FF00",
    "position" : {
      "x" : 6.854102,
      "y" : 20.562305,
      "z" : 6.854102
    },
    "orientation" : 21
  }, {
    "shape" : "b76f07cb-1eb0-4a7d-8eae-5722b5b16da9",
    "color" : "#00FF00",
    "position" : {
      "x" : -6.854102,
      "y" : 20.562305,
      "z" : -6.854102
    },
    "orientation" : 8
  }, {
    "shape" : "9fbf2512-b67f-4b4a-be01-e062b5cde9eb",
    "color" : "#FFFF00",
    "position" : {
      "x" : -13.708204,
      "y" : -17.944271,
      "z" : -2.618034
    }
  }, {
    "shape" : "b76f07cb-1eb0-4a7d-8eae-5722b5b16da9",
    "color" : "#FF0000",
    "position" : {
      "x" : -2.618034,
      "y" : -22.18034,
      "z" : -4.236068
    },
    "orientation" : 11
  }, {
    "shape" : "9fbf2512-b67f-4b4a-be01-e062b5cde9eb",
    "color" : "#8000FF",
    "position" : {
      "x" : -22.18034,
      "y" : -4.236068,
      "z" : -2.618034
    }
  }, {
    "shape" : "b76f07cb-1eb0-4a7d-8eae-5722b5b16da9",
    "color" : "#000000",
    "position" : {
      "x" : 17.944271,
      "y" : -11.09017,
      "z" : 8.472136
    },
    "orientation" : 33
  }, {
    "shape" : "b76f07cb-1eb0-4a7d-8eae-5722b5b16da9",
    "color" : "#FFFF00",
    "position" : {
      "x" : -2.618034,
      "y" : -13.708204,
      "z" : -17.944271
    },
    "orientation" : 12
  }, {
    "shape" : "9fbf2512-b67f-4b4a-be01-e062b5cde9eb",
    "color" : "#FFFF00",
    "position" : {
      "x" : -15.326238,
      "y" : 15.326238,
      "z" : -6.854102
    }
  }, {
    "shape" : "b76f07cb-1eb0-4a7d-8eae-5722b5b16da9",
    "color" : "#00FF00",
    "position" : {
      "x" : 6.854102,
      "y" : -6.854102,
      "z" : -20.562305
    },
    "orientation" : 37
  }, {
    "shape" : "b76f07cb-1eb0-4a7d-8eae-5722b5b16da9",
    "color" : "#FFFF00",
    "position" : {
      "x" : -2.618034,
      "y" : -13.708204,
      "z" : -17.944271
    },
    "orientation" : 48
  }, {
    "shape" : "9fbf2512-b67f-4b4a-be01-e062b5cde9eb",
    "color" : "#00FF00",
    "position" : {
      "x" : -6.854102,
      "y" : 6.854102,
      "z" : -20.562305
    }
  }, {
    "shape" : "9fbf2512-b67f-4b4a-be01-e062b5cde9eb",
    "color" : "#FF0000",
    "position" : {
      "x" : -17.944271,
      "y" : -11.09017,
      "z" : -8.472136
    }
  }, {
    "shape" : "b76f07cb-1eb0-4a7d-8eae-5722b5b16da9",
    "color" : "#8000FF",
    "position" : {
      "x" : 13.708204,
      "y" : -17.944271,
      "z" : 2.618034
    },
    "orientation" : 35
  }, {
    "shape" : "9fbf2512-b67f-4b4a-be01-e062b5cde9eb",
    "color" : "#FF0000",
    "position" : {
      "x" : -11.09017,
      "y" : 8.472136,
      "z" : 17.944271
    }
  }, {
    "shape" : "9fbf2512-b67f-4b4a-be01-e062b5cde9eb",
    "color" : "#00FF00",
    "position" : {
