{
  "polygons" : "true",
  "field" : "golden",
  "symmetry" : "icosahedral",
  "orientations" : [ [ 1.0, 0.0, 0.0, 0.0, 0.0, 1.0, 0.0, 0.0, 0.0, 0.0, 1.0, 0.0, 0.0, 0.0, 0.0, 1.0 ], [ 0.0, 0.0, 1.0, 0.0, 1.0, 0.0, 0.0, 0.0, 0.0, 1.0, 0.0, 0.0, 0.0, 0.0, 0.0, 1.0 ], [ 0.0, 1.0, 0.0, 0.0, 0.0, 0.0, 1.0, 0.0, 1.0, 0.0, 0.0, 0.0, 0.0, 0.0, 0.0, 1.0 ], [ 0.809017, 0.309017, 0.5, 0.0, 0.309017, 0.5, -0.809017, 0.0, -0.5, 0.809017, 0.309017, 0.0, 0.0, 0.0, 0.0, 1.0 ], [ -0.5, 0.809017, 0.309017, 0.0, 0.809017, 0.309017, 0.5, 0.0, 0.309017, 0.5, -0.809017, 0.0, 0.0, 0.0, 0.0, 1.0 ], [ 0.309017, 0.5, -0.809017, 0.0, -0.5, 0.809017, 0.309017, 0.0, 0.809017, 0.309017, 0.5, 0.0, 0.0, 0.0, 0.0, 1.0 ], [ 0.5, 0.809017, 0.309017, 0.0, 0.809017, -0.309017, -0.5, 0.0, -0.309017, 0.5, -0.809017, 0.0, 0.0, 0.0, 0.0, 1.0 ], [ -0.309017, 0.5, -0.809017, 0.0, 0.5, 0.809017, 0.309017, 0.0, 0.809017, -0.309017, -0.5, 0.0, 0.0, 0.0, 0.0, 1.0 ], [ 0.809017, -0.309017, -0.5, 0.0, -0.309017, 0.5, -0.809017, 0.0, 0.5, 0.809017, 0.309017, 0.0, 0.0, 0.0, 0.0, 1.0 ], [ 0.5, 0.809017, -0.309017, 0.0, 0.809017, -0.309017, 0.5, 0.0, 0.309017, -0.5, -0.809017, 0.0, 0.0, 0.0, 0.0, 1.0 ], [ 0.309017, -0.5, -0.809017, 0.0, 0.5, 0.809017, -0.309017, 0.0, 0.809017, -0.309017, 0.5, 0.0, 0.0, 0.0, 0.0, 1.0 ], [ 0.809017, -0.309017, 0.5, 0.0, 0.309017, -0.5, -0.809017, 0.0, 0.5, 0.809017, -0.309017, 0.0, 0.0, 0.0, 0.0, 1.0 ], [ 0.809017, 0.309017, -0.5, 0.0, 0.309017, 0.5, 0.809017, 0.0, 0.5, -0.809017, 0.309017, 0.0, 0.0, 0.0, 0.0, 1.0 ], [ 0.5, -0.809017, 0.309017, 0.0, 0.809017, 0.309017, -0.5, 0.0, 0.309017, 0.5, 0.809017, 0.0, 0.0, 0.0, 0.0, 1.0 ], [ 0.309017, 0.5, 0.809017, 0.0, 0.5, -0.809017, 0.309017, 0.0, 0.809017, 0.309017, -0.5, 0.0, 0.0, 0.0, 0.0, 1.0 ], [ 1.0, 0.0, 0.0, 0.0, 0.0, -1.0, 0.0, 0.0, 0.0, 0.0, -1.0, 0.0, 0.0, 0.0, 0.0, 1.0 ], [ 0.0, 0.0, 1.0, 0.0, -1.0, 0.0, 0.0, 0.0, 0.0, -1.0, 0.0, 0.0, 0.0, 0.0, 0.0, 1.0 ], [ 0.0, 1.0, 0.0, 0.0, 0.0, 0.0, -1.0, 0.0, -1.0, 0.0, 0.0, 0.0, 0.0, 0.0, 0.0, 1.0 ], [ 0.809017, 0.309017, 0.5, 0.0, -0.309017, -0.5, 0.809017, 0.0, 0.5, -0.809017, -0.309017, 0.0, 0.0, 0.0, 0.0, 1.0 ], [ -0.5, 0.809017, 0.309017, 0.0, -0.809017, -0.309017, -0.5, 0.0, -0.309017, -0.5, 0.809017, 0.0, 0.0, 0.0, 0.0, 1.0 ], [ 0.309017, 0.5, -0.809017, 0.0, 0.5, -0.809017, -0.309017, 0.0, -0.809017, -0.309017, -0.5, 0.0, 0.0, 0.0, 0.0, 1.0 ], [ 0.5, 0.809017, 0.309017, 0.0, -0.809017, 0.309017, 0.5, 0.0, 0.309017, -0.5, 0.809017, 0.0, 0.0, 0.0, 0.0, 1.0 ], [ -0.309017, 0.5, -0.809017, 0.0, -0.5, -0.809017, -0.309017, 0.0, -0.809017, 0.309017, 0.5, 0.0, 0.0, 0.0, 0.0, 1.0 ], [ 0.809017, -0.309017, -0.5, 0.0, 0.309017, -0.5, 0.809017, 0.0, -0.5, -0.809017, -0.309017, 0.0, 0.0, 0.0, 0.0, 1.0 ], [ 0.5, 0.809017, -0.309017, 0.0, -0.809017, 0.309017, -0.5, 0.0, -0.309017, 0.5, 0.809017, 0.0, 0.0, 0.0, 0.0, 1.0 ], [ 0.309017, -0.5, -0.809017, 0.0, -0.5, -0.809017, 0.309017, 0.0, -0.809017, 0.309017, -0.5, 0.0, 0.0, 0.0, 0.0, 1.0 ], [ 0.809017, -0.309017, 0.5, 0.0, -0.309017, 0.5, 0.809017, 0.0, -0.5, -0.809017, 0.309017, 0.0, 0.0, 0.0, 0.0, 1.0 ], [ 0.809017, 0.309017, -0.5, 0.0, -0.309017, -0.5, -0.809017, 0.0, -0.5, 0.809017, -0.309017, 0.0, 0.0, 0.0, 0.0, 1.0 ], [ 0.5, -0.809017, 0.309017, 0.0, -0.809017, -0.309017, 0.5, 0.0, -0.309017, -0.5, -0.809017, 0.0, 0.0, 0.0, 0.0, 1.0 ], [ 0.309017, 0.5, 0.809017, 0.0, -0.5, 0.809017, -0.309017, 0.0, -0.809017, -0.309017, 0.5, 0.0, 0.0, 0.0, 0.0, 1.0 ], [ -1.0, 0.0, 0.0, 0.0, 0.0, -1.0, 0.0, 0.0, 0.0, 0.0, 1.0, 0.0, 0.0, 0.0, 0.0, 1.0 ], [ 0.0, 0.0, -1.0, 0.0, -1.0, 0.0, 0.0, 0.0, 0.0, 1.0, 0.0, 0.0, 0.0, 0.0, 0.0, 1.0 ], [ 0.0, -1.0, 0.0, 0.0, 0.0, 0.0, -1.0, 0.0, 1.0, 0.0, 0.0, 0.0, 0.0, 0.0, 0.0, 1.0 ], [ -0.809017, -0.309017, -0.5, 0.0, -0.309017, -0.5, 0.809017, 0.0, -0.5, 0.809017, 0.309017, 0.0, 0.0, 0.0, 0.0, 1.0 ], [ 0.5, -0.809017, -0.309017, 0.0, -0.809017, -0.309017, -0.5, 0.0, 0.309017, 0.5, -0.809017, 0.0, 0.0, 0.0, 0.0, 1.0 ], [ -0.309017, -0.5, 0.809017, 0.0, 0.5, -0.809017, -0.309017, 0.0, 0.809017, 0.309017, 0.5, 0.0, 0.0, 0.0, 0.0, 1.0 ], [ -0.5, -0.809017, -0.309017, 0.0, -0.809017, 0.309017, 0.5, 0.0, -0.309017, 0.5, -0.809017, 0.0, 0.0, 0.0, 0.0, 1.0 ], [ 0.309017, -0.5, 0.809017, 0.0, -0.5, -0.809017, -0.309017, 0.0, 0.809017, -0.309017, -0.5, 0.0, 0.0, 0.0, 0.0, 1.0 ], [ -0.809017, 0.309017, 0.5, 0.0, 0.309017, -0.5, 0.809017, 0.0, 0.5, 0.809017, 0.309017, 0.0, 0.0, 0.0, 0.0, 1.0 ], [ -0.5, -0.809017, 0.309017, 0.0, -0.809017, 0.309017, -0.5, 0.0, 0.309017, -0.5, -0.809017, 0.0, 0.0, 0.0, 0.0, 1.0 ], [ -0.309017, 0.5, 0.809017, 0.0, -0.5, -0.809017, 0.309017, 0.0, 0.809017, -0.309017, 0.5, 0.0, 0.0, 0.0, 0.0, 1.0 ], [ -0.809017, 0.309017, -0.5, 0.0, -0.309017, 0.5, 0.809017, 0.0, 0.5, 0.809017, -0.309017, 0.0, 0.0, 0.0, 0.0, 1.0 ], [ -0.809017, -0.309017, 0.5, 0.0, -0.309017, -0.5, -0.809017, 0.0, 0.5, -0.809017, 0.309017, 0.0, 0.0, 0.0, 0.0, 1.0 ], [ -0.5, 0.809017, -0.309017, 0.0, -0.809017, -0.309017, 0.5, 0.0, 0.309017, 0.5, 0.809017, 0.0, 0.0, 0.0, 0.0, 1.0 ], [ -0.309017, -0.5, -0.809017, 0.0, -0.5, 0.809017, -0.309017, 0.0, 0.809017, 0.309017, -0.5, 0.0, 0.0, 0.0, 0.0, 1.0 ], [ -1.0, 0.0, 0.0, 0.0, 0.0, 1.0, 0.0, 0.0, 0.0, 0.0, -1.0, 0.0, 0.0, 0.0, 0.0, 1.0 ], [ 0.0, 0.0, -1.0, 0.0, 1.0, 0.0, 0.0, 0.0, 0.0, -1.0, 0.0, 0.0, 0.0, 0.0, 0.0, 1.0 ], [ 0.0, -1.0, 0.0, 0.0, 0.0, 0.0, 1.0, 0.0, -1.0, 0.0, 0.0, 0.0, 0.0, 0.0, 0.0, 1.0 ], [ -0.809017, -0.309017, -0.5, 0.0, 0.309017, 0.5, -0.809017, 0.0, 0.5, -0.809017, -0.309017, 0.0, 0.0, 0.0, 0.0, 1.0 ], [ 0.5, -0.809017, -0.309017, 0.0, 0.809017, 0.309017, 0.5, 0.0, -0.309017, -0.5, 0.809017, 0.0, 0.0, 0.0, 0.0, 1.0 ], [ -0.309017, -0.5, 0.809017, 0.0, -0.5, 0.809017, 0.309017, 0.0, -0.809017, -0.309017, -0.5, 0.0, 0.0, 0.0, 0.0, 1.0 ], [ -0.5, -0.809017, -0.309017, 0.0, 0.809017, -0.309017, -0.5, 0.0, 0.309017, -0.5, 0.809017, 0.0, 0.0, 0.0, 0.0, 1.0 ], [ 0.309017, -0.5, 0.809017, 0.0, 0.5, 0.809017, 0.309017, 0.0, -0.809017, 0.309017, 0.5, 0.0, 0.0, 0.0, 0.0, 1.0 ], [ -0.809017, 0.309017, 0.5, 0.0, -0.309017, 0.5, -0.809017, 0.0, -0.5, -0.809017, -0.309017, 0.0, 0.0, 0.0, 0.0, 1.0 ], [ -0.5, -0.809017, 0.309017, 0.0, 0.809017, -0.309017, 0.5, 0.0, -0.309017, 0.5, 0.809017, 0.0, 0.0, 0.0, 0.0, 1.0 ], [ -0.309017, 0.5, 0.809017, 0.0, 0.5, 0.809017, -0.309017, 0.0, -0.809017, 0.309017, -0.5, 0.0, 0.0, 0.0, 0.0, 1.0 ], [ -0.809017, 0.309017, -0.5, 0.0, 0.309017, -0.5, -0.809017, 0.0, -0.5, -0.809017, 0.309017, 0.0, 0.0, 0.0, 0.0, 1.0 ], [ -0.809017, -0.309017, 0.5, 0.0, 0.309017, 0.5, 0.809017, 0.0, -0.5, 0.809017, -0.309017, 0.0, 0.0, 0.0, 0.0, 1.0 ], [ -0.5, 0.809017, -0.309017, 0.0, 0.809017, 0.309017, -0.5, 0.0, -0.309017, -0.5, -0.809017, 0.0, 0.0, 0.0, 0.0, 1.0 ], [ -0.309017, -0.5, -0.809017, 0.0, 0.5, -0.809017, 0.309017, 0.0, -0.809017, -0.309017, 0.5, 0.0, 0.0, 0.0, 0.0, 1.0 ] ],
  "lights" : {
    "directionalLights" : [ {
      "direction" : [ 1.0, -1.0, -1.0 ],
      "color" : "#EBEBE4"
    }, {
      "direction" : [ -1.0, 0.0, 0.0 ],
      "color" : "#E4E4EB"
    }, {
      "direction" : [ 0.0, 0.0, -1.0 ],
      "color" : "#1E1E1E"
    } ],
    "backgroundColor" : "#AFC8DC",
    "ambientColor" : "#292929"
  },
  "camera" : {
    "width" : 96.580025,
    "position" : {
      "x" : 115.73664,
      "y" : 30.429735,
      "z" : 178.16211
    },
    "perspective" : true,
    "lookAtPointRV" : {
      "x" : 0.0,
      "y" : 0.0,
      "z" : 0.0,
      "zero" : true
    },
    "lookDirectionRV" : {
      "x" : -0.5392574,
      "y" : -0.14178276,
      "z" : -0.83011943,
      "zero" : false
    },
    "upDirectionRV" : {
      "x" : -0.64191705,
      "y" : 0.7072552,
      "z" : 0.29620045,
      "zero" : false
    },
    "viewDistance" : 214.62225,
    "fieldOfView" : 0.44262892,
    "lookAtPoint" : {
      "x" : 0.0,
      "y" : 0.0,
      "z" : 0.0
    },
    "lookDirection" : {
      "x" : -0.5392574,
      "y" : -0.14178276,
      "z" : -0.83011943
    },
    "upDirection" : {
      "x" : -0.64191705,
      "y" : 0.7072552,
      "z" : 0.29620045
    },
    "farClipDistance" : 429.24445,
    "stereo" : false,
    "nearClipDistance" : 0.53655565
  },
  "embedding" : [ 1.0, 0.0, 0.0, 0.0, 0.0, 1.0, 0.0, 0.0, 0.0, 0.0, 1.0, 0.0, 0.0, 0.0, 0.0, 1.0 ],
  "shapes" : [ {
    "id" : "56d8a2da-22c5-4b03-9d63-67197a74ea53",
    "name" : "ball",
    "vertices" : [ {
      "x" : 0.309017,
      "y" : -0.809017,
      "z" : 0.618034
    }, {
      "x" : 0.809017,
      "y" : -0.618034,
      "z" : 0.309017
    }, {
      "x" : 0.618034,
      "y" : -0.309017,
      "z" : 0.809017
    }, {
      "x" : 1.0,
      "y" : 0.309017,
      "z" : 0.19098301
    }, {
      "x" : 0.809017,
      "y" : 0.618034,
      "z" : 0.309017
    }, {
      "x" : 0.618034,
      "y" : 0.309017,
      "z" : 0.809017
    }, {
      "x" : 0.809017,
      "y" : 0.0,
      "z" : 0.690983
    }, {
      "x" : 0.19098301,
      "y" : -1.0,
      "z" : 0.309017
    }, {
      "x" : -0.19098301,
      "y" : -1.0,
      "z" : 0.309017
    }, {
      "x" : -0.19098301,
      "y" : -1.0,
      "z" : -0.309017
    }, {
      "x" : 0.19098301,
      "y" : -1.0,
      "z" : -0.309017
    }, {
      "x" : 1.0,
      "y" : -0.309017,
      "z" : -0.19098301
    }, {
      "x" : 0.809017,
      "y" : -0.618034,
      "z" : -0.309017
    }, {
      "x" : 0.618034,
      "y" : -0.309017,
      "z" : -0.809017
    }, {
      "x" : 0.809017,
      "y" : 0.0,
      "z" : -0.690983
    }, {
      "x" : 0.0,
      "y" : 0.690983,
      "z" : -0.809017
    }, {
      "x" : 0.309017,
      "y" : 0.809017,
      "z" : -0.618034
    }, {
      "x" : 0.618034,
      "y" : 0.309017,
      "z" : -0.809017
    }, {
      "x" : 0.309017,
      "y" : 0.19098301,
      "z" : -1.0
    }, {
      "x" : 1.0,
      "y" : 0.309017,
      "z" : -0.19098301
    }, {
      "x" : -0.309017,
      "y" : -0.809017,
      "z" : 0.618034
    }, {
      "x" : 0.0,
      "y" : -0.690983,
      "z" : 0.809017
    }, {
      "x" : 0.809017,
      "y" : 0.618034,
      "z" : -0.309017
    }, {
      "x" : 0.690983,
      "y" : 0.809017,
      "z" : 0.0
    }, {
      "x" : -0.690983,
      "y" : 0.809017,
      "z" : 0.0
    }, {
      "x" : -0.809017,
      "y" : 0.618034,
      "z" : 0.309017
    }, {
      "x" : -0.309017,
      "y" : 0.809017,
      "z" : 0.618034
    }, {
      "x" : -0.19098301,
      "y" : 1.0,
      "z" : 0.309017
    }, {
      "x" : 0.309017,
      "y" : -0.19098301,
      "z" : -1.0
    }, {
      "x" : 0.19098301,
      "y" : 1.0,
      "z" : 0.309017
    }, {
      "x" : 0.309017,
      "y" : 0.809017,
      "z" : 0.618034
    }, {
      "x" : -0.809017,
      "y" : -0.618034,
      "z" : 0.309017
    }, {
      "x" : -0.690983,
      "y" : -0.809017,
      "z" : 0.0
    }, {
      "x" : 0.0,
      "y" : 0.690983,
      "z" : 0.809017
    }, {
      "x" : 0.309017,
      "y" : -0.809017,
      "z" : -0.618034
    }, {
      "x" : 0.0,
      "y" : -0.690983,
      "z" : -0.809017
    }, {
      "x" : -1.0,
      "y" : 0.309017,
      "z" : 0.19098301
    }, {
      "x" : -0.809017,
      "y" : 0.0,
      "z" : 0.690983
    }, {
      "x" : -0.618034,
      "y" : 0.309017,
      "z" : 0.809017
    }, {
      "x" : 1.0,
      "y" : -0.309017,
      "z" : 0.19098301
    }, {
      "x" : -0.309017,
      "y" : -0.809017,
      "z" : -0.618034
    }, {
      "x" : -1.0,
      "y" : 0.309017,
      "z" : -0.19098301
    }, {
      "x" : -1.0,
      "y" : -0.309017,
      "z" : -0.19098301
    }, {
      "x" : -1.0,
      "y" : -0.309017,
      "z" : 0.19098301
    }, {
      "x" : 0.19098301,
      "y" : 1.0,
      "z" : -0.309017
    }, {
      "x" : -0.809017,
      "y" : 0.618034,
      "z" : -0.309017
    }, {
      "x" : -0.19098301,
      "y" : 1.0,
      "z" : -0.309017
    }, {
      "x" : -0.309017,
      "y" : 0.809017,
      "z" : -0.618034
    }, {
      "x" : -0.618034,
      "y" : -0.309017,
      "z" : 0.809017
    }, {
      "x" : 0.309017,
      "y" : 0.19098301,
      "z" : 1.0
    }, {
      "x" : -0.309017,
      "y" : 0.19098301,
      "z" : -1.0
    }, {
      "x" : -0.309017,
      "y" : 0.19098301,
      "z" : 1.0
    }, {
      "x" : -0.309017,
      "y" : -0.19098301,
      "z" : 1.0
    }, {
      "x" : 0.309017,
      "y" : -0.19098301,
      "z" : 1.0
    }, {
      "x" : 0.690983,
      "y" : -0.809017,
      "z" : 0.0
    }, {
      "x" : -0.809017,
      "y" : 0.0,
      "z" : -0.690983
    }, {
      "x" : -0.618034,
      "y" : -0.309017,
      "z" : -0.809017
    }, {
      "x" : -0.309017,
      "y" : -0.19098301,
      "z" : -1.0
    }, {
      "x" : -0.618034,
      "y" : 0.309017,
      "z" : -0.809017
    }, {
      "x" : -0.809017,
      "y" : -0.618034,
      "z" : -0.309017
    } ],
    "faces" : [ {
      "vertices" : [ 9, 40, 35, 34, 10 ]
    }, {
      "vertices" : [ 0, 1, 2 ]
    }, {
      "vertices" : [ 33, 51, 49 ]
    }, {
      "vertices" : [ 25, 36, 37, 38 ]
    }, {
      "vertices" : [ 41, 55, 42 ]
    }, {
      "vertices" : [ 9, 32, 59, 40 ]
    }, {
      "vertices" : [ 20, 21, 52, 48 ]
    }, {
      "vertices" : [ 26, 33, 30, 29, 27 ]
    }, {
      "vertices" : [ 3, 4, 5, 6 ]
    }, {
      "vertices" : [ 27, 29, 44, 46 ]
    }, {
      "vertices" : [ 50, 57, 56, 55, 58 ]
    }, {
      "vertices" : [ 26, 38, 51, 33 ]
    }, {
      "vertices" : [ 45, 47, 58 ]
    }, {
      "vertices" : [ 18, 28, 57, 50 ]
    }, {
      "vertices" : [ 40, 59, 56 ]
    }, {
      "vertices" : [ 31, 48, 37, 43 ]
    }, {
      "vertices" : [ 7, 8, 9, 10 ]
    }, {
      "vertices" : [ 36, 41, 42, 43 ]
    }, {
      "vertices" : [ 24, 46, 47, 45 ]
    }, {
      "vertices" : [ 4, 30, 5 ]
    }, {
      "vertices" : [ 15, 47, 46, 44, 16 ]
    }, {
      "vertices" : [ 15, 50, 58, 47 ]
    }, {
      "vertices" : [ 24, 45, 41, 36, 25 ]
    }, {
      "vertices" : [ 11, 14, 19 ]
    }, {
      "vertices" : [ 3, 6, 39 ]
    }, {
      "vertices" : [ 1, 39, 6, 2 ]
    }, {
      "vertices" : [ 8, 32, 9 ]
    }, {
      "vertices" : [ 11, 12, 13, 14 ]
    }, {
      "vertices" : [ 16, 22, 17 ]
    }, {
      "vertices" : [ 0, 21, 20, 8, 7 ]
    }, {
      "vertices" : [ 12, 34, 13 ]
    }, {
      "vertices" : [ 35, 40, 56, 57 ]
    }, {
      "vertices" : [ 0, 7, 54, 1 ]
    }, {
      "vertices" : [ 15, 16, 17, 18 ]
    }, {
      "vertices" : [ 3, 19, 22, 23, 4 ]
    }, {
      "vertices" : [ 7, 10, 54 ]
    }, {
      "vertices" : [ 41, 45, 58, 55 ]
    }, {
      "vertices" : [ 3, 39, 11, 19 ]
    }, {
      "vertices" : [ 14, 17, 22, 19 ]
    }, {
      "vertices" : [ 0, 2, 53, 21 ]
    }, {
      "vertices" : [ 49, 51, 52, 53 ]
    }, {
      "vertices" : [ 31, 43, 42, 59, 32 ]
    }, {
      "vertices" : [ 15, 18, 50 ]
    }, {
      "vertices" : [ 42, 55, 56, 59 ]
    }, {
      "vertices" : [ 4, 23, 29, 30 ]
    }, {
      "vertices" : [ 25, 38, 26 ]
    }, {
      "vertices" : [ 13, 28, 18, 17, 14 ]
    }, {
      "vertices" : [ 8, 20, 31, 32 ]
    }, {
      "vertices" : [ 23, 44, 29 ]
    }, {
      "vertices" : [ 24, 27, 46 ]
    }, {
      "vertices" : [ 37, 48, 52, 51, 38 ]
    }, {
      "vertices" : [ 20, 48, 31 ]
    }, {
      "vertices" : [ 24, 25, 26, 27 ]
    }, {
      "vertices" : [ 16, 44, 23, 22 ]
    }, {
      "vertices" : [ 13, 34, 35, 28 ]
    }, {
      "vertices" : [ 10, 34, 12, 54 ]
    }, {
      "vertices" : [ 2, 6, 5, 49, 53 ]
    }, {
      "vertices" : [ 36, 43, 37 ]
    }, {
      "vertices" : [ 5, 30, 33, 49 ]
    }, {
      "vertices" : [ 1, 54, 12, 11, 39 ]
    }, {
      "vertices" : [ 28, 35, 57 ]
    }, {
      "vertices" : [ 21, 53, 52 ]
    } ]
  }, {
    "id" : "b131c567-aa3e-49e0-8cdf-ad7f335044d4",
    "orbit" : "blue",
    "orbitC" : "[[0,0,1],[0,0,1]]",
    "length" : "[1,0,1]",
    "name" : "b1",
    "vertices" : [ {
      "x" : 7.472136,
      "y" : 0.309017,
      "z" : 0.19098301
    }, {
      "x" : 7.472136,
      "y" : 0.309017,
      "z" : -0.19098301
    }, {
      "x" : 1.0,
      "y" : 0.309017,
      "z" : -0.19098301
    }, {
      "x" : 1.0,
      "y" : 0.309017,
      "z" : 0.19098301
    }, {
      "x" : 7.472136,
      "y" : -0.309017,
      "z" : 0.19098301
    }, {
      "x" : 1.0,
      "y" : -0.309017,
      "z" : 0.19098301
    }, {
      "x" : 1.0,
      "y" : -0.309017,
      "z" : -0.19098301
    }, {
      "x" : 7.472136,
      "y" : -0.309017,
      "z" : -0.19098301
    }, {
      "x" : 8.472136,
      "y" : 0.0,
      "z" : 0.0
    } ],
    "faces" : [ {
      "vertices" : [ 1, 7, 6, 2 ]
    }, {
      "vertices" : [ 0, 1, 2, 3 ]
    }, {
      "vertices" : [ 4, 5, 6, 7 ]
    }, {
      "vertices" : [ 0, 3, 5, 4 ]
    } ]
  }, {
    "id" : "73249b0c-fc80-4734-851d-0b08b274a399",
    "vertices" : [ {
      "x" : 0.0,
      "y" : 0.0,
      "z" : 0.0
    }, {
      "x" : 0.0,
      "y" : 8.472136,
      "z" : 0.0
    }, {
      "x" : 2.618034,
      "y" : 4.236068,
      "z" : 6.854102
    } ],
    "faces" : [ {
      "vertices" : [ 0, 1, 2 ]
    }, {
      "vertices" : [ 0, 2, 1 ]
    } ]
  }, {
    "id" : "cc7d655f-0eba-42c3-b103-e65efeccb038",
    "vertices" : [ {
      "x" : 0.0,
      "y" : 0.0,
      "z" : 0.0
    }, {
      "x" : 0.0,
      "y" : -8.472136,
      "z" : 0.0
    }, {
      "x" : 0.0,
      "y" : -8.472136,
      "z" : -8.472136
    }, {
      "x" : 0.0,
      "y" : 0.0,
      "z" : -8.472136
    } ],
    "faces" : [ {
      "vertices" : [ 0, 1, 2, 3 ]
    }, {
      "vertices" : [ 0, 3, 2, 1 ]
    } ]
  }, {
    "id" : "876d2000-57fb-4e06-9799-0a9f1b60be43",
    "vertices" : [ {
      "x" : 0.0,
      "y" : 0.0,
      "z" : 0.0
    }, {
      "x" : -2.618034,
      "y" : -4.236068,
      "z" : -6.854102
    }, {
      "x" : -2.618034,
      "y" : 4.236068,
      "z" : -6.854102
    } ],
    "faces" : [ {
      "vertices" : [ 0, 1, 2 ]
    }, {
      "vertices" : [ 0, 2, 1 ]
    } ]
  }, {
    "id" : "a198662c-fa1b-4f8f-b60e-5ef15d4e523a",
    "vertices" : [ {
      "x" : 0.0,
      "y" : 0.0,
      "z" : 0.0
    }, {
      "x" : 2.618034,
      "y" : -4.236068,
      "z" : 6.854102
    }, {
      "x" : 0.0,
      "y" : -8.472136,
      "z" : 0.0
    } ],
    "faces" : [ {
      "vertices" : [ 0, 1, 2 ]
    }, {
      "vertices" : [ 0, 2, 1 ]
    } ]
  }, {
    "id" : "ada5979c-1062-44ee-8a9d-938e2e8abff5",
    "vertices" : [ {
      "x" : 0.0,
      "y" : 0.0,
      "z" : 0.0
    }, {
      "x" : 0.0,
      "y" : 8.472136,
      "z" : 0.0
    }, {
      "x" : 0.0,
      "y" : 8.472136,
      "z" : 8.472136
    }, {
      "x" : 0.0,
      "y" : 0.0,
      "z" : 8.472136
    } ],
    "faces" : [ {
      "vertices" : [ 0, 1, 2, 3 ]
    }, {
      "vertices" : [ 0, 3, 2, 1 ]
    } ]
  }, {
    "id" : "de5c91e2-e9af-46c6-815e-54de1f20dd7a",
    "vertices" : [ {
      "x" : 0.0,
      "y" : 0.0,
      "z" : 0.0
    }, {
      "x" : 0.0,
      "y" : -8.472136,
      "z" : 0.0
    }, {
      "x" : -2.618034,
      "y" : -4.236068,
      "z" : -6.854102
    } ],
    "faces" : [ {
      "vertices" : [ 0, 1, 2 ]
    }, {
      "vertices" : [ 0, 2, 1 ]
    } ]
  }, {
    "id" : "72ebff7c-b335-4279-b1db-231b83461813",
    "vertices" : [ {
      "x" : 0.0,
      "y" : 0.0,
      "z" : 0.0
    }, {
      "x" : 2.618034,
      "y" : 4.236068,
      "z" : 6.854102
    }, {
      "x" : 2.618034,
      "y" : -4.236068,
      "z" : 6.854102
    } ],
    "faces" : [ {
      "vertices" : [ 0, 1, 2 ]
    }, {
      "vertices" : [ 0, 2, 1 ]
    } ]
  } ],
  "instances" : [ {
    "shape" : "56d8a2da-22c5-4b03-9d63-67197a74ea53",
    "color" : "#F2F2F2",
    "position" : {
      "x" : 13.708204,
      "y" : -17.944271,
      "z" : 11.09017
    }
  }, {
    "shape" : "b131c567-aa3e-49e0-8cdf-ad7f335044d4",
    "color" : "#008EC2",
    "position" : {
      "x" : -11.09017,
      "y" : -22.18034,
      "z" : -4.236068
    },
    "orientation" : 8
  }, {
    "shape" : "73249b0c-fc80-4734-851d-0b08b274a399",
    "color" : "#FF0000",
    "position" : {
      "x" : -6.854102,
      "y" : -6.854102,
      "z" : 6.854102
    },
    "orientation" : 1
  }, {
    "shape" : "cc7d655f-0eba-42c3-b103-e65efeccb038",
    "color" : "#FF0000",
    "position" : {
      "x" : 17.944271,
      "y" : -2.618034,
      "z" : 0.0
    },
    "orientation" : 54
  }, {
    "shape" : "b131c567-aa3e-49e0-8cdf-ad7f335044d4",
    "color" : "#008EC2",
    "position" : {
      "x" : -4.236068,
      "y" : -11.09017,
      "z" : -22.18034
    },
    "orientation" : 2
  }, {
    "shape" : "b131c567-aa3e-49e0-8cdf-ad7f335044d4",
    "color" : "#008EC2",
    "position" : {
      "x" : -11.09017,
      "y" : 0.0,
      "z" : -4.236068
    },
    "orientation" : 41
  }, {
    "shape" : "b131c567-aa3e-49e0-8cdf-ad7f335044d4",
    "color" : "#008EC2",
    "position" : {
      "x" : 6.854102,
      "y" : 15.326238,
      "z" : 6.854102
    },
    "orientation" : 11
  }, {
    "shape" : "73249b0c-fc80-4734-851d-0b08b274a399",
    "color" : "#FF0000",
    "position" : {
      "x" : -4.236068,
      "y" : 11.09017,
      "z" : 0.0
    },
    "orientation" : 8
  }, {
    "shape" : "b131c567-aa3e-49e0-8cdf-ad7f335044d4",
    "color" : "#008EC2",
    "position" : {
      "x" : -17.944271,
      "y" : 11.09017,
      "z" : 13.708204
    },
    "orientation" : 36
  }, {
    "shape" : "b131c567-aa3e-49e0-8cdf-ad7f335044d4",
    "color" : "#008EC2",
    "position" : {
      "x" : -13.708204,
      "y" : 4.236068,
      "z" : 11.09017
    },
    "orientation" : 16
  }, {
    "shape" : "b131c567-aa3e-49e0-8cdf-ad7f335044d4",
    "color" : "#008EC2",
    "position" : {
      "x" : 4.236068,
      "y" : -11.09017,
      "z" : -13.708204
    },
    "orientation" : 37
  }, {
    "shape" : "b131c567-aa3e-49e0-8cdf-ad7f335044d4",
    "color" : "#008EC2",
    "position" : {
      "x" : 2.618034,
      "y" : 0.0,
      "z" : 17.944271
    },
    "orientation" : 7
  }, {
    "shape" : "876d2000-57fb-4e06-9799-0a9f1b60be43",
    "color" : "#FF0000",
    "position" : {
      "x" : -11.09017,
      "y" : 0.0,
      "z" : 4.236068
    },
    "orientation" : 17
  }, {
    "shape" : "56d8a2da-22c5-4b03-9d63-67197a74ea53",
    "color" : "#F2F2F2",
    "position" : {
      "x" : 11.09017,
      "y" : -13.708204,
      "z" : 17.944271
    }
  }, {
    "shape" : "b131c567-aa3e-49e0-8cdf-ad7f335044d4",
    "color" : "#008EC2",
    "position" : {
      "x" : 4.236068,
      "y" : 11.09017,
      "z" : 13.708204
    },
    "orientation" : 36
  }, {
    "shape" : "b131c567-aa3e-49e0-8cdf-ad7f335044d4",
    "color" : "#008EC2",
    "position" : {
      "x" : -13.708204,
      "y" : -4.236068,
      "z" : 11.09017
    },
    "orientation" : 52
  }, {
    "shape" : "73249b0c-fc80-4734-851d-0b08b274a399",
    "color" : "#FF0000",
    "position" : {
      "x" : -6.854102,
      "y" : 6.854102,
      "z" : -6.854102
    },
    "orientation" : 0
  }, {
    "shape" : "b131c567-aa3e-49e0-8cdf-ad7f335044d4",
    "color" : "#008EC2",
    "position" : {
      "x" : -11.09017,
      "y" : 0.0,
      "z" : -4.236068
    },
    "orientation" : 6
  }, {
    "shape" : "a198662c-fa1b-4f8f-b60e-5ef15d4e523a",
    "color" : "#FF0000",
    "position" : {
      "x" : -6.854102,
      "y" : -6.854102,
      "z" : -6.854102
    },
    "orientation" : 6
  }, {
    "shape" : "876d2000-57fb-4e06-9799-0a9f1b60be43",
    "color" : "#FF0000",
    "position" : {
      "x" : 4.236068,
      "y" : -11.09017,
      "z" : 0.0
    },
    "orientation" : 4
  }, {
    "shape" : "b131c567-aa3e-49e0-8cdf-ad7f335044d4",
    "color" : "#008EC2",
    "position" : {
      "x" : 17.944271,
      "y" : 11.09017,
      "z" : -13.708204
    },
    "orientation" : 56
  }, {
    "shape" : "ada5979c-1062-44ee-8a9d-938e2e8abff5",
    "color" : "#FF0000",
    "position" : {
      "x" : 15.326238,
      "y" : 6.854102,
      "z" : 6.854102
    },
    "orientation" : 41
  }, {
    "shape" : "b131c567-aa3e-49e0-8cdf-ad7f335044d4",
    "color" : "#008EC2",
    "position" : {
      "x" : 0.0,
      "y" : -4.236068,
      "z" : -24.798374
    },
    "orientation" : 1
  }, {
    "shape" : "b131c567-aa3e-49e0-8cdf-ad7f335044d4",
    "color" : "#008EC2",
    "position" : {
      "x" : -4.236068,
      "y" : 11.09017,
      "z" : -22.18034
    },
    "orientation" : 0
  }, {
    "shape" : "a198662c-fa1b-4f8f-b60e-5ef15d4e523a",
    "color" : "#FF0000",
    "position" : {
      "x" : 0.0,
      "y" : 4.236068,
      "z" : 11.09017
    },
    "orientation" : 19
  }, {
    "shape" : "a198662c-fa1b-4f8f-b60e-5ef15d4e523a",
    "color" : "#FF0000",
    "position" : {
      "x" : 6.854102,
      "y" : -6.854102,
      "z" : 6.854102
    },
    "orientation" : 19
  }, {
    "shape" : "73249b0c-fc80-4734-851d-0b08b274a399",
    "color" : "#FF0000",
    "position" : {
      "x" : 13.708204,
      "y" : -17.944271,
      "z" : -11.09017
    },
    "orientation" : 8
  }, {
    "shape" : "56d8a2da-22c5-4b03-9d63-67197a74ea53",
    "color" : "#F2F2F2",
    "position" : {
      "x" : -6.854102,
      "y" : -6.854102,
      "z" : -6.854102
    }
  }, {
    "shape" : "876d2000-57fb-4e06-9799-0a9f1b60be43",
    "color" : "#FF0000",
    "position" : {
      "x" : 6.854102,
      "y" : -6.854102,
      "z" : -6.854102
    },
    "orientation" : 7
  }, {
    "shape" : "56d8a2da-22c5-4b03-9d63-67197a74ea53",
    "color" : "#F2F2F2",
    "position" : {
      "x" : -22.18034,
      "y" : -4.236068,
      "z" : 11.09017
    }
  }, {
    "shape" : "b131c567-aa3e-49e0-8cdf-ad7f335044d4",
    "color" : "#008EC2",
    "position" : {
      "x" : 4.236068,
      "y" : -11.09017,
      "z" : -13.708204
    },
    "orientation" : 47
  }, {
    "shape" : "56d8a2da-22c5-4b03-9d63-67197a74ea53",
    "color" : "#F2F2F2",
    "position" : {
      "x" : 0.0,
      "y" : 4.236068,
      "z" : -11.09017
    }
  }, {
    "shape" : "56d8a2da-22c5-4b03-9d63-67197a74ea53",
    "color" : "#F2F2F2",
    "position" : {
      "x" : 4.236068,
      "y" : 11.09017,
      "z" : 22.18034
    }
  }, {
    "shape" : "876d2000-57fb-4e06-9799-0a9f1b60be43",
    "color" : "#FF0000",
    "position" : {
      "x" : -6.854102,
      "y" : -6.854102,
      "z" : -6.854102
    },
    "orientation" : 3
  }, {
    "shape" : "876d2000-57fb-4e06-9799-0a9f1b60be43",
    "color" : "#FF0000",
    "position" : {
      "x" : -4.236068,
      "y" : -11.09017,
      "z" : 0.0
    },
    "orientation" : 7
  }, {
    "shape" : "b131c567-aa3e-49e0-8cdf-ad7f335044d4",
    "color" : "#008EC2",
    "position" : {
      "x" : 4.236068,
      "y" : 11.09017,
      "z" : -22.18034
    },
    "orientation" : 2
  }, {
    "shape" : "b131c567-aa3e-49e0-8cdf-ad7f335044d4",
    "color" : "#008EC2",
    "position" : {
      "x" : 17.944271,
      "y" : -11.09017,
      "z" : -13.708204
    },
    "orientation" : 39
  }, {
    "shape" : "b131c567-aa3e-49e0-8cdf-ad7f335044d4",
    "color" : "#008EC2",
    "position" : {
      "x" : 13.708204,
      "y" : -4.236068,
      "z" : -11.09017
    },
    "orientation" : 7
  }, {
    "shape" : "b131c567-aa3e-49e0-8cdf-ad7f335044d4",
    "color" : "#008EC2",
    "position" : {
      "x" : -22.18034,
      "y" : -4.236068,
      "z" : -11.09017
    },
    "orientation" : 0
  }, {
    "shape" : "b131c567-aa3e-49e0-8cdf-ad7f335044d4",
    "color" : "#008EC2",
    "position" : {
      "x" : 17.944271,
      "y" : -11.09017,
      "z" : -13.708204
    },
    "orientation" : 51
  }, {
    "shape" : "56d8a2da-22c5-4b03-9d63-67197a74ea53",
    "color" : "#F2F2F2",
    "position" : {
      "x" : -6.854102,
      "y" : -15.326238,
      "z" : 6.854102
    }
  }, {
    "shape" : "b131c567-aa3e-49e0-8cdf-ad7f335044d4",
    "color" : "#008EC2",
    "position" : {
      "x" : -6.854102,
      "y" : 6.854102,
      "z" : -15.326238
    },
    "orientation" : 54
  }, {
    "shape" : "b131c567-aa3e-49e0-8cdf-ad7f335044d4",
    "color" : "#008EC2",
    "position" : {
      "x" : -6.854102,
      "y" : -6.854102,
      "z" : -15.326238
    },
    "orientation" : 38
  }, {
    "shape" : "b131c567-aa3e-49e0-8cdf-ad7f335044d4",
    "color" : "#008EC2",
    "position" : {
      "x" : 13.708204,
      "y" : -4.236068,
      "z" : -11.09017
    },
    "orientation" : 53
  }, {
    "shape" : "b131c567-aa3e-49e0-8cdf-ad7f335044d4",
    "color" : "#008EC2",
    "position" : {
      "x" : 0.0,
      "y" : -17.944271,
      "z" : 2.618034
    },
    "orientation" : 11
  }, {
    "shape" : "a198662c-fa1b-4f8f-b60e-5ef15d4e523a",
    "color" : "#FF0000",
    "position" : {
      "x" : 11.09017,
      "y" : -13.708204,
      "z" : 17.944271
    },
    "orientation" : 9
  }, {
    "shape" : "b131c567-aa3e-49e0-8cdf-ad7f335044d4",
    "color" : "#008EC2",
    "position" : {
      "x" : 13.708204,
      "y" : -4.236068,
      "z" : 11.09017
    },
    "orientation" : 1
  }, {
    "shape" : "a198662c-fa1b-4f8f-b60e-5ef15d4e523a",
    "color" : "#FF0000",
    "position" : {
      "x" : 4.236068,
      "y" : -24.798374,
      "z" : 0.0
    },
    "orientation" : 2
  }, {
    "shape" : "b131c567-aa3e-49e0-8cdf-ad7f335044d4",
    "color" : "#008EC2",
    "position" : {
      "x" : 22.18034,
      "y" : -4.236068,
      "z" : 11.09017
    },
    "orientation" : 39
  }, {
    "shape" : "cc7d655f-0eba-42c3-b103-e65efeccb038",
    "color" : "#FF0000",
    "position" : {
      "x" : -17.944271,
      "y" : 2.618034,
      "z" : 0.0
    },
    "orientation" : 24
  }, {
    "shape" : "b131c567-aa3e-49e0-8cdf-ad7f335044d4",
    "color" : "#008EC2",
    "position" : {
      "x" : -13.708204,
      "y" : -4.236068,
      "z" : -11.09017
    },
    "orientation" : 8
  }, {
    "shape" : "56d8a2da-22c5-4b03-9d63-67197a74ea53",
    "color" : "#F2F2F2",
    "position" : {
      "x" : 13.708204,
      "y" : -17.944271,
      "z" : -11.09017
    }
  }, {
    "shape" : "b131c567-aa3e-49e0-8cdf-ad7f335044d4",
    "color" : "#008EC2",
    "position" : {
      "x" : -6.854102,
      "y" : -6.854102,
      "z" : 6.854102
    },
    "orientation" : 38
  }, {
    "shape" : "b131c567-aa3e-49e0-8cdf-ad7f335044d4",
    "color" : "#008EC2",
    "position" : {
      "x" : 4.236068,
      "y" : 11.09017,
      "z" : 0.0
    },
    "orientation" : 25
  }, {
    "shape" : "b131c567-aa3e-49e0-8cdf-ad7f335044d4",
    "color" : "#008EC2",
    "position" : {
      "x" : -6.854102,
      "y" : -6.854102,
      "z" : -6.854102
    },
    "orientation" : 16
  }, {
    "shape" : "b131c567-aa3e-49e0-8cdf-ad7f335044d4",
    "color" : "#008EC2",
    "position" : {
      "x" : -6.854102,
      "y" : -6.854102,
      "z" : 15.326238
    },
    "orientation" : 47
  }, {
    "shape" : "ada5979c-1062-44ee-8a9d-938e2e8abff5",
    "color" : "#FF0000",
    "position" : {
      "x" : -6.854102,
      "y" : -15.326238,
      "z" : 6.854102
    },
    "orientation" : 54
  }, {
    "shape" : "73249b0c-fc80-4734-851d-0b08b274a399",
    "color" : "#FF0000",
    "position" : {
      "x" : 6.854102,
      "y" : 6.854102,
      "z" : -6.854102
    },
    "orientation" : 19
  }, {
    "shape" : "b131c567-aa3e-49e0-8cdf-ad7f335044d4",
    "color" : "#008EC2",
    "position" : {
      "x" : 15.326238,
      "y" : -6.854102,
      "z" : 6.854102
    },
    "orientation" : 54
  }, {
    "shape" : "b131c567-aa3e-49e0-8cdf-ad7f335044d4",
    "color" : "#008EC2",
    "position" : {
      "x" : -11.09017,
      "y" : 0.0,
      "z" : 4.236068
    },
    "orientation" : 7
  }, {
    "shape" : "b131c567-aa3e-49e0-8cdf-ad7f335044d4",
    "color" : "#008EC2",
    "position" : {
      "x" : -6.854102,
      "y" : -15.326238,
      "z" : -6.854102
    },
    "orientation" : 52
  }, {
    "shape" : "b131c567-aa3e-49e0-8cdf-ad7f335044d4",
    "color" : "#008EC2",
    "position" : {
      "x" : 4.236068,
      "y" : -11.09017,
      "z" : 0.0
    },
    "orientation" : 25
  }, {
    "shape" : "b131c567-aa3e-49e0-8cdf-ad7f335044d4",
    "color" : "#008EC2",
    "position" : {
      "x" : 4.236068,
      "y" : 11.09017,
      "z" : 13.708204
    },
    "orientation" : 52
  }, {
    "shape" : "b131c567-aa3e-49e0-8cdf-ad7f335044d4",
    "color" : "#008EC2",
    "position" : {
      "x" : -15.326238,
      "y" : -6.854102,
      "z" : -6.854102
    },
    "orientation" : 21
  }, {
    "shape" : "b131c567-aa3e-49e0-8cdf-ad7f335044d4",
    "color" : "#008EC2",
    "position" : {
      "x" : 6.854102,
      "y" : 15.326238,
      "z" : 6.854102
    },
    "orientation" : 56
  }, {
    "shape" : "73249b0c-fc80-4734-851d-0b08b274a399",
    "color" : "#FF0000",
    "position" : {
      "x" : 6.854102,
      "y" : -6.854102,
      "z" : -6.854102
    },
    "orientation" : 30
  }, {
    "shape" : "56d8a2da-22c5-4b03-9d63-67197a74ea53",
    "color" : "#F2F2F2",
    "position" : {
      "x" : 2.618034,
      "y" : 0.0,
      "z" : 17.944271
    }
  }, {
    "shape" : "b131c567-aa3e-49e0-8cdf-ad7f335044d4",
    "color" : "#008EC2",
    "position" : {
      "x" : -13.708204,
      "y" : 4.236068,
      "z" : -11.09017
    },
    "orientation" : 45
  }, {
    "shape" : "b131c567-aa3e-49e0-8cdf-ad7f335044d4",
    "color" : "#008EC2",
    "position" : {
      "x" : 4.236068,
      "y" : -11.09017,
      "z" : -22.18034
    },
    "orientation" : 10
  }, {
    "shape" : "876d2000-57fb-4e06-9799-0a9f1b60be43",
    "color" : "#FF0000",
    "position" : {
      "x" : -6.854102,
      "y" : 6.854102,
      "z" : -6.854102
    },
    "orientation" : 21
  }, {
    "shape" : "b131c567-aa3e-49e0-8cdf-ad7f335044d4",
    "color" : "#008EC2",
    "position" : {
      "x" : -11.09017,
      "y" : -22.18034,
      "z" : -4.236068
    },
    "orientation" : 1
  }, {
    "shape" : "ada5979c-1062-44ee-8a9d-938e2e8abff5",
    "color" : "#FF0000",
    "position" : {
      "x" : -11.09017,
      "y" : 13.708204,
      "z" : -4.236068
    },
    "orientation" : 0
  }, {
    "shape" : "b131c567-aa3e-49e0-8cdf-ad7f335044d4",
    "color" : "#008EC2",
    "position" : {
      "x" : 4.236068,
      "y" : 11.09017,
      "z" : 0.0
    },
    "orientation" : 23
  }, {
    "shape" : "73249b0c-fc80-4734-851d-0b08b274a399",
    "color" : "#FF0000",
    "position" : {
      "x" : 6.854102,
      "y" : -6.854102,
      "z" : 6.854102
    },
    "orientation" : 1
  }, {
    "shape" : "b131c567-aa3e-49e0-8cdf-ad7f335044d4",
    "color" : "#008EC2",
    "position" : {
      "x" : -6.854102,
      "y" : 15.326238,
      "z" : -6.854102
    },
    "orientation" : 11
  }, {
    "shape" : "b131c567-aa3e-49e0-8cdf-ad7f335044d4",
    "color" : "#008EC2",
    "position" : {
      "x" : -22.18034,
      "y" : -4.236068,
      "z" : 11.09017
    },
    "orientation" : 26
  }, {
    "shape" : "a198662c-fa1b-4f8f-b60e-5ef15d4e523a",
    "color" : "#FF0000",
    "position" : {
      "x" : -4.236068,
      "y" : -11.09017,
      "z" : -22.18034
    },
    "orientation" : 21
  }, {
    "shape" : "b131c567-aa3e-49e0-8cdf-ad7f335044d4",
    "color" : "#008EC2",
    "position" : {
      "x" : 22.18034,
      "y" : -4.236068,
      "z" : -11.09017
    },
    "orientation" : 36
  }, {
    "shape" : "56d8a2da-22c5-4b03-9d63-67197a74ea53",
    "color" : "#F2F2F2",
    "position" : {
      "x" : 6.854102,
      "y" : 15.326238,
      "z" : 6.854102
    }
  }, {
    "shape" : "b131c567-aa3e-49e0-8cdf-ad7f335044d4",
    "color" : "#008EC2",
    "position" : {
      "x" : 11.09017,
      "y" : -13.708204,
      "z" : -4.236068
    },
    "orientation" : 6
  }, {
    "shape" : "56d8a2da-22c5-4b03-9d63-67197a74ea53",
    "color" : "#F2F2F2",
    "position" : {
      "x" : -22.18034,
      "y" : 4.236068,
      "z" : -11.09017
    }
  }, {
    "shape" : "b131c567-aa3e-49e0-8cdf-ad7f335044d4",
    "color" : "#008EC2",
    "position" : {
      "x" : 0.0,
      "y" : -17.944271,
      "z" : 2.618034
    },
    "orientation" : 36
  }, {
    "shape" : "b131c567-aa3e-49e0-8cdf-ad7f335044d4",
    "color" : "#008EC2",
    "position" : {
      "x" : -6.854102,
      "y" : 6.854102,
      "z" : 6.854102
    },
    "orientation" : 45
  }, {
    "shape" : "b131c567-aa3e-49e0-8cdf-ad7f335044d4",
    "color" : "#008EC2",
    "position" : {
      "x" : 2.618034,
      "y" : 0.0,
      "z" : -17.944271
    },
    "orientation" : 9
  }, {
    "shape" : "56d8a2da-22c5-4b03-9d63-67197a74ea53",
    "color" : "#F2F2F2",
    "position" : {
      "x" : 2.618034,
      "y" : 0.0,
      "z" : -17.944271
    }
  }, {
    "shape" : "56d8a2da-22c5-4b03-9d63-67197a74ea53",
    "color" : "#F2F2F2",
    "position" : {
      "x" : -4.236068,
      "y" : -11.09017,
      "z" : -22.18034
    }
  }, {
    "shape" : "b131c567-aa3e-49e0-8cdf-ad7f335044d4",
    "color" : "#008EC2",
    "position" : {
      "x" : -11.09017,
      "y" : 22.18034,
      "z" : 4.236068
    },
    "orientation" : 16
  }, {
    "shape" : "b131c567-aa3e-49e0-8cdf-ad7f335044d4",
    "color" : "#008EC2",
    "position" : {
      "x" : -13.708204,
      "y" : 4.236068,
      "z" : 11.09017
    },
    "orientation" : 51
  }, {
    "shape" : "b131c567-aa3e-49e0-8cdf-ad7f335044d4",
    "color" : "#008EC2",
    "position" : {
      "x" : -4.236068,
      "y" : -11.09017,
      "z" : 0.0
    },
    "orientation" : 7
  }, {
    "shape" : "b131c567-aa3e-49e0-8cdf-ad7f335044d4",
    "color" : "#008EC2",
    "position" : {
      "x" : -11.09017,
      "y" : -13.708204,
      "z" : 4.236068
    },
    "orientation" : 16
  }, {
    "shape" : "b131c567-aa3e-49e0-8cdf-ad7f335044d4",
    "color" : "#008EC2",
    "position" : {
      "x" : 17.944271,
      "y" : 2.618034,
      "z" : 0.0
    },
    "orientation" : 41
  }, {
    "shape" : "876d2000-57fb-4e06-9799-0a9f1b60be43",
    "color" : "#FF0000",
    "position" : {
      "x" : 17.944271,
      "y" : -11.09017,
      "z" : 13.708204
    },
    "orientation" : 24
  }, {
    "shape" : "73249b0c-fc80-4734-851d-0b08b274a399",
    "color" : "#FF0000",
    "position" : {
      "x" : 11.09017,
      "y" : 0.0,
      "z" : 4.236068
    },
    "orientation" : 22
  }, {
    "shape" : "b131c567-aa3e-49e0-8cdf-ad7f335044d4",
    "color" : "#008EC2",
    "position" : {
      "x" : 6.854102,
      "y" : -6.854102,
      "z" : -6.854102
    },
    "orientation" : 9
  }, {
    "shape" : "ada5979c-1062-44ee-8a9d-938e2e8abff5",
    "color" : "#FF0000",
    "position" : {
      "x" : -6.854102,
      "y" : 15.326238,
      "z" : -6.854102
    },
    "orientation" : 39
  }, {
    "shape" : "de5c91e2-e9af-46c6-815e-54de1f20dd7a",
    "color" : "#FF0000",
    "position" : {
      "x" : 17.944271,
      "y" : 11.09017,
      "z" : 13.708204
    },
    "orientation" : 19
  }, {
    "shape" : "56d8a2da-22c5-4b03-9d63-67197a74ea53",
    "color" : "#F2F2F2",
    "position" : {
      "x" : -11.09017,
      "y" : 22.18034,
