{
  "polygons" : "true",
  "field" : "golden",
  "symmetry" : "icosahedral",
  "orientations" : [ [ 1.0, 0.0, 0.0, 0.0, 0.0, 1.0, 0.0, 0.0, 0.0, 0.0, 1.0, 0.0, 0.0, 0.0, 0.0, 1.0 ], [ 0.0, 0.0, 1.0, 0.0, 1.0, 0.0, 0.0, 0.0, 0.0, 1.0, 0.0, 0.0, 0.0, 0.0, 0.0, 1.0 ], [ 0.0, 1.0, 0.0, 0.0, 0.0, 0.0, 1.0, 0.0, 1.0, 0.0, 0.0, 0.0, 0.0, 0.0, 0.0, 1.0 ], [ 0.809017, 0.309017, 0.5, 0.0, 0.309017, 0.5, -0.809017, 0.0, -0.5, 0.809017, 0.309017, 0.0, 0.0, 0.0, 0.0, 1.0 ], [ -0.5, 0.809017, 0.309017, 0.0, 0.809017, 0.309017, 0.5, 0.0, 0.309017, 0.5, -0.809017, 0.0, 0.0, 0.0, 0.0, 1.0 ], [ 0.309017, 0.5, -0.809017, 0.0, -0.5, 0.809017, 0.309017, 0.0, 0.809017, 0.309017, 0.5, 0.0, 0.0, 0.0, 0.0, 1.0 ], [ 0.5, 0.809017, 0.309017, 0.0, 0.809017, -0.309017, -0.5, 0.0, -0.309017, 0.5, -0.809017, 0.0, 0.0, 0.0, 0.0, 1.0 ], [ -0.309017, 0.5, -0.809017, 0.0, 0.5, 0.809017, 0.309017, 0.0, 0.809017, -0.309017, -0.5, 0.0, 0.0, 0.0, 0.0, 1.0 ], [ 0.809017, -0.309017, -0.5, 0.0, -0.309017, 0.5, -0.809017, 0.0, 0.5, 0.809017, 0.309017, 0.0, 0.0, 0.0, 0.0, 1.0 ], [ 0.5, 0.809017, -0.309017, 0.0, 0.809017, -0.309017, 0.5, 0.0, 0.309017, -0.5, -0.809017, 0.0, 0.0, 0.0, 0.0, 1.0 ], [ 0.309017, -0.5, -0.809017, 0.0, 0.5, 0.809017, -0.309017, 0.0, 0.809017, -0.309017, 0.5, 0.0, 0.0, 0.0, 0.0, 1.0 ], [ 0.809017, -0.309017, 0.5, 0.0, 0.309017, -0.5, -0.809017, 0.0, 0.5, 0.809017, -0.309017, 0.0, 0.0, 0.0, 0.0, 1.0 ], [ 0.809017, 0.309017, -0.5, 0.0, 0.309017, 0.5, 0.809017, 0.0, 0.5, -0.809017, 0.309017, 0.0, 0.0, 0.0, 0.0, 1.0 ], [ 0.5, -0.809017, 0.309017, 0.0, 0.809017, 0.309017, -0.5, 0.0, 0.309017, 0.5, 0.809017, 0.0, 0.0, 0.0, 0.0, 1.0 ], [ 0.309017, 0.5, 0.809017, 0.0, 0.5, -0.809017, 0.309017, 0.0, 0.809017, 0.309017, -0.5, 0.0, 0.0, 0.0, 0.0, 1.0 ], [ 1.0, 0.0, 0.0, 0.0, 0.0, -1.0, 0.0, 0.0, 0.0, 0.0, -1.0, 0.0, 0.0, 0.0, 0.0, 1.0 ], [ 0.0, 0.0, 1.0, 0.0, -1.0, 0.0, 0.0, 0.0, 0.0, -1.0, 0.0, 0.0, 0.0, 0.0, 0.0, 1.0 ], [ 0.0, 1.0, 0.0, 0.0, 0.0, 0.0, -1.0, 0.0, -1.0, 0.0, 0.0, 0.0, 0.0, 0.0, 0.0, 1.0 ], [ 0.809017, 0.309017, 0.5, 0.0, -0.309017, -0.5, 0.809017, 0.0, 0.5, -0.809017, -0.309017, 0.0, 0.0, 0.0, 0.0, 1.0 ], [ -0.5, 0.809017, 0.309017, 0.0, -0.809017, -0.309017, -0.5, 0.0, -0.309017, -0.5, 0.809017, 0.0, 0.0, 0.0, 0.0, 1.0 ], [ 0.309017, 0.5, -0.809017, 0.0, 0.5, -0.809017, -0.309017, 0.0, -0.809017, -0.309017, -0.5, 0.0, 0.0, 0.0, 0.0, 1.0 ], [ 0.5, 0.809017, 0.309017, 0.0, -0.809017, 0.309017, 0.5, 0.0, 0.309017, -0.5, 0.809017, 0.0, 0.0, 0.0, 0.0, 1.0 ], [ -0.309017, 0.5, -0.809017, 0.0, -0.5, -0.809017, -0.309017, 0.0, -0.809017, 0.309017, 0.5, 0.0, 0.0, 0.0, 0.0, 1.0 ], [ 0.809017, -0.309017, -0.5, 0.0, 0.309017, -0.5, 0.809017, 0.0, -0.5, -0.809017, -0.309017, 0.0, 0.0, 0.0, 0.0, 1.0 ], [ 0.5, 0.809017, -0.309017, 0.0, -0.809017, 0.309017, -0.5, 0.0, -0.309017, 0.5, 0.809017, 0.0, 0.0, 0.0, 0.0, 1.0 ], [ 0.309017, -0.5, -0.809017, 0.0, -0.5, -0.809017, 0.309017, 0.0, -0.809017, 0.309017, -0.5, 0.0, 0.0, 0.0, 0.0, 1.0 ], [ 0.809017, -0.309017, 0.5, 0.0, -0.309017, 0.5, 0.809017, 0.0, -0.5, -0.809017, 0.309017, 0.0, 0.0, 0.0, 0.0, 1.0 ], [ 0.809017, 0.309017, -0.5, 0.0, -0.309017, -0.5, -0.809017, 0.0, -0.5, 0.809017, -0.309017, 0.0, 0.0, 0.0, 0.0, 1.0 ], [ 0.5, -0.809017, 0.309017, 0.0, -0.809017, -0.309017, 0.5, 0.0, -0.309017, -0.5, -0.809017, 0.0, 0.0, 0.0, 0.0, 1.0 ], [ 0.309017, 0.5, 0.809017, 0.0, -0.5, 0.809017, -0.309017, 0.0, -0.809017, -0.309017, 0.5, 0.0, 0.0, 0.0, 0.0, 1.0 ], [ -1.0, 0.0, 0.0, 0.0, 0.0, -1.0, 0.0, 0.0, 0.0, 0.0, 1.0, 0.0, 0.0, 0.0, 0.0, 1.0 ], [ 0.0, 0.0, -1.0, 0.0, -1.0, 0.0, 0.0, 0.0, 0.0, 1.0, 0.0, 0.0, 0.0, 0.0, 0.0, 1.0 ], [ 0.0, -1.0, 0.0, 0.0, 0.0, 0.0, -1.0, 0.0, 1.0, 0.0, 0.0, 0.0, 0.0, 0.0, 0.0, 1.0 ], [ -0.809017, -0.309017, -0.5, 0.0, -0.309017, -0.5, 0.809017, 0.0, -0.5, 0.809017, 0.309017, 0.0, 0.0, 0.0, 0.0, 1.0 ], [ 0.5, -0.809017, -0.309017, 0.0, -0.809017, -0.309017, -0.5, 0.0, 0.309017, 0.5, -0.809017, 0.0, 0.0, 0.0, 0.0, 1.0 ], [ -0.309017, -0.5, 0.809017, 0.0, 0.5, -0.809017, -0.309017, 0.0, 0.809017, 0.309017, 0.5, 0.0, 0.0, 0.0, 0.0, 1.0 ], [ -0.5, -0.809017, -0.309017, 0.0, -0.809017, 0.309017, 0.5, 0.0, -0.309017, 0.5, -0.809017, 0.0, 0.0, 0.0, 0.0, 1.0 ], [ 0.309017, -0.5, 0.809017, 0.0, -0.5, -0.809017, -0.309017, 0.0, 0.809017, -0.309017, -0.5, 0.0, 0.0, 0.0, 0.0, 1.0 ], [ -0.809017, 0.309017, 0.5, 0.0, 0.309017, -0.5, 0.809017, 0.0, 0.5, 0.809017, 0.309017, 0.0, 0.0, 0.0, 0.0, 1.0 ], [ -0.5, -0.809017, 0.309017, 0.0, -0.809017, 0.309017, -0.5, 0.0, 0.309017, -0.5, -0.809017, 0.0, 0.0, 0.0, 0.0, 1.0 ], [ -0.309017, 0.5, 0.809017, 0.0, -0.5, -0.809017, 0.309017, 0.0, 0.809017, -0.309017, 0.5, 0.0, 0.0, 0.0, 0.0, 1.0 ], [ -0.809017, 0.309017, -0.5, 0.0, -0.309017, 0.5, 0.809017, 0.0, 0.5, 0.809017, -0.309017, 0.0, 0.0, 0.0, 0.0, 1.0 ], [ -0.809017, -0.309017, 0.5, 0.0, -0.309017, -0.5, -0.809017, 0.0, 0.5, -0.809017, 0.309017, 0.0, 0.0, 0.0, 0.0, 1.0 ], [ -0.5, 0.809017, -0.309017, 0.0, -0.809017, -0.309017, 0.5, 0.0, 0.309017, 0.5, 0.809017, 0.0, 0.0, 0.0, 0.0, 1.0 ], [ -0.309017, -0.5, -0.809017, 0.0, -0.5, 0.809017, -0.309017, 0.0, 0.809017, 0.309017, -0.5, 0.0, 0.0, 0.0, 0.0, 1.0 ], [ -1.0, 0.0, 0.0, 0.0, 0.0, 1.0, 0.0, 0.0, 0.0, 0.0, -1.0, 0.0, 0.0, 0.0, 0.0, 1.0 ], [ 0.0, 0.0, -1.0, 0.0, 1.0, 0.0, 0.0, 0.0, 0.0, -1.0, 0.0, 0.0, 0.0, 0.0, 0.0, 1.0 ], [ 0.0, -1.0, 0.0, 0.0, 0.0, 0.0, 1.0, 0.0, -1.0, 0.0, 0.0, 0.0, 0.0, 0.0, 0.0, 1.0 ], [ -0.809017, -0.309017, -0.5, 0.0, 0.309017, 0.5, -0.809017, 0.0, 0.5, -0.809017, -0.309017, 0.0, 0.0, 0.0, 0.0, 1.0 ], [ 0.5, -0.809017, -0.309017, 0.0, 0.809017, 0.309017, 0.5, 0.0, -0.309017, -0.5, 0.809017, 0.0, 0.0, 0.0, 0.0, 1.0 ], [ -0.309017, -0.5, 0.809017, 0.0, -0.5, 0.809017, 0.309017, 0.0, -0.809017, -0.309017, -0.5, 0.0, 0.0, 0.0, 0.0, 1.0 ], [ -0.5, -0.809017, -0.309017, 0.0, 0.809017, -0.309017, -0.5, 0.0, 0.309017, -0.5, 0.809017, 0.0, 0.0, 0.0, 0.0, 1.0 ], [ 0.309017, -0.5, 0.809017, 0.0, 0.5, 0.809017, 0.309017, 0.0, -0.809017, 0.309017, 0.5, 0.0, 0.0, 0.0, 0.0, 1.0 ], [ -0.809017, 0.309017, 0.5, 0.0, -0.309017, 0.5, -0.809017, 0.0, -0.5, -0.809017, -0.309017, 0.0, 0.0, 0.0, 0.0, 1.0 ], [ -0.5, -0.809017, 0.309017, 0.0, 0.809017, -0.309017, 0.5, 0.0, -0.309017, 0.5, 0.809017, 0.0, 0.0, 0.0, 0.0, 1.0 ], [ -0.309017, 0.5, 0.809017, 0.0, 0.5, 0.809017, -0.309017, 0.0, -0.809017, 0.309017, -0.5, 0.0, 0.0, 0.0, 0.0, 1.0 ], [ -0.809017, 0.309017, -0.5, 0.0, 0.309017, -0.5, -0.809017, 0.0, -0.5, -0.809017, 0.309017, 0.0, 0.0, 0.0, 0.0, 1.0 ], [ -0.809017, -0.309017, 0.5, 0.0, 0.309017, 0.5, 0.809017, 0.0, -0.5, 0.809017, -0.309017, 0.0, 0.0, 0.0, 0.0, 1.0 ], [ -0.5, 0.809017, -0.309017, 0.0, 0.809017, 0.309017, -0.5, 0.0, -0.309017, -0.5, -0.809017, 0.0, 0.0, 0.0, 0.0, 1.0 ], [ -0.309017, -0.5, -0.809017, 0.0, 0.5, -0.809017, 0.309017, 0.0, -0.809017, -0.309017, 0.5, 0.0, 0.0, 0.0, 0.0, 1.0 ] ],
  "lights" : {
    "directionalLights" : [ {
      "direction" : [ 1.0, -1.0, -1.0 ],
      "color" : "#EBEBE4"
    }, {
      "direction" : [ -1.0, 0.0, 0.0 ],
      "color" : "#E4E4EB"
    }, {
      "direction" : [ 0.0, 0.0, -1.0 ],
      "color" : "#1E1E1E"
    } ],
    "backgroundColor" : "#AFC8DC",
    "ambientColor" : "#292929"
  },
  "camera" : {
    "position" : {
      "x" : 121.95007,
      "y" : -61.120594,
      "z" : -236.29059
    },
    "width" : 122.777245,
    "perspective" : true,
    "fieldOfView" : 0.44262883,
    "viewDistance" : 272.83835,
    "lookAtPointRV" : {
      "x" : 0.0,
      "y" : 0.0,
      "z" : 0.0,
      "zero" : true
    },
    "lookDirectionRV" : {
      "x" : -0.44696823,
      "y" : 0.2240176,
      "z" : 0.86604613,
      "zero" : false
    },
    "upDirectionRV" : {
      "x" : 0.024954565,
      "y" : 0.97088045,
      "z" : -0.23825578,
      "zero" : false
    },
    "nearClipDistance" : 0.6820961,
    "lookAtPoint" : {
      "x" : 0.0,
      "y" : 0.0,
      "z" : 0.0
    },
    "farClipDistance" : 545.67645,
    "stereo" : false,
    "upDirection" : {
      "x" : 0.024954565,
      "y" : 0.97088045,
      "z" : -0.23825578
    },
    "lookDirection" : {
      "x" : -0.44696823,
      "y" : 0.2240176,
      "z" : 0.86604613
    }
  },
  "embedding" : [ 1.0, 0.0, 0.0, 0.0, 0.0, 1.0, 0.0, 0.0, 0.0, 0.0, 1.0, 0.0, 0.0, 0.0, 0.0, 1.0 ],
  "shapes" : [ {
    "id" : "c7bfabd7-be7f-4ebf-a0f3-3cbf480bee1e",
    "orbit" : "blue",
    "orbitC" : "[[0,0,1],[0,0,1]]",
    "length" : "[1,0,1]",
    "name" : "b1",
    "vertices" : [ {
      "x" : 7.472136,
      "y" : 0.309017,
      "z" : 0.19098301
    }, {
      "x" : 7.472136,
      "y" : 0.309017,
      "z" : -0.19098301
    }, {
      "x" : 1.0,
      "y" : 0.309017,
      "z" : -0.19098301
    }, {
      "x" : 1.0,
      "y" : 0.309017,
      "z" : 0.19098301
    }, {
      "x" : 7.472136,
      "y" : -0.309017,
      "z" : 0.19098301
    }, {
      "x" : 1.0,
      "y" : -0.309017,
      "z" : 0.19098301
    }, {
      "x" : 1.0,
      "y" : -0.309017,
      "z" : -0.19098301
    }, {
      "x" : 7.472136,
      "y" : -0.309017,
      "z" : -0.19098301
    }, {
      "x" : 8.472136,
      "y" : 0.0,
      "z" : 0.0
    } ],
    "faces" : [ {
      "vertices" : [ 1, 7, 6, 2 ]
    }, {
      "vertices" : [ 0, 1, 2, 3 ]
    }, {
      "vertices" : [ 4, 5, 6, 7 ]
    }, {
      "vertices" : [ 0, 3, 5, 4 ]
    } ]
  }, {
    "id" : "33fd97c6-3be5-40da-bac0-d8f9da649864",
    "name" : "ball",
    "vertices" : [ {
      "x" : 0.309017,
      "y" : -0.809017,
      "z" : 0.618034
    }, {
      "x" : 0.809017,
      "y" : -0.618034,
      "z" : 0.309017
    }, {
      "x" : 0.618034,
      "y" : -0.309017,
      "z" : 0.809017
    }, {
      "x" : 1.0,
      "y" : 0.309017,
      "z" : 0.19098301
    }, {
      "x" : 0.809017,
      "y" : 0.618034,
      "z" : 0.309017
    }, {
      "x" : 0.618034,
      "y" : 0.309017,
      "z" : 0.809017
    }, {
      "x" : 0.809017,
      "y" : 0.0,
      "z" : 0.690983
    }, {
      "x" : 0.19098301,
      "y" : -1.0,
      "z" : 0.309017
    }, {
      "x" : -0.19098301,
      "y" : -1.0,
      "z" : 0.309017
    }, {
      "x" : -0.19098301,
      "y" : -1.0,
      "z" : -0.309017
    }, {
      "x" : 0.19098301,
      "y" : -1.0,
      "z" : -0.309017
    }, {
      "x" : 1.0,
      "y" : -0.309017,
      "z" : -0.19098301
    }, {
      "x" : 0.809017,
      "y" : -0.618034,
      "z" : -0.309017
    }, {
      "x" : 0.618034,
      "y" : -0.309017,
      "z" : -0.809017
    }, {
      "x" : 0.809017,
      "y" : 0.0,
      "z" : -0.690983
    }, {
      "x" : 0.0,
      "y" : 0.690983,
      "z" : -0.809017
    }, {
      "x" : 0.309017,
      "y" : 0.809017,
      "z" : -0.618034
    }, {
      "x" : 0.618034,
      "y" : 0.309017,
      "z" : -0.809017
    }, {
      "x" : 0.309017,
      "y" : 0.19098301,
      "z" : -1.0
    }, {
      "x" : 1.0,
      "y" : 0.309017,
      "z" : -0.19098301
    }, {
      "x" : -0.309017,
      "y" : -0.809017,
      "z" : 0.618034
    }, {
      "x" : 0.0,
      "y" : -0.690983,
      "z" : 0.809017
    }, {
      "x" : 0.809017,
      "y" : 0.618034,
      "z" : -0.309017
    }, {
      "x" : 0.690983,
      "y" : 0.809017,
      "z" : 0.0
    }, {
      "x" : -0.690983,
      "y" : 0.809017,
      "z" : 0.0
    }, {
      "x" : -0.809017,
      "y" : 0.618034,
      "z" : 0.309017
    }, {
      "x" : -0.309017,
      "y" : 0.809017,
      "z" : 0.618034
    }, {
      "x" : -0.19098301,
      "y" : 1.0,
      "z" : 0.309017
    }, {
      "x" : 0.309017,
      "y" : -0.19098301,
      "z" : -1.0
    }, {
      "x" : 0.19098301,
      "y" : 1.0,
      "z" : 0.309017
    }, {
      "x" : 0.309017,
      "y" : 0.809017,
      "z" : 0.618034
    }, {
      "x" : -0.809017,
      "y" : -0.618034,
      "z" : 0.309017
    }, {
      "x" : -0.690983,
      "y" : -0.809017,
      "z" : 0.0
    }, {
      "x" : 0.0,
      "y" : 0.690983,
      "z" : 0.809017
    }, {
      "x" : 0.309017,
      "y" : -0.809017,
      "z" : -0.618034
    }, {
      "x" : 0.0,
      "y" : -0.690983,
      "z" : -0.809017
    }, {
      "x" : -1.0,
      "y" : 0.309017,
      "z" : 0.19098301
    }, {
      "x" : -0.809017,
      "y" : 0.0,
      "z" : 0.690983
    }, {
      "x" : -0.618034,
      "y" : 0.309017,
      "z" : 0.809017
    }, {
      "x" : 1.0,
      "y" : -0.309017,
      "z" : 0.19098301
    }, {
      "x" : -0.309017,
      "y" : -0.809017,
      "z" : -0.618034
    }, {
      "x" : -1.0,
      "y" : 0.309017,
      "z" : -0.19098301
    }, {
      "x" : -1.0,
      "y" : -0.309017,
      "z" : -0.19098301
    }, {
      "x" : -1.0,
      "y" : -0.309017,
      "z" : 0.19098301
    }, {
      "x" : 0.19098301,
      "y" : 1.0,
      "z" : -0.309017
    }, {
      "x" : -0.809017,
      "y" : 0.618034,
      "z" : -0.309017
    }, {
      "x" : -0.19098301,
      "y" : 1.0,
      "z" : -0.309017
    }, {
      "x" : -0.309017,
      "y" : 0.809017,
      "z" : -0.618034
    }, {
      "x" : -0.618034,
      "y" : -0.309017,
      "z" : 0.809017
    }, {
      "x" : 0.309017,
      "y" : 0.19098301,
      "z" : 1.0
    }, {
      "x" : -0.309017,
      "y" : 0.19098301,
      "z" : -1.0
    }, {
      "x" : -0.309017,
      "y" : 0.19098301,
      "z" : 1.0
    }, {
      "x" : -0.309017,
      "y" : -0.19098301,
      "z" : 1.0
    }, {
      "x" : 0.309017,
      "y" : -0.19098301,
      "z" : 1.0
    }, {
      "x" : 0.690983,
      "y" : -0.809017,
      "z" : 0.0
    }, {
      "x" : -0.809017,
      "y" : 0.0,
      "z" : -0.690983
    }, {
      "x" : -0.618034,
      "y" : -0.309017,
      "z" : -0.809017
    }, {
      "x" : -0.309017,
      "y" : -0.19098301,
      "z" : -1.0
    }, {
      "x" : -0.618034,
      "y" : 0.309017,
      "z" : -0.809017
    }, {
      "x" : -0.809017,
      "y" : -0.618034,
      "z" : -0.309017
    } ],
    "faces" : [ {
      "vertices" : [ 9, 40, 35, 34, 10 ]
    }, {
      "vertices" : [ 0, 1, 2 ]
    }, {
      "vertices" : [ 33, 51, 49 ]
    }, {
      "vertices" : [ 25, 36, 37, 38 ]
    }, {
      "vertices" : [ 41, 55, 42 ]
    }, {
      "vertices" : [ 9, 32, 59, 40 ]
    }, {
      "vertices" : [ 20, 21, 52, 48 ]
    }, {
      "vertices" : [ 26, 33, 30, 29, 27 ]
    }, {
      "vertices" : [ 3, 4, 5, 6 ]
    }, {
      "vertices" : [ 27, 29, 44, 46 ]
    }, {
      "vertices" : [ 50, 57, 56, 55, 58 ]
    }, {
      "vertices" : [ 26, 38, 51, 33 ]
    }, {
      "vertices" : [ 45, 47, 58 ]
    }, {
      "vertices" : [ 18, 28, 57, 50 ]
    }, {
      "vertices" : [ 40, 59, 56 ]
    }, {
      "vertices" : [ 31, 48, 37, 43 ]
    }, {
      "vertices" : [ 7, 8, 9, 10 ]
    }, {
      "vertices" : [ 36, 41, 42, 43 ]
    }, {
      "vertices" : [ 24, 46, 47, 45 ]
    }, {
      "vertices" : [ 4, 30, 5 ]
    }, {
      "vertices" : [ 15, 47, 46, 44, 16 ]
    }, {
      "vertices" : [ 15, 50, 58, 47 ]
    }, {
      "vertices" : [ 24, 45, 41, 36, 25 ]
    }, {
      "vertices" : [ 11, 14, 19 ]
    }, {
      "vertices" : [ 3, 6, 39 ]
    }, {
      "vertices" : [ 1, 39, 6, 2 ]
    }, {
      "vertices" : [ 8, 32, 9 ]
    }, {
      "vertices" : [ 11, 12, 13, 14 ]
    }, {
      "vertices" : [ 16, 22, 17 ]
    }, {
      "vertices" : [ 0, 21, 20, 8, 7 ]
    }, {
      "vertices" : [ 12, 34, 13 ]
    }, {
      "vertices" : [ 35, 40, 56, 57 ]
    }, {
      "vertices" : [ 0, 7, 54, 1 ]
    }, {
      "vertices" : [ 15, 16, 17, 18 ]
    }, {
      "vertices" : [ 3, 19, 22, 23, 4 ]
    }, {
      "vertices" : [ 7, 10, 54 ]
    }, {
      "vertices" : [ 41, 45, 58, 55 ]
    }, {
      "vertices" : [ 3, 39, 11, 19 ]
    }, {
      "vertices" : [ 14, 17, 22, 19 ]
    }, {
      "vertices" : [ 0, 2, 53, 21 ]
    }, {
      "vertices" : [ 49, 51, 52, 53 ]
    }, {
      "vertices" : [ 31, 43, 42, 59, 32 ]
    }, {
      "vertices" : [ 15, 18, 50 ]
    }, {
      "vertices" : [ 42, 55, 56, 59 ]
    }, {
      "vertices" : [ 4, 23, 29, 30 ]
    }, {
      "vertices" : [ 25, 38, 26 ]
    }, {
      "vertices" : [ 13, 28, 18, 17, 14 ]
    }, {
      "vertices" : [ 8, 20, 31, 32 ]
    }, {
      "vertices" : [ 23, 44, 29 ]
    }, {
      "vertices" : [ 24, 27, 46 ]
    }, {
      "vertices" : [ 37, 48, 52, 51, 38 ]
    }, {
      "vertices" : [ 20, 48, 31 ]
    }, {
      "vertices" : [ 24, 25, 26, 27 ]
    }, {
      "vertices" : [ 16, 44, 23, 22 ]
    }, {
      "vertices" : [ 13, 34, 35, 28 ]
    }, {
      "vertices" : [ 10, 34, 12, 54 ]
    }, {
      "vertices" : [ 2, 6, 5, 49, 53 ]
    }, {
      "vertices" : [ 36, 43, 37 ]
    }, {
      "vertices" : [ 5, 30, 33, 49 ]
    }, {
      "vertices" : [ 1, 54, 12, 11, 39 ]
    }, {
      "vertices" : [ 28, 35, 57 ]
    }, {
      "vertices" : [ 21, 53, 52 ]
    } ]
  }, {
    "id" : "e60af65c-a188-4f85-a4f7-93b20313adb4",
    "vertices" : [ {
      "x" : 0.0,
      "y" : 0.0,
      "z" : 0.0
    }, {
      "x" : -2.618034,
      "y" : 4.236068,
      "z" : -6.854102
    }, {
      "x" : 0.0,
      "y" : 8.472136,
      "z" : 0.0
    } ],
    "faces" : [ {
      "vertices" : [ 0, 1, 2 ]
    }, {
      "vertices" : [ 0, 2, 1 ]
    } ]
  }, {
    "id" : "9a7819ca-256d-4ac1-a83a-b02f4a3a19ad",
    "vertices" : [ {
      "x" : 0.0,
      "y" : 0.0,
      "z" : 0.0
    }, {
      "x" : 0.0,
      "y" : -8.472136,
      "z" : 0.0
    }, {
      "x" : 0.0,
      "y" : -8.472136,
      "z" : -8.472136
    }, {
      "x" : 0.0,
      "y" : 0.0,
      "z" : -8.472136
    } ],
    "faces" : [ {
      "vertices" : [ 0, 1, 2, 3 ]
    }, {
      "vertices" : [ 0, 3, 2, 1 ]
    } ]
  }, {
    "id" : "560ccce3-1607-4b20-bd68-d6e05f95c59b",
    "vertices" : [ {
      "x" : 0.0,
      "y" : 0.0,
      "z" : 0.0
    }, {
      "x" : 0.0,
      "y" : 8.472136,
      "z" : 0.0
    }, {
      "x" : 0.0,
      "y" : 8.472136,
      "z" : 8.472136
    }, {
      "x" : 0.0,
      "y" : 0.0,
      "z" : 8.472136
    } ],
    "faces" : [ {
      "vertices" : [ 0, 1, 2, 3 ]
    }, {
      "vertices" : [ 0, 3, 2, 1 ]
    } ]
  }, {
    "id" : "e2916f97-642a-4c56-a81e-d0f7183b26e2",
    "vertices" : [ {
      "x" : 0.0,
      "y" : 0.0,
      "z" : 0.0
    }, {
      "x" : 0.0,
      "y" : 8.472136,
      "z" : 0.0
    }, {
      "x" : 2.618034,
      "y" : 4.236068,
      "z" : 6.854102
    } ],
    "faces" : [ {
      "vertices" : [ 0, 1, 2 ]
    }, {
      "vertices" : [ 0, 2, 1 ]
    } ]
  }, {
    "id" : "28b63099-8c63-432d-b7d7-ab7889ea0a21",
    "vertices" : [ {
      "x" : 0.0,
      "y" : 0.0,
      "z" : 0.0
    }, {
      "x" : 2.618034,
      "y" : -4.236068,
      "z" : 6.854102
    }, {
      "x" : 0.0,
      "y" : -8.472136,
      "z" : 0.0
    } ],
    "faces" : [ {
      "vertices" : [ 0, 1, 2 ]
    }, {
      "vertices" : [ 0, 2, 1 ]
    } ]
  }, {
    "id" : "7cdcc4b0-5b73-444a-bdb2-6c0895df32d4",
    "vertices" : [ {
      "x" : 0.0,
      "y" : 0.0,
      "z" : 0.0
    }, {
      "x" : -2.618034,
      "y" : -4.236068,
      "z" : -6.854102
    }, {
      "x" : -2.618034,
      "y" : 4.236068,
      "z" : -6.854102
    } ],
    "faces" : [ {
      "vertices" : [ 0, 1, 2 ]
    }, {
      "vertices" : [ 0, 2, 1 ]
    } ]
  }, {
    "id" : "a178287a-cbae-4b61-a823-8a8b63a188a0",
    "vertices" : [ {
      "x" : 0.0,
      "y" : 0.0,
      "z" : 0.0
    }, {
      "x" : 0.0,
      "y" : 0.0,
      "z" : -8.472136
    }, {
      "x" : 0.0,
      "y" : 8.472136,
      "z" : -8.472136
    }, {
      "x" : 0.0,
      "y" : 8.472136,
      "z" : 0.0
    } ],
    "faces" : [ {
      "vertices" : [ 0, 1, 2, 3 ]
    }, {
      "vertices" : [ 0, 3, 2, 1 ]
    } ]
  }, {
    "id" : "4435991b-d034-42e4-a7c4-9b2c6b52b345",
    "vertices" : [ {
      "x" : 0.0,
      "y" : 0.0,
      "z" : 0.0
    }, {
      "x" : 0.0,
      "y" : 8.472136,
      "z" : 0.0
    }, {
      "x" : 2.618034,
      "y" : 12.708204,
      "z" : 6.854102
    }, {
      "x" : 5.236068,
      "y" : 8.472136,
      "z" : 13.708204
    }, {
      "x" : 5.236068,
      "y" : 0.0,
      "z" : 13.708204
    }, {
      "x" : 2.618034,
      "y" : -4.236068,
      "z" : 6.854102
    } ],
    "faces" : [ {
      "vertices" : [ 0, 1, 2, 3, 4, 5 ]
    }, {
      "vertices" : [ 0, 5, 4, 3, 2, 1 ]
    } ]
  }, {
    "id" : "a3ef02c4-9caa-4a03-b9f0-92dbb429a85a",
    "vertices" : [ {
      "x" : 0.0,
      "y" : 0.0,
      "z" : 0.0
    }, {
      "x" : 2.618034,
      "y" : 4.236068,
      "z" : 6.854102
    }, {
      "x" : 5.236068,
      "y" : 0.0,
      "z" : 13.708204
    }, {
      "x" : 5.236068,
      "y" : -8.472136,
      "z" : 13.708204
    }, {
      "x" : 2.618034,
      "y" : -12.708204,
      "z" : 6.854102
    }, {
      "x" : 0.0,
      "y" : -8.472136,
      "z" : 0.0
    } ],
    "faces" : [ {
      "vertices" : [ 0, 1, 2, 3, 4, 5 ]
    }, {
      "vertices" : [ 0, 5, 4, 3, 2, 1 ]
    } ]
  }, {
    "id" : "4ee25e72-633a-43fd-aaff-596f8b1154e2",
    "vertices" : [ {
      "x" : 0.0,
      "y" : 0.0,
      "z" : 0.0
    }, {
      "x" : 0.0,
      "y" : 0.0,
      "z" : 8.472136
    }, {
      "x" : 0.0,
      "y" : -8.472136,
      "z" : 8.472136
    }, {
      "x" : 0.0,
      "y" : -8.472136,
      "z" : 0.0
    } ],
    "faces" : [ {
      "vertices" : [ 0, 1, 2, 3 ]
    }, {
      "vertices" : [ 0, 3, 2, 1 ]
    } ]
  }, {
    "id" : "89a8b794-01b7-42bd-be65-6d81ca6d3c4a",
    "vertices" : [ {
      "x" : 0.0,
      "y" : 0.0,
      "z" : 0.0
    }, {
      "x" : 0.0,
      "y" : -8.472136,
      "z" : 0.0
    }, {
      "x" : -2.618034,
      "y" : -4.236068,
      "z" : -6.854102
    } ],
    "faces" : [ {
      "vertices" : [ 0, 1, 2 ]
    }, {
      "vertices" : [ 0, 2, 1 ]
    } ]
  }, {
    "id" : "9fb969dd-5f6b-4586-812a-12ff388cb7f1",
    "vertices" : [ {
      "x" : 0.0,
      "y" : 0.0,
      "z" : 0.0
    }, {
      "x" : 2.618034,
      "y" : 4.236068,
      "z" : 6.854102
    }, {
      "x" : 2.618034,
      "y" : -4.236068,
      "z" : 6.854102
    } ],
    "faces" : [ {
      "vertices" : [ 0, 1, 2 ]
    }, {
      "vertices" : [ 0, 2, 1 ]
    } ]
  }, {
    "id" : "209c9404-c286-4265-9f8b-99bf92accc80",
    "vertices" : [ {
      "x" : 0.0,
      "y" : 0.0,
      "z" : 0.0
    }, {
      "x" : -2.618034,
      "y" : 4.236068,
      "z" : -6.854102
    }, {
      "x" : -2.618034,
      "y" : 12.708204,
      "z" : -6.854102
    }, {
      "x" : 0.0,
      "y" : 16.944271,
      "z" : 0.0
    }, {
      "x" : 2.618034,
      "y" : 12.708204,
      "z" : 6.854102
    }, {
      "x" : 2.618034,
      "y" : 4.236068,
      "z" : 6.854102
    } ],
    "faces" : [ {
      "vertices" : [ 0, 1, 2, 3, 4, 5 ]
    }, {
      "vertices" : [ 0, 5, 4, 3, 2, 1 ]
    } ]
  }, {
    "id" : "ab131c32-230b-4868-806c-d16705ad496d",
    "vertices" : [ {
      "x" : 0.0,
      "y" : 0.0,
      "z" : 0.0
    }, {
      "x" : -2.618034,
      "y" : -4.236068,
      "z" : -6.854102
    }, {
      "x" : -5.236068,
      "y" : 0.0,
      "z" : -13.708204
    }, {
      "x" : -5.236068,
      "y" : 8.472136,
      "z" : -13.708204
    }, {
      "x" : -2.618034,
      "y" : 12.708204,
      "z" : -6.854102
    }, {
      "x" : 0.0,
      "y" : 8.472136,
      "z" : 0.0
    } ],
    "faces" : [ {
      "vertices" : [ 0, 1, 2, 3, 4, 5 ]
    }, {
      "vertices" : [ 0, 5, 4, 3, 2, 1 ]
    } ]
  }, {
    "id" : "0873476b-2fb7-42b4-b99b-598e57fdc079",
    "vertices" : [ {
      "x" : 0.0,
      "y" : 0.0,
      "z" : 0.0
    }, {
      "x" : 2.618034,
      "y" : -4.236068,
      "z" : 6.854102
    }, {
      "x" : 2.618034,
      "y" : -12.708204,
      "z" : 6.854102
    }, {
      "x" : 0.0,
      "y" : -16.944271,
      "z" : 0.0
    }, {
      "x" : -2.618034,
      "y" : -12.708204,
      "z" : -6.854102
    }, {
      "x" : -2.618034,
      "y" : -4.236068,
      "z" : -6.854102
    } ],
    "faces" : [ {
      "vertices" : [ 0, 1, 2, 3, 4, 5 ]
    }, {
      "vertices" : [ 0, 5, 4, 3, 2, 1 ]
    } ]
  }, {
    "id" : "fabcc4eb-2684-4278-996d-7867ec92a47c",
    "vertices" : [ {
      "x" : 0.0,
      "y" : 0.0,
      "z" : 0.0
    }, {
      "x" : 0.0,
      "y" : -8.472136,
      "z" : 0.0
    }, {
      "x" : -2.618034,
      "y" : -12.708204,
      "z" : -6.854102
    }, {
      "x" : -5.236068,
      "y" : -8.472136,
      "z" : -13.708204
    }, {
      "x" : -5.236068,
      "y" : 0.0,
      "z" : -13.708204
    }, {
      "x" : -2.618034,
      "y" : 4.236068,
      "z" : -6.854102
    } ],
    "faces" : [ {
      "vertices" : [ 0, 1, 2, 3, 4, 5 ]
    }, {
      "vertices" : [ 0, 5, 4, 3, 2, 1 ]
    } ]
  } ],
  "instances" : [ {
    "shape" : "c7bfabd7-be7f-4ebf-a0f3-3cbf480bee1e",
    "color" : "#008EC2",
    "position" : {
      "x" : -17.944271,
      "y" : -17.944271,
      "z" : 4.236068
    },
    "orientation" : 47
  }, {
    "shape" : "c7bfabd7-be7f-4ebf-a0f3-3cbf480bee1e",
    "color" : "#008EC2",
    "position" : {
      "x" : 29.034441,
      "y" : 8.472136,
      "z" : -11.09017
    },
    "orientation" : 37
  }, {
    "shape" : "33fd97c6-3be5-40da-bac0-d8f9da649864",
    "color" : "#F2F2F2",
    "position" : {
      "x" : -11.09017,
      "y" : 6.854102,
      "z" : 13.708204
    }
  }, {
    "shape" : "c7bfabd7-be7f-4ebf-a0f3-3cbf480bee1e",
    "color" : "#008EC2",
    "position" : {
      "x" : 4.236068,
      "y" : 17.944271,
      "z" : -4.236068
    },
    "orientation" : 25
  }, {
    "shape" : "c7bfabd7-be7f-4ebf-a0f3-3cbf480bee1e",
    "color" : "#008EC2",
    "position" : {
      "x" : -13.708204,
      "y" : -24.798374,
      "z" : 15.326238
    },
    "orientation" : 10
  }, {
    "shape" : "c7bfabd7-be7f-4ebf-a0f3-3cbf480bee1e",
    "color" : "#008EC2",
    "position" : {
      "x" : -4.236068,
      "y" : -17.944271,
      "z" : 4.236068
    },
    "orientation" : 40
  }, {
    "shape" : "e60af65c-a188-4f85-a4f7-93b20313adb4",
    "color" : "#00FFFF",
    "position" : {
      "x" : -4.236068,
      "y" : 4.236068,
      "z" : 17.944271
    },
    "orientation" : 7
  }, {
    "shape" : "c7bfabd7-be7f-4ebf-a0f3-3cbf480bee1e",
    "color" : "#008EC2",
    "position" : {
      "x" : -15.326238,
      "y" : 13.708204,
      "z" : -24.798374
    },
    "orientation" : 41
  }, {
    "shape" : "9a7819ca-256d-4ac1-a83a-b02f4a3a19ad",
    "color" : "#00FFFF",
    "position" : {
      "x" : 11.09017,
      "y" : -6.854102,
      "z" : 22.18034
    },
    "orientation" : 53
  }, {
    "shape" : "c7bfabd7-be7f-4ebf-a0f3-3cbf480bee1e",
    "color" : "#008EC2",
    "position" : {
      "x" : -17.944271,
      "y" : 4.236068,
      "z" : -17.944271
    },
    "orientation" : 37
  }, {
    "shape" : "c7bfabd7-be7f-4ebf-a0f3-3cbf480bee1e",
    "color" : "#008EC2",
    "position" : {
      "x" : -17.944271,
      "y" : -17.944271,
      "z" : 4.236068
    },
    "orientation" : 23
  }, {
    "shape" : "c7bfabd7-be7f-4ebf-a0f3-3cbf480bee1e",
    "color" : "#008EC2",
    "position" : {
      "x" : -4.236068,
      "y" : -17.944271,
      "z" : -4.236068
    },
    "orientation" : 55
  }, {
    "shape" : "560ccce3-1607-4b20-bd68-d6e05f95c59b",
    "color" : "#00FFFF",
    "position" : {
      "x" : -17.944271,
      "y" : -17.944271,
      "z" : -4.236068
    },
    "orientation" : 23
  }, {
    "shape" : "33fd97c6-3be5-40da-bac0-d8f9da649864",
    "color" : "#F2F2F2",
    "position" : {
      "x" : -11.09017,
      "y" : -29.034441,
      "z" : -8.472136
    }
  }, {
    "shape" : "c7bfabd7-be7f-4ebf-a0f3-3cbf480bee1e",
    "color" : "#008EC2",
    "position" : {
      "x" : 29.034441,
      "y" : 8.472136,
      "z" : 11.09017
    },
    "orientation" : 51
  }, {
    "shape" : "c7bfabd7-be7f-4ebf-a0f3-3cbf480bee1e",
    "color" : "#008EC2",
    "position" : {
      "x" : 8.472136,
      "y" : 11.09017,
      "z" : -29.034441
    },
    "orientation" : 51
  }, {
    "shape" : "560ccce3-1607-4b20-bd68-d6e05f95c59b",
    "color" : "#00FFFF",
    "position" : {
      "x" : 4.236068,
      "y" : 17.944271,
      "z" : -17.944271
    },
    "orientation" : 21
  }, {
    "shape" : "c7bfabd7-be7f-4ebf-a0f3-3cbf480bee1e",
    "color" : "#008EC2",
    "position" : {
      "x" : 4.236068,
      "y" : 17.944271,
      "z" : 4.236068
    },
    "orientation" : 10
  }, {
    "shape" : "c7bfabd7-be7f-4ebf-a0f3-3cbf480bee1e",
    "color" : "#008EC2",
    "position" : {
      "x" : 11.09017,
      "y" : 20.562305,
      "z" : 22.18034
    },
    "orientation" : 21
  }, {
    "shape" : "c7bfabd7-be7f-4ebf-a0f3-3cbf480bee1e",
    "color" : "#008EC2",
    "position" : {
      "x" : -17.944271,
      "y" : 26.416409,
      "z" : -4.236068
    },
    "orientation" : 22
  }, {
    "shape" : "e2916f97-642a-4c56-a81e-d0f7183b26e2",
    "color" : "#00FFFF",
    "position" : {
      "x" : 11.09017,
      "y" : 15.326238,
      "z" : 0.0
    },
    "orientation" : 21
  }, {
    "shape" : "c7bfabd7-be7f-4ebf-a0f3-3cbf480bee1e",
    "color" : "#008EC2",
    "position" : {
      "x" : 11.09017,
      "y" : -6.854102,
      "z" : 22.18034
    },
    "orientation" : 56
  }, {
    "shape" : "c7bfabd7-be7f-4ebf-a0f3-3cbf480bee1e",
    "color" : "#008EC2",
    "position" : {
      "x" : 17.944271,
      "y" : 17.944271,
      "z" : 4.236068
    },
    "orientation" : 47
  }, {
    "shape" : "c7bfabd7-be7f-4ebf-a0f3-3cbf480bee1e",
    "color" : "#008EC2",
    "position" : {
      "x" : 0.0,
      "y" : -24.798374,
      "z" : 6.854102
    },
    "orientation" : 38
  }, {
    "shape" : "c7bfabd7-be7f-4ebf-a0f3-3cbf480bee1e",
    "color" : "#008EC2",
    "position" : {
      "x" : -17.944271,
      "y" : 4.236068,
      "z" : 17.944271
    },
    "orientation" : 23
  }, {
    "shape" : "c7bfabd7-be7f-4ebf-a0f3-3cbf480bee1e",
    "color" : "#008EC2",
    "position" : {
      "x" : 6.854102,
      "y" : -13.708204,
      "z" : 11.09017
    },
    "orientation" : 22
  }, {
    "shape" : "33fd97c6-3be5-40da-bac0-d8f9da649864",
    "color" : "#F2F2F2",
    "position" : {
      "x" : 0.0,
      "y" : 24.798374,
      "z" : -6.854102
    }
  }, {
    "shape" : "c7bfabd7-be7f-4ebf-a0f3-3cbf480bee1e",
    "color" : "#008EC2",
    "position" : {
      "x" : -4.236068,
      "y" : -31.652475,
      "z" : 4.236068
    },
    "orientation" : 9
  }, {
    "shape" : "c7bfabd7-be7f-4ebf-a0f3-3cbf480bee1e",
    "color" : "#008EC2",
    "position" : {
      "x" : -26.416409,
      "y" : -4.236068,
      "z" : -17.944271
    },
    "orientation" : 40
  }, {
    "shape" : "c7bfabd7-be7f-4ebf-a0f3-3cbf480bee1e",
    "color" : "#008EC2",
    "position" : {
      "x" : 6.854102,
      "y" : -22.18034,
      "z" : 11.09017
    },
    "orientation" : 53
  }, {
    "shape" : "28b63099-8c63-432d-b7d7-ab7889ea0a21",
    "color" : "#00FFFF",
    "position" : {
      "x" : 4.236068,
      "y" : 17.944271,
      "z" : 4.236068
    },
    "orientation" : 2
  }, {
    "shape" : "c7bfabd7-be7f-4ebf-a0f3-3cbf480bee1e",
    "color" : "#008EC2",
    "position" : {
      "x" : -11.09017,
      "y" : 29.034441,
      "z" : 8.472136
    },
    "orientation" : 21
  }, {
    "shape" : "e2916f97-642a-4c56-a81e-d0f7183b26e2",
    "color" : "#00FFFF",
    "position" : {
      "x" : -26.416409,
      "y" : 4.236068,
      "z" : 17.944271
    },
    "orientation" : 2
  }, {
    "shape" : "28b63099-8c63-432d-b7d7-ab7889ea0a21",
    "color" : "#00FFFF",
    "position" : {
      "x" : -6.854102,
      "y" : -13.708204,
      "z" : 11.09017
    },
    "orientation" : 8
  }, {
    "shape" : "560ccce3-1607-4b20-bd68-d6e05f95c59b",
    "color" : "#00FFFF",
    "position" : {
      "x" : 17.944271,
      "y" : -4.236068,
      "z" : -17.944271
    },
    "orientation" : 2
  }, {
    "shape" : "c7bfabd7-be7f-4ebf-a0f3-3cbf480bee1e",
    "color" : "#008EC2",
    "position" : {
      "x" : -17.944271,
      "y" : -4.236068,
      "z" : -4.236068
    },
    "orientation" : 41
  }, {
    "shape" : "c7bfabd7-be7f-4ebf-a0f3-3cbf480bee1e",
    "color" : "#008EC2",
    "position" : {
      "x" : -4.236068,
      "y" : 17.944271,
      "z" : 17.944271
    },
    "orientation" : 55
  }, {
    "shape" : "c7bfabd7-be7f-4ebf-a0f3-3cbf480bee1e",
    "color" : "#008EC2",
    "position" : {
      "x" : 24.798374,
      "y" : 6.854102,
      "z" : 0.0
    },
    "orientation" : 41
  }, {
    "shape" : "33fd97c6-3be5-40da-bac0-d8f9da649864",
    "color" : "#F2F2F2",
    "position" : {
      "x" : -17.944271,
      "y" : 26.416409,
      "z" : 4.236068
    }
  }, {
    "shape" : "9a7819ca-256d-4ac1-a83a-b02f4a3a19ad",
    "color" : "#00FFFF",
    "position" : {
      "x" : 6.854102,
      "y" : -22.18034,
      "z" : 11.09017
    },
    "orientation" : 52
  }, {
    "shape" : "c7bfabd7-be7f-4ebf-a0f3-3cbf480bee1e",
    "color" : "#008EC2",
    "position" : {
      "x" : 24.798374,
      "y" : -15.326238,
      "z" : -13.708204
    },
    "orientation" : 9
  }, {
    "shape" : "c7bfabd7-be7f-4ebf-a0f3-3cbf480bee1e",
    "color" : "#008EC2",
    "position" : {
      "x" : -15.326238,
      "y" : 13.708204,
      "z" : 24.798374
    },
    "orientation" : 6
  }, {
    "shape" : "33fd97c6-3be5-40da-bac0-d8f9da649864",
    "color" : "#F2F2F2",
    "position" : {
      "x" : 31.652475,
      "y" : -4.236068,
      "z" : 4.236068
    }
  }, {
    "shape" : "c7bfabd7-be7f-4ebf-a0f3-3cbf480bee1e",
    "color" : "#008EC2",
    "position" : {
      "x" : 29.034441,
      "y" : 8.472136,
      "z" : -11.09017
    },
    "orientation" : 38
  }, {
    "shape" : "c7bfabd7-be7f-4ebf-a0f3-3cbf480bee1e",
    "color" : "#008EC2",
    "position" : {
      "x" : 17.944271,
      "y" : -4.236068,
      "z" : -4.236068
    },
    "orientation" : 1
  }, {
    "shape" : "33fd97c6-3be5-40da-bac0-d8f9da649864",
    "color" : "#F2F2F2",
    "position" : {
      "x" : -8.472136,
      "y" : 11.09017,
      "z" : -29.034441
    }
  }, {
    "shape" : "33fd97c6-3be5-40da-bac0-d8f9da649864",
    "color" : "#F2F2F2",
    "position" : {
      "x" : -4.236068,
      "y" : -31.652475,
      "z" : 4.236068
    }
  }, {
    "shape" : "560ccce3-1607-4b20-bd68-d6e05f95c59b",
    "color" : "#00FFFF",
    "position" : {
      "x" : -11.09017,
      "y" : -6.854102,
      "z" : 13.708204
    },
    "orientation" : 40
  }, {
    "shape" : "c7bfabd7-be7f-4ebf-a0f3-3cbf480bee1e",
    "color" : "#008EC2",
    "position" : {
      "x" : 4.236068,
      "y" : -4.236068,
      "z" : 17.944271
    },
    "orientation" : 1
  }, {
    "shape" : "28b63099-8c63-432d-b7d7-ab7889ea0a21",
    "color" : "#00FFFF",
    "position" : {
      "x" : -4.236068,
      "y" : -17.944271,
      "z" : -4.236068
    },
    "orientation" : 3
  }, {
    "shape" : "7cdcc4b0-5b73-444a-bdb2-6c0895df32d4",
    "color" : "#00FFFF",
    "position" : {
      "x" : -4.236068,
      "y" : 17.944271,
      "z" : -4.236068
    },
    "orientation" : 24
  }, {
    "shape" : "c7bfabd7-be7f-4ebf-a0f3-3cbf480bee1e",
    "color" : "#008EC2",
    "position" : {
      "x" : 0.0,
      "y" : 24.798374,
      "z" : 6.854102
    },
    "orientation" : 24
  }, {
    "shape" : "c7bfabd7-be7f-4ebf-a0f3-3cbf480bee1e",
    "color" : "#008EC2",
    "position" : {
      "x" : -6.854102,
      "y" : -13.708204,
      "z" : 11.09017
    },
    "orientation" : 11
  }, {
    "shape" : "33fd97c6-3be5-40da-bac0-d8f9da649864",
    "color" : "#F2F2F2",
    "position" : {
      "x" : -11.09017,
      "y" : 29.034441,
      "z" : 8.472136
    }
  }, {
    "shape" : "c7bfabd7-be7f-4ebf-a0f3-3cbf480bee1e",
    "color" : "#008EC2",
    "position" : {
      "x" : -6.854102,
      "y" : 13.708204,
      "z" : -11.09017
    },
    "orientation" : 10
  }, {
    "shape" : "c7bfabd7-be7f-4ebf-a0f3-3cbf480bee1e",
    "color" : "#008EC2",
    "position" : {
      "x" : 17.944271,
      "y" : 17.944271,
      "z" : 4.236068
    },
    "orientation" : 53
  }, {
    "shape" : "e2916f97-642a-4c56-a81e-d0f7183b26e2",
    "color" : "#00FFFF",
    "position" : {
      "x" : 4.236068,
      "y" : -4.236068,
      "z" : 17.944271
    },
    "orientation" : 6
  }, {
    "shape" : "c7bfabd7-be7f-4ebf-a0f3-3cbf480bee1e",
    "color" : "#008EC2",
    "position" : {
      "x" : 4.236068,
      "y" : -4.236068,
      "z" : 17.944271
    },
    "orientation" : 10
  }, {
    "shape" : "c7bfabd7-be7f-4ebf-a0f3-3cbf480bee1e",
    "color" : "#008EC2",
    "position" : {
      "x" : 20.562305,
      "y" : -22.18034,
      "z" : -11.09017
    },
    "orientation" : 7
  }, {
    "shape" : "9a7819ca-256d-4ac1-a83a-b02f4a3a19ad",
    "color" : "#00FFFF",
    "position" : {
      "x" : -6.854102,
      "y" : -22.18034,
      "z" : -11.09017
    },
    "orientation" : 7
  }, {
    "shape" : "c7bfabd7-be7f-4ebf-a0f3-3cbf480bee1e",
    "color" : "#008EC2",
    "position" : {
      "x" : -24.798374,
      "y" : 15.326238,
      "z" : -13.708204
    },
    "orientation" : 25
  }, {
    "shape" : "33fd97c6-3be5-40da-bac0-d8f9da649864",
    "color" : "#F2F2F2",
    "position" : {
      "x" : -17.944271,
      "y" : -17.944271,
      "z" : -4.236068
    }
  }, {
    "shape" : "9a7819ca-256d-4ac1-a83a-b02f4a3a19ad",
    "color" : "#00FFFF",
    "position" : {
      "x" : 0.0,
      "y" : -24.798374,
      "z" : 6.854102
    },
    "orientation" : 55
  }, {
    "shape" : "c7bfabd7-be7f-4ebf-a0f3-3cbf480bee1e",
    "color" : "#008EC2",
    "position" : {
      "x" : 4.236068,
      "y" : 4.236068,
      "z" : 31.652475
    },
    "orientation" : 45
  }, {
    "shape" : "7cdcc4b0-5b73-444a-bdb2-6c0895df32d4",
    "color" : "#00FFFF",
    "position" : {
      "x" : -4.236068,
      "y" : 4.236068,
      "z" : -17.944271
    },
    "orientation" : 38
  }, {
    "shape" : "c7bfabd7-be7f-4ebf-a0f3-3cbf480bee1e",
    "color" : "#008EC2",
    "position" : {
      "x" : 4.236068,
      "y" : -4.236068,
      "z" : -31.652475
    },
    "orientation" : 10
  }, {
    "shape" : "33fd97c6-3be5-40da-bac0-d8f9da649864",
    "color" : "#F2F2F2",
    "position" : {
      "x" : 17.944271,
      "y" : 4.236068,
      "z" : 17.944271
    }
  }, {
    "shape" : "c7bfabd7-be7f-4ebf-a0f3-3cbf480bee1e",
    "color" : "#008EC2",
    "position" : {
      "x" : -17.944271,
      "y" : -26.416409,
      "z" : -4.236068
    },
    "orientation" : 2
  }, {
    "shape" : "33fd97c6-3be5-40da-bac0-d8f9da649864",
    "color" : "#F2F2F2",
    "position" : {
      "x" : 17.944271,
      "y" : 4.236068,
      "z" : -17.944271
    }
  }, {
    "shape" : "c7bfabd7-be7f-4ebf-a0f3-3cbf480bee1e",
    "color" : "#008EC2",
    "position" : {
      "x" : 11.09017,
      "y" : -29.034441,
      "z" : 8.472136
    },
    "orientation" : 10
  }, {
    "shape" : "c7bfabd7-be7f-4ebf-a0f3-3cbf480bee1e",
    "color" : "#008EC2",
    "position" : {
      "x" : -13.708204,
      "y" : 24.798374,
      "z" : 15.326238
    },
    "orientation" : 52
  }, {
