{
  "polygons" : "true",
  "field" : "golden",
  "symmetry" : "icosahedral",
  "orientations" : [ [ 1.0, 0.0, 0.0, 0.0, 0.0, 1.0, 0.0, 0.0, 0.0, 0.0, 1.0, 0.0, 0.0, 0.0, 0.0, 1.0 ], [ 0.0, 0.0, 1.0, 0.0, 1.0, 0.0, 0.0, 0.0, 0.0, 1.0, 0.0, 0.0, 0.0, 0.0, 0.0, 1.0 ], [ 0.0, 1.0, 0.0, 0.0, 0.0, 0.0, 1.0, 0.0, 1.0, 0.0, 0.0, 0.0, 0.0, 0.0, 0.0, 1.0 ], [ 0.809017, 0.309017, 0.5, 0.0, 0.309017, 0.5, -0.809017, 0.0, -0.5, 0.809017, 0.309017, 0.0, 0.0, 0.0, 0.0, 1.0 ], [ -0.5, 0.809017, 0.309017, 0.0, 0.809017, 0.309017, 0.5, 0.0, 0.309017, 0.5, -0.809017, 0.0, 0.0, 0.0, 0.0, 1.0 ], [ 0.309017, 0.5, -0.809017, 0.0, -0.5, 0.809017, 0.309017, 0.0, 0.809017, 0.309017, 0.5, 0.0, 0.0, 0.0, 0.0, 1.0 ], [ 0.5, 0.809017, 0.309017, 0.0, 0.809017, -0.309017, -0.5, 0.0, -0.309017, 0.5, -0.809017, 0.0, 0.0, 0.0, 0.0, 1.0 ], [ -0.309017, 0.5, -0.809017, 0.0, 0.5, 0.809017, 0.309017, 0.0, 0.809017, -0.309017, -0.5, 0.0, 0.0, 0.0, 0.0, 1.0 ], [ 0.809017, -0.309017, -0.5, 0.0, -0.309017, 0.5, -0.809017, 0.0, 0.5, 0.809017, 0.309017, 0.0, 0.0, 0.0, 0.0, 1.0 ], [ 0.5, 0.809017, -0.309017, 0.0, 0.809017, -0.309017, 0.5, 0.0, 0.309017, -0.5, -0.809017, 0.0, 0.0, 0.0, 0.0, 1.0 ], [ 0.309017, -0.5, -0.809017, 0.0, 0.5, 0.809017, -0.309017, 0.0, 0.809017, -0.309017, 0.5, 0.0, 0.0, 0.0, 0.0, 1.0 ], [ 0.809017, -0.309017, 0.5, 0.0, 0.309017, -0.5, -0.809017, 0.0, 0.5, 0.809017, -0.309017, 0.0, 0.0, 0.0, 0.0, 1.0 ], [ 0.809017, 0.309017, -0.5, 0.0, 0.309017, 0.5, 0.809017, 0.0, 0.5, -0.809017, 0.309017, 0.0, 0.0, 0.0, 0.0, 1.0 ], [ 0.5, -0.809017, 0.309017, 0.0, 0.809017, 0.309017, -0.5, 0.0, 0.309017, 0.5, 0.809017, 0.0, 0.0, 0.0, 0.0, 1.0 ], [ 0.309017, 0.5, 0.809017, 0.0, 0.5, -0.809017, 0.309017, 0.0, 0.809017, 0.309017, -0.5, 0.0, 0.0, 0.0, 0.0, 1.0 ], [ 1.0, 0.0, 0.0, 0.0, 0.0, -1.0, 0.0, 0.0, 0.0, 0.0, -1.0, 0.0, 0.0, 0.0, 0.0, 1.0 ], [ 0.0, 0.0, 1.0, 0.0, -1.0, 0.0, 0.0, 0.0, 0.0, -1.0, 0.0, 0.0, 0.0, 0.0, 0.0, 1.0 ], [ 0.0, 1.0, 0.0, 0.0, 0.0, 0.0, -1.0, 0.0, -1.0, 0.0, 0.0, 0.0, 0.0, 0.0, 0.0, 1.0 ], [ 0.809017, 0.309017, 0.5, 0.0, -0.309017, -0.5, 0.809017, 0.0, 0.5, -0.809017, -0.309017, 0.0, 0.0, 0.0, 0.0, 1.0 ], [ -0.5, 0.809017, 0.309017, 0.0, -0.809017, -0.309017, -0.5, 0.0, -0.309017, -0.5, 0.809017, 0.0, 0.0, 0.0, 0.0, 1.0 ], [ 0.309017, 0.5, -0.809017, 0.0, 0.5, -0.809017, -0.309017, 0.0, -0.809017, -0.309017, -0.5, 0.0, 0.0, 0.0, 0.0, 1.0 ], [ 0.5, 0.809017, 0.309017, 0.0, -0.809017, 0.309017, 0.5, 0.0, 0.309017, -0.5, 0.809017, 0.0, 0.0, 0.0, 0.0, 1.0 ], [ -0.309017, 0.5, -0.809017, 0.0, -0.5, -0.809017, -0.309017, 0.0, -0.809017, 0.309017, 0.5, 0.0, 0.0, 0.0, 0.0, 1.0 ], [ 0.809017, -0.309017, -0.5, 0.0, 0.309017, -0.5, 0.809017, 0.0, -0.5, -0.809017, -0.309017, 0.0, 0.0, 0.0, 0.0, 1.0 ], [ 0.5, 0.809017, -0.309017, 0.0, -0.809017, 0.309017, -0.5, 0.0, -0.309017, 0.5, 0.809017, 0.0, 0.0, 0.0, 0.0, 1.0 ], [ 0.309017, -0.5, -0.809017, 0.0, -0.5, -0.809017, 0.309017, 0.0, -0.809017, 0.309017, -0.5, 0.0, 0.0, 0.0, 0.0, 1.0 ], [ 0.809017, -0.309017, 0.5, 0.0, -0.309017, 0.5, 0.809017, 0.0, -0.5, -0.809017, 0.309017, 0.0, 0.0, 0.0, 0.0, 1.0 ], [ 0.809017, 0.309017, -0.5, 0.0, -0.309017, -0.5, -0.809017, 0.0, -0.5, 0.809017, -0.309017, 0.0, 0.0, 0.0, 0.0, 1.0 ], [ 0.5, -0.809017, 0.309017, 0.0, -0.809017, -0.309017, 0.5, 0.0, -0.309017, -0.5, -0.809017, 0.0, 0.0, 0.0, 0.0, 1.0 ], [ 0.309017, 0.5, 0.809017, 0.0, -0.5, 0.809017, -0.309017, 0.0, -0.809017, -0.309017, 0.5, 0.0, 0.0, 0.0, 0.0, 1.0 ], [ -1.0, 0.0, 0.0, 0.0, 0.0, -1.0, 0.0, 0.0, 0.0, 0.0, 1.0, 0.0, 0.0, 0.0, 0.0, 1.0 ], [ 0.0, 0.0, -1.0, 0.0, -1.0, 0.0, 0.0, 0.0, 0.0, 1.0, 0.0, 0.0, 0.0, 0.0, 0.0, 1.0 ], [ 0.0, -1.0, 0.0, 0.0, 0.0, 0.0, -1.0, 0.0, 1.0, 0.0, 0.0, 0.0, 0.0, 0.0, 0.0, 1.0 ], [ -0.809017, -0.309017, -0.5, 0.0, -0.309017, -0.5, 0.809017, 0.0, -0.5, 0.809017, 0.309017, 0.0, 0.0, 0.0, 0.0, 1.0 ], [ 0.5, -0.809017, -0.309017, 0.0, -0.809017, -0.309017, -0.5, 0.0, 0.309017, 0.5, -0.809017, 0.0, 0.0, 0.0, 0.0, 1.0 ], [ -0.309017, -0.5, 0.809017, 0.0, 0.5, -0.809017, -0.309017, 0.0, 0.809017, 0.309017, 0.5, 0.0, 0.0, 0.0, 0.0, 1.0 ], [ -0.5, -0.809017, -0.309017, 0.0, -0.809017, 0.309017, 0.5, 0.0, -0.309017, 0.5, -0.809017, 0.0, 0.0, 0.0, 0.0, 1.0 ], [ 0.309017, -0.5, 0.809017, 0.0, -0.5, -0.809017, -0.309017, 0.0, 0.809017, -0.309017, -0.5, 0.0, 0.0, 0.0, 0.0, 1.0 ], [ -0.809017, 0.309017, 0.5, 0.0, 0.309017, -0.5, 0.809017, 0.0, 0.5, 0.809017, 0.309017, 0.0, 0.0, 0.0, 0.0, 1.0 ], [ -0.5, -0.809017, 0.309017, 0.0, -0.809017, 0.309017, -0.5, 0.0, 0.309017, -0.5, -0.809017, 0.0, 0.0, 0.0, 0.0, 1.0 ], [ -0.309017, 0.5, 0.809017, 0.0, -0.5, -0.809017, 0.309017, 0.0, 0.809017, -0.309017, 0.5, 0.0, 0.0, 0.0, 0.0, 1.0 ], [ -0.809017, 0.309017, -0.5, 0.0, -0.309017, 0.5, 0.809017, 0.0, 0.5, 0.809017, -0.309017, 0.0, 0.0, 0.0, 0.0, 1.0 ], [ -0.809017, -0.309017, 0.5, 0.0, -0.309017, -0.5, -0.809017, 0.0, 0.5, -0.809017, 0.309017, 0.0, 0.0, 0.0, 0.0, 1.0 ], [ -0.5, 0.809017, -0.309017, 0.0, -0.809017, -0.309017, 0.5, 0.0, 0.309017, 0.5, 0.809017, 0.0, 0.0, 0.0, 0.0, 1.0 ], [ -0.309017, -0.5, -0.809017, 0.0, -0.5, 0.809017, -0.309017, 0.0, 0.809017, 0.309017, -0.5, 0.0, 0.0, 0.0, 0.0, 1.0 ], [ -1.0, 0.0, 0.0, 0.0, 0.0, 1.0, 0.0, 0.0, 0.0, 0.0, -1.0, 0.0, 0.0, 0.0, 0.0, 1.0 ], [ 0.0, 0.0, -1.0, 0.0, 1.0, 0.0, 0.0, 0.0, 0.0, -1.0, 0.0, 0.0, 0.0, 0.0, 0.0, 1.0 ], [ 0.0, -1.0, 0.0, 0.0, 0.0, 0.0, 1.0, 0.0, -1.0, 0.0, 0.0, 0.0, 0.0, 0.0, 0.0, 1.0 ], [ -0.809017, -0.309017, -0.5, 0.0, 0.309017, 0.5, -0.809017, 0.0, 0.5, -0.809017, -0.309017, 0.0, 0.0, 0.0, 0.0, 1.0 ], [ 0.5, -0.809017, -0.309017, 0.0, 0.809017, 0.309017, 0.5, 0.0, -0.309017, -0.5, 0.809017, 0.0, 0.0, 0.0, 0.0, 1.0 ], [ -0.309017, -0.5, 0.809017, 0.0, -0.5, 0.809017, 0.309017, 0.0, -0.809017, -0.309017, -0.5, 0.0, 0.0, 0.0, 0.0, 1.0 ], [ -0.5, -0.809017, -0.309017, 0.0, 0.809017, -0.309017, -0.5, 0.0, 0.309017, -0.5, 0.809017, 0.0, 0.0, 0.0, 0.0, 1.0 ], [ 0.309017, -0.5, 0.809017, 0.0, 0.5, 0.809017, 0.309017, 0.0, -0.809017, 0.309017, 0.5, 0.0, 0.0, 0.0, 0.0, 1.0 ], [ -0.809017, 0.309017, 0.5, 0.0, -0.309017, 0.5, -0.809017, 0.0, -0.5, -0.809017, -0.309017, 0.0, 0.0, 0.0, 0.0, 1.0 ], [ -0.5, -0.809017, 0.309017, 0.0, 0.809017, -0.309017, 0.5, 0.0, -0.309017, 0.5, 0.809017, 0.0, 0.0, 0.0, 0.0, 1.0 ], [ -0.309017, 0.5, 0.809017, 0.0, 0.5, 0.809017, -0.309017, 0.0, -0.809017, 0.309017, -0.5, 0.0, 0.0, 0.0, 0.0, 1.0 ], [ -0.809017, 0.309017, -0.5, 0.0, 0.309017, -0.5, -0.809017, 0.0, -0.5, -0.809017, 0.309017, 0.0, 0.0, 0.0, 0.0, 1.0 ], [ -0.809017, -0.309017, 0.5, 0.0, 0.309017, 0.5, 0.809017, 0.0, -0.5, 0.809017, -0.309017, 0.0, 0.0, 0.0, 0.0, 1.0 ], [ -0.5, 0.809017, -0.309017, 0.0, 0.809017, 0.309017, -0.5, 0.0, -0.309017, -0.5, -0.809017, 0.0, 0.0, 0.0, 0.0, 1.0 ], [ -0.309017, -0.5, -0.809017, 0.0, 0.5, -0.809017, 0.309017, 0.0, -0.809017, -0.309017, 0.5, 0.0, 0.0, 0.0, 0.0, 1.0 ] ],
  "lights" : {
    "directionalLights" : [ {
      "direction" : [ 1.0, -1.0, -1.0 ],
      "color" : "#EBEBE4"
    }, {
      "direction" : [ -1.0, 0.0, 0.0 ],
      "color" : "#E4E4EB"
    }, {
      "direction" : [ 0.0, 0.0, -1.0 ],
      "color" : "#1E1E1E"
    } ],
    "backgroundColor" : "#AFC8DC",
    "ambientColor" : "#292929"
  },
  "camera" : {
    "width" : 96.57998,
    "position" : {
      "x" : 133.3852,
      "y" : 11.190232,
      "z" : 167.76733
    },
    "lookAtPoint" : {
      "x" : 0.0,
      "y" : 0.0,
      "z" : 0.0
    },
    "upDirection" : {
      "x" : 4.9234717E-5,
      "y" : 0.9977805,
      "z" : -0.066591695
    },
    "lookDirection" : {
      "x" : -0.62148815,
      "y" : -0.052139197,
      "z" : -0.78168654
    },
    "farClipDistance" : 429.24432,
    "stereo" : false,
    "nearClipDistance" : 0.53655547,
    "viewDistance" : 214.62225,
    "upDirectionRV" : {
      "x" : 4.9234717E-5,
      "y" : 0.9977805,
      "z" : -0.066591695,
      "zero" : false
    },
    "lookDirectionRV" : {
      "x" : -0.62148815,
      "y" : -0.052139197,
      "z" : -0.78168654,
      "zero" : false
    },
    "lookAtPointRV" : {
      "x" : 0.0,
      "y" : 0.0,
      "z" : 0.0,
      "zero" : true
    },
    "fieldOfView" : 0.44262874,
    "perspective" : true
  },
  "embedding" : [ 1.0, 0.0, 0.0, 0.0, 0.0, 1.0, 0.0, 0.0, 0.0, 0.0, 1.0, 0.0, 0.0, 0.0, 0.0, 1.0 ],
  "shapes" : [ {
    "id" : "d7c78e2b-b086-4ef3-9cbe-30a3a5ed6ab4",
    "orbit" : "blue",
    "orbitC" : "[[0,0,1],[0,0,1]]",
    "length" : "[1,0,1]",
    "name" : "b1",
    "vertices" : [ {
      "x" : 7.472136,
      "y" : 0.309017,
      "z" : 0.19098301
    }, {
      "x" : 7.472136,
      "y" : 0.309017,
      "z" : -0.19098301
    }, {
      "x" : 1.0,
      "y" : 0.309017,
      "z" : -0.19098301
    }, {
      "x" : 1.0,
      "y" : 0.309017,
      "z" : 0.19098301
    }, {
      "x" : 7.472136,
      "y" : -0.309017,
      "z" : 0.19098301
    }, {
      "x" : 1.0,
      "y" : -0.309017,
      "z" : 0.19098301
    }, {
      "x" : 1.0,
      "y" : -0.309017,
      "z" : -0.19098301
    }, {
      "x" : 7.472136,
      "y" : -0.309017,
      "z" : -0.19098301
    }, {
      "x" : 8.472136,
      "y" : 0.0,
      "z" : 0.0
    } ],
    "faces" : [ {
      "vertices" : [ 1, 7, 6, 2 ]
    }, {
      "vertices" : [ 0, 1, 2, 3 ]
    }, {
      "vertices" : [ 4, 5, 6, 7 ]
    }, {
      "vertices" : [ 0, 3, 5, 4 ]
    } ]
  }, {
    "id" : "d74ea5e4-c48e-4077-8ce3-b912919cdb51",
    "name" : "ball",
    "vertices" : [ {
      "x" : 0.309017,
      "y" : -0.809017,
      "z" : 0.618034
    }, {
      "x" : 0.809017,
      "y" : -0.618034,
      "z" : 0.309017
    }, {
      "x" : 0.618034,
      "y" : -0.309017,
      "z" : 0.809017
    }, {
      "x" : 1.0,
      "y" : 0.309017,
      "z" : 0.19098301
    }, {
      "x" : 0.809017,
      "y" : 0.618034,
      "z" : 0.309017
    }, {
      "x" : 0.618034,
      "y" : 0.309017,
      "z" : 0.809017
    }, {
      "x" : 0.809017,
      "y" : 0.0,
      "z" : 0.690983
    }, {
      "x" : 0.19098301,
      "y" : -1.0,
      "z" : 0.309017
    }, {
      "x" : -0.19098301,
      "y" : -1.0,
      "z" : 0.309017
    }, {
      "x" : -0.19098301,
      "y" : -1.0,
      "z" : -0.309017
    }, {
      "x" : 0.19098301,
      "y" : -1.0,
      "z" : -0.309017
    }, {
      "x" : 1.0,
      "y" : -0.309017,
      "z" : -0.19098301
    }, {
      "x" : 0.809017,
      "y" : -0.618034,
      "z" : -0.309017
    }, {
      "x" : 0.618034,
      "y" : -0.309017,
      "z" : -0.809017
    }, {
      "x" : 0.809017,
      "y" : 0.0,
      "z" : -0.690983
    }, {
      "x" : 0.0,
      "y" : 0.690983,
      "z" : -0.809017
    }, {
      "x" : 0.309017,
      "y" : 0.809017,
      "z" : -0.618034
    }, {
      "x" : 0.618034,
      "y" : 0.309017,
      "z" : -0.809017
    }, {
      "x" : 0.309017,
      "y" : 0.19098301,
      "z" : -1.0
    }, {
      "x" : 1.0,
      "y" : 0.309017,
      "z" : -0.19098301
    }, {
      "x" : -0.309017,
      "y" : -0.809017,
      "z" : 0.618034
    }, {
      "x" : 0.0,
      "y" : -0.690983,
      "z" : 0.809017
    }, {
      "x" : 0.809017,
      "y" : 0.618034,
      "z" : -0.309017
    }, {
      "x" : 0.690983,
      "y" : 0.809017,
      "z" : 0.0
    }, {
      "x" : -0.690983,
      "y" : 0.809017,
      "z" : 0.0
    }, {
      "x" : -0.809017,
      "y" : 0.618034,
      "z" : 0.309017
    }, {
      "x" : -0.309017,
      "y" : 0.809017,
      "z" : 0.618034
    }, {
      "x" : -0.19098301,
      "y" : 1.0,
      "z" : 0.309017
    }, {
      "x" : 0.309017,
      "y" : -0.19098301,
      "z" : -1.0
    }, {
      "x" : 0.19098301,
      "y" : 1.0,
      "z" : 0.309017
    }, {
      "x" : 0.309017,
      "y" : 0.809017,
      "z" : 0.618034
    }, {
      "x" : -0.809017,
      "y" : -0.618034,
      "z" : 0.309017
    }, {
      "x" : -0.690983,
      "y" : -0.809017,
      "z" : 0.0
    }, {
      "x" : 0.0,
      "y" : 0.690983,
      "z" : 0.809017
    }, {
      "x" : 0.309017,
      "y" : -0.809017,
      "z" : -0.618034
    }, {
      "x" : 0.0,
      "y" : -0.690983,
      "z" : -0.809017
    }, {
      "x" : -1.0,
      "y" : 0.309017,
      "z" : 0.19098301
    }, {
      "x" : -0.809017,
      "y" : 0.0,
      "z" : 0.690983
    }, {
      "x" : -0.618034,
      "y" : 0.309017,
      "z" : 0.809017
    }, {
      "x" : 1.0,
      "y" : -0.309017,
      "z" : 0.19098301
    }, {
      "x" : -0.309017,
      "y" : -0.809017,
      "z" : -0.618034
    }, {
      "x" : -1.0,
      "y" : 0.309017,
      "z" : -0.19098301
    }, {
      "x" : -1.0,
      "y" : -0.309017,
      "z" : -0.19098301
    }, {
      "x" : -1.0,
      "y" : -0.309017,
      "z" : 0.19098301
    }, {
      "x" : 0.19098301,
      "y" : 1.0,
      "z" : -0.309017
    }, {
      "x" : -0.809017,
      "y" : 0.618034,
      "z" : -0.309017
    }, {
      "x" : -0.19098301,
      "y" : 1.0,
      "z" : -0.309017
    }, {
      "x" : -0.309017,
      "y" : 0.809017,
      "z" : -0.618034
    }, {
      "x" : -0.618034,
      "y" : -0.309017,
      "z" : 0.809017
    }, {
      "x" : 0.309017,
      "y" : 0.19098301,
      "z" : 1.0
    }, {
      "x" : -0.309017,
      "y" : 0.19098301,
      "z" : -1.0
    }, {
      "x" : -0.309017,
      "y" : 0.19098301,
      "z" : 1.0
    }, {
      "x" : -0.309017,
      "y" : -0.19098301,
      "z" : 1.0
    }, {
      "x" : 0.309017,
      "y" : -0.19098301,
      "z" : 1.0
    }, {
      "x" : 0.690983,
      "y" : -0.809017,
      "z" : 0.0
    }, {
      "x" : -0.809017,
      "y" : 0.0,
      "z" : -0.690983
    }, {
      "x" : -0.618034,
      "y" : -0.309017,
      "z" : -0.809017
    }, {
      "x" : -0.309017,
      "y" : -0.19098301,
      "z" : -1.0
    }, {
      "x" : -0.618034,
      "y" : 0.309017,
      "z" : -0.809017
    }, {
      "x" : -0.809017,
      "y" : -0.618034,
      "z" : -0.309017
    } ],
    "faces" : [ {
      "vertices" : [ 9, 40, 35, 34, 10 ]
    }, {
      "vertices" : [ 0, 1, 2 ]
    }, {
      "vertices" : [ 33, 51, 49 ]
    }, {
      "vertices" : [ 25, 36, 37, 38 ]
    }, {
      "vertices" : [ 41, 55, 42 ]
    }, {
      "vertices" : [ 9, 32, 59, 40 ]
    }, {
      "vertices" : [ 20, 21, 52, 48 ]
    }, {
      "vertices" : [ 26, 33, 30, 29, 27 ]
    }, {
      "vertices" : [ 3, 4, 5, 6 ]
    }, {
      "vertices" : [ 27, 29, 44, 46 ]
    }, {
      "vertices" : [ 50, 57, 56, 55, 58 ]
    }, {
      "vertices" : [ 26, 38, 51, 33 ]
    }, {
      "vertices" : [ 45, 47, 58 ]
    }, {
      "vertices" : [ 18, 28, 57, 50 ]
    }, {
      "vertices" : [ 40, 59, 56 ]
    }, {
      "vertices" : [ 31, 48, 37, 43 ]
    }, {
      "vertices" : [ 7, 8, 9, 10 ]
    }, {
      "vertices" : [ 36, 41, 42, 43 ]
    }, {
      "vertices" : [ 24, 46, 47, 45 ]
    }, {
      "vertices" : [ 4, 30, 5 ]
    }, {
      "vertices" : [ 15, 47, 46, 44, 16 ]
    }, {
      "vertices" : [ 15, 50, 58, 47 ]
    }, {
      "vertices" : [ 24, 45, 41, 36, 25 ]
    }, {
      "vertices" : [ 11, 14, 19 ]
    }, {
      "vertices" : [ 3, 6, 39 ]
    }, {
      "vertices" : [ 1, 39, 6, 2 ]
    }, {
      "vertices" : [ 8, 32, 9 ]
    }, {
      "vertices" : [ 11, 12, 13, 14 ]
    }, {
      "vertices" : [ 16, 22, 17 ]
    }, {
      "vertices" : [ 0, 21, 20, 8, 7 ]
    }, {
      "vertices" : [ 12, 34, 13 ]
    }, {
      "vertices" : [ 35, 40, 56, 57 ]
    }, {
      "vertices" : [ 0, 7, 54, 1 ]
    }, {
      "vertices" : [ 15, 16, 17, 18 ]
    }, {
      "vertices" : [ 3, 19, 22, 23, 4 ]
    }, {
      "vertices" : [ 7, 10, 54 ]
    }, {
      "vertices" : [ 41, 45, 58, 55 ]
    }, {
      "vertices" : [ 3, 39, 11, 19 ]
    }, {
      "vertices" : [ 14, 17, 22, 19 ]
    }, {
      "vertices" : [ 0, 2, 53, 21 ]
    }, {
      "vertices" : [ 49, 51, 52, 53 ]
    }, {
      "vertices" : [ 31, 43, 42, 59, 32 ]
    }, {
      "vertices" : [ 15, 18, 50 ]
    }, {
      "vertices" : [ 42, 55, 56, 59 ]
    }, {
      "vertices" : [ 4, 23, 29, 30 ]
    }, {
      "vertices" : [ 25, 38, 26 ]
    }, {
      "vertices" : [ 13, 28, 18, 17, 14 ]
    }, {
      "vertices" : [ 8, 20, 31, 32 ]
    }, {
      "vertices" : [ 23, 44, 29 ]
    }, {
      "vertices" : [ 24, 27, 46 ]
    }, {
      "vertices" : [ 37, 48, 52, 51, 38 ]
    }, {
      "vertices" : [ 20, 48, 31 ]
    }, {
      "vertices" : [ 24, 25, 26, 27 ]
    }, {
      "vertices" : [ 16, 44, 23, 22 ]
    }, {
      "vertices" : [ 13, 34, 35, 28 ]
    }, {
      "vertices" : [ 10, 34, 12, 54 ]
    }, {
      "vertices" : [ 2, 6, 5, 49, 53 ]
    }, {
      "vertices" : [ 36, 43, 37 ]
    }, {
      "vertices" : [ 5, 30, 33, 49 ]
    }, {
      "vertices" : [ 1, 54, 12, 11, 39 ]
    }, {
      "vertices" : [ 28, 35, 57 ]
    }, {
      "vertices" : [ 21, 53, 52 ]
    } ]
  }, {
    "id" : "a28c9c52-5afb-474b-aba3-426b927d03a6",
    "vertices" : [ {
      "x" : 0.0,
      "y" : 0.0,
      "z" : 0.0
    }, {
      "x" : 0.0,
      "y" : 8.472136,
      "z" : 0.0
    }, {
      "x" : 0.0,
      "y" : 8.472136,
      "z" : 8.472136
    }, {
      "x" : 0.0,
      "y" : 0.0,
      "z" : 8.472136
    } ],
    "faces" : [ {
      "vertices" : [ 0, 1, 2, 3 ]
    }, {
      "vertices" : [ 0, 3, 2, 1 ]
    } ]
  }, {
    "id" : "fd7ca656-184a-446b-9b39-b3351262c267",
    "vertices" : [ {
      "x" : 0.0,
      "y" : 0.0,
      "z" : 0.0
    }, {
      "x" : -2.618034,
      "y" : -4.236068,
      "z" : -6.854102
    }, {
      "x" : -2.618034,
      "y" : 4.236068,
      "z" : -6.854102
    } ],
    "faces" : [ {
      "vertices" : [ 0, 1, 2 ]
    }, {
      "vertices" : [ 0, 2, 1 ]
    } ]
  }, {
    "id" : "65142344-c2c1-4767-a550-60033869b54d",
    "vertices" : [ {
      "x" : 0.0,
      "y" : 0.0,
      "z" : 0.0
    }, {
      "x" : 0.0,
      "y" : 8.472136,
      "z" : 0.0
    }, {
      "x" : 2.618034,
      "y" : 4.236068,
      "z" : 6.854102
    } ],
    "faces" : [ {
      "vertices" : [ 0, 1, 2 ]
    }, {
      "vertices" : [ 0, 2, 1 ]
    } ]
  }, {
    "id" : "f38c75e1-60a4-4231-a677-8eb0abe7aeca",
    "vertices" : [ {
      "x" : 0.0,
      "y" : 0.0,
      "z" : 0.0
    }, {
      "x" : 2.618034,
      "y" : -4.236068,
      "z" : 6.854102
    }, {
      "x" : 0.0,
      "y" : -8.472136,
      "z" : 0.0
    } ],
    "faces" : [ {
      "vertices" : [ 0, 1, 2 ]
    }, {
      "vertices" : [ 0, 2, 1 ]
    } ]
  }, {
    "id" : "095c1a91-127f-4557-a980-2a964788e3f4",
    "vertices" : [ {
      "x" : 0.0,
      "y" : 0.0,
      "z" : 0.0
    }, {
      "x" : 0.0,
      "y" : -8.472136,
      "z" : 0.0
    }, {
      "x" : 0.0,
      "y" : -8.472136,
      "z" : -8.472136
    }, {
      "x" : 0.0,
      "y" : 0.0,
      "z" : -8.472136
    } ],
    "faces" : [ {
      "vertices" : [ 0, 1, 2, 3 ]
    }, {
      "vertices" : [ 0, 3, 2, 1 ]
    } ]
  }, {
    "id" : "1dab3a22-6944-4130-b5b4-8c18b1ec45e0",
    "vertices" : [ {
      "x" : 0.0,
      "y" : 0.0,
      "z" : 0.0
    }, {
      "x" : 0.0,
      "y" : -8.472136,
      "z" : 0.0
    }, {
      "x" : -2.618034,
      "y" : -4.236068,
      "z" : -6.854102
    } ],
    "faces" : [ {
      "vertices" : [ 0, 1, 2 ]
    }, {
      "vertices" : [ 0, 2, 1 ]
    } ]
  }, {
    "id" : "7f9041ca-50f5-4258-bf6b-4cd7d4566e53",
    "vertices" : [ {
      "x" : 0.0,
      "y" : 0.0,
      "z" : 0.0
    }, {
      "x" : 2.618034,
      "y" : 4.236068,
      "z" : 6.854102
    }, {
      "x" : 2.618034,
      "y" : -4.236068,
      "z" : 6.854102
    } ],
    "faces" : [ {
      "vertices" : [ 0, 1, 2 ]
    }, {
      "vertices" : [ 0, 2, 1 ]
    } ]
  } ],
  "instances" : [ {
    "shape" : "d7c78e2b-b086-4ef3-9cbe-30a3a5ed6ab4",
    "color" : "#00CCCC",
    "position" : {
      "x" : 11.09017,
      "y" : -13.708204,
      "z" : 4.236068
    },
    "orientation" : 47
  }, {
    "shape" : "d74ea5e4-c48e-4077-8ce3-b912919cdb51",
    "color" : "#00CCCC",
    "position" : {
      "x" : -4.236068,
      "y" : -11.09017,
      "z" : 22.18034
    }
  }, {
    "shape" : "d7c78e2b-b086-4ef3-9cbe-30a3a5ed6ab4",
    "color" : "#00CCCC",
    "position" : {
      "x" : 6.854102,
      "y" : 15.326238,
      "z" : 6.854102
    },
    "orientation" : 56
  }, {
    "shape" : "d74ea5e4-c48e-4077-8ce3-b912919cdb51",
    "color" : "#00CCCC",
    "position" : {
      "x" : 6.854102,
      "y" : -15.326238,
      "z" : 6.854102
    }
  }, {
    "shape" : "d74ea5e4-c48e-4077-8ce3-b912919cdb51",
    "color" : "#00CCCC",
    "position" : {
      "x" : 6.854102,
      "y" : -6.854102,
      "z" : -6.854102
    }
  }, {
    "shape" : "a28c9c52-5afb-474b-aba3-426b927d03a6",
    "color" : "#00CCCC",
    "position" : {
      "x" : -11.09017,
      "y" : 13.708204,
      "z" : -4.236068
    },
    "orientation" : 0
  }, {
    "shape" : "d7c78e2b-b086-4ef3-9cbe-30a3a5ed6ab4",
    "color" : "#00CCCC",
    "position" : {
      "x" : -17.944271,
      "y" : -11.09017,
      "z" : 13.708204
    },
    "orientation" : 24
  }, {
    "shape" : "fd7ca656-184a-446b-9b39-b3351262c267",
    "color" : "#00CCCC",
    "position" : {
      "x" : 4.236068,
      "y" : 11.09017,
      "z" : 22.18034
    },
    "orientation" : 5
  }, {
    "shape" : "d74ea5e4-c48e-4077-8ce3-b912919cdb51",
    "color" : "#00CCCC",
    "position" : {
      "x" : -2.618034,
      "y" : 0.0,
      "z" : -17.944271
    }
  }, {
    "shape" : "d7c78e2b-b086-4ef3-9cbe-30a3a5ed6ab4",
    "color" : "#00CCCC",
    "position" : {
      "x" : -22.18034,
      "y" : 4.236068,
      "z" : -11.09017
    },
    "orientation" : 6
  }, {
    "shape" : "d7c78e2b-b086-4ef3-9cbe-30a3a5ed6ab4",
    "color" : "#00CCCC",
    "position" : {
      "x" : 11.09017,
      "y" : 22.18034,
      "z" : -4.236068
    },
    "orientation" : 16
  }, {
    "shape" : "d7c78e2b-b086-4ef3-9cbe-30a3a5ed6ab4",
    "color" : "#00CCCC",
    "position" : {
      "x" : -13.708204,
      "y" : -4.236068,
      "z" : 11.09017
    },
    "orientation" : 45
  }, {
    "shape" : "a28c9c52-5afb-474b-aba3-426b927d03a6",
    "color" : "#00CCCC",
    "position" : {
      "x" : -4.236068,
      "y" : 11.09017,
      "z" : 13.708204
    },
    "orientation" : 36
  }, {
    "shape" : "65142344-c2c1-4767-a550-60033869b54d",
    "color" : "#00CCCC",
    "position" : {
      "x" : 0.0,
      "y" : 4.236068,
      "z" : -11.09017
    },
    "orientation" : 39
  }, {
    "shape" : "d7c78e2b-b086-4ef3-9cbe-30a3a5ed6ab4",
    "color" : "#00CCCC",
    "position" : {
      "x" : 17.944271,
      "y" : -2.618034,
      "z" : 0.0
    },
    "orientation" : 40
  }, {
    "shape" : "d7c78e2b-b086-4ef3-9cbe-30a3a5ed6ab4",
    "color" : "#00CCCC",
    "position" : {
      "x" : -13.708204,
      "y" : 4.236068,
      "z" : 11.09017
    },
    "orientation" : 51
  }, {
    "shape" : "d74ea5e4-c48e-4077-8ce3-b912919cdb51",
    "color" : "#00CCCC",
    "position" : {
      "x" : -6.854102,
      "y" : -6.854102,
      "z" : 15.326238
    }
  }, {
    "shape" : "d7c78e2b-b086-4ef3-9cbe-30a3a5ed6ab4",
    "color" : "#00CCCC",
    "position" : {
      "x" : -6.854102,
      "y" : -15.326238,
      "z" : 6.854102
    },
    "orientation" : 1
  }, {
    "shape" : "d7c78e2b-b086-4ef3-9cbe-30a3a5ed6ab4",
    "color" : "#00CCCC",
    "position" : {
      "x" : 4.236068,
      "y" : 11.09017,
      "z" : 22.18034
    },
    "orientation" : 45
  }, {
    "shape" : "65142344-c2c1-4767-a550-60033869b54d",
    "color" : "#00CCCC",
    "position" : {
      "x" : 13.708204,
      "y" : -17.944271,
      "z" : -11.09017
    },
    "orientation" : 8
  }, {
    "shape" : "d7c78e2b-b086-4ef3-9cbe-30a3a5ed6ab4",
    "color" : "#00CCCC",
    "position" : {
      "x" : 4.236068,
      "y" : -11.09017,
      "z" : 0.0
    },
    "orientation" : 8
  }, {
    "shape" : "a28c9c52-5afb-474b-aba3-426b927d03a6",
    "color" : "#00CCCC",
    "position" : {
      "x" : 6.854102,
      "y" : -6.854102,
      "z" : -15.326238
    },
    "orientation" : 40
  }, {
    "shape" : "d74ea5e4-c48e-4077-8ce3-b912919cdb51",
    "color" : "#00CCCC",
    "position" : {
      "x" : 4.236068,
      "y" : 24.798374,
      "z" : 0.0
    }
  }, {
    "shape" : "d7c78e2b-b086-4ef3-9cbe-30a3a5ed6ab4",
    "color" : "#00CCCC",
    "position" : {
      "x" : 4.236068,
      "y" : -11.09017,
      "z" : 0.0
    },
    "orientation" : 25
  }, {
    "shape" : "f38c75e1-60a4-4231-a677-8eb0abe7aeca",
    "color" : "#00CCCC",
    "position" : {
      "x" : 6.854102,
      "y" : 6.854102,
      "z" : 6.854102
    },
    "orientation" : 16
  }, {
    "shape" : "d74ea5e4-c48e-4077-8ce3-b912919cdb51",
    "color" : "#00CCCC",
    "position" : {
      "x" : -6.854102,
      "y" : 15.326238,
      "z" : 6.854102
    }
  }, {
    "shape" : "a28c9c52-5afb-474b-aba3-426b927d03a6",
    "color" : "#00CCCC",
    "position" : {
      "x" : 13.708204,
      "y" : -4.236068,
      "z" : 11.09017
    },
    "orientation" : 22
  }, {
    "shape" : "d7c78e2b-b086-4ef3-9cbe-30a3a5ed6ab4",
    "color" : "#00CCCC",
    "position" : {
      "x" : 6.854102,
      "y" : -6.854102,
      "z" : -6.854102
    },
    "orientation" : 22
  }, {
    "shape" : "d74ea5e4-c48e-4077-8ce3-b912919cdb51",
    "color" : "#00CCCC",
    "position" : {
      "x" : -13.708204,
      "y" : 4.236068,
      "z" : 11.09017
    }
  }, {
    "shape" : "d7c78e2b-b086-4ef3-9cbe-30a3a5ed6ab4",
    "color" : "#00CCCC",
    "position" : {
      "x" : 0.0,
      "y" : -4.236068,
      "z" : -11.09017
    },
    "orientation" : 8
  }, {
    "shape" : "a28c9c52-5afb-474b-aba3-426b927d03a6",
    "color" : "#00CCCC",
    "position" : {
      "x" : -13.708204,
      "y" : 4.236068,
      "z" : 11.09017
    },
    "orientation" : 52
  }, {
    "shape" : "65142344-c2c1-4767-a550-60033869b54d",
    "color" : "#00CCCC",
    "position" : {
      "x" : -4.236068,
      "y" : 11.09017,
      "z" : 0.0
    },
    "orientation" : 8
  }, {
    "shape" : "d7c78e2b-b086-4ef3-9cbe-30a3a5ed6ab4",
    "color" : "#00CCCC",
    "position" : {
      "x" : 13.708204,
      "y" : -17.944271,
      "z" : -11.09017
    },
    "orientation" : 40
  }, {
    "shape" : "a28c9c52-5afb-474b-aba3-426b927d03a6",
    "color" : "#00CCCC",
    "position" : {
      "x" : 13.708204,
      "y" : -4.236068,
      "z" : -11.09017
    },
    "orientation" : 2
  }, {
    "shape" : "d7c78e2b-b086-4ef3-9cbe-30a3a5ed6ab4",
    "color" : "#00CCCC",
    "position" : {
      "x" : -4.236068,
      "y" : 11.09017,
      "z" : -22.18034
    },
    "orientation" : 38
  }, {
    "shape" : "095c1a91-127f-4557-a980-2a964788e3f4",
    "color" : "#00CCCC",
    "position" : {
      "x" : 4.236068,
      "y" : -11.09017,
      "z" : -13.708204
    },
    "orientation" : 1
  }, {
    "shape" : "d7c78e2b-b086-4ef3-9cbe-30a3a5ed6ab4",
    "color" : "#00CCCC",
    "position" : {
      "x" : 0.0,
      "y" : -17.944271,
      "z" : -2.618034
    },
    "orientation" : 9
  }, {
    "shape" : "d7c78e2b-b086-4ef3-9cbe-30a3a5ed6ab4",
    "color" : "#00CCCC",
    "position" : {
      "x" : 4.236068,
      "y" : 11.09017,
      "z" : 13.708204
    },
    "orientation" : 52
  }, {
    "shape" : "a28c9c52-5afb-474b-aba3-426b927d03a6",
    "color" : "#00CCCC",
    "position" : {
      "x" : 6.854102,
      "y" : 6.854102,
      "z" : 15.326238
    },
    "orientation" : 55
  }, {
    "shape" : "d7c78e2b-b086-4ef3-9cbe-30a3a5ed6ab4",
    "color" : "#00CCCC",
    "position" : {
      "x" : 13.708204,
      "y" : 17.944271,
      "z" : -11.09017
    },
    "orientation" : 24
  }, {
    "shape" : "095c1a91-127f-4557-a980-2a964788e3f4",
    "color" : "#00CCCC",
    "position" : {
      "x" : 0.0,
      "y" : -17.944271,
      "z" : 2.618034
    },
    "orientation" : 55
  }, {
    "shape" : "d7c78e2b-b086-4ef3-9cbe-30a3a5ed6ab4",
    "color" : "#00CCCC",
    "position" : {
      "x" : 17.944271,
      "y" : 2.618034,
      "z" : 0.0
    },
    "orientation" : 8
  }, {
    "shape" : "f38c75e1-60a4-4231-a677-8eb0abe7aeca",
    "color" : "#00CCCC",
    "position" : {
      "x" : -6.854102,
      "y" : -6.854102,
      "z" : 6.854102
    },
    "orientation" : 8
  }, {
    "shape" : "d74ea5e4-c48e-4077-8ce3-b912919cdb51",
    "color" : "#00CCCC",
    "position" : {
      "x" : 4.236068,
      "y" : -11.09017,
      "z" : 0.0
    }
  }, {
    "shape" : "65142344-c2c1-4767-a550-60033869b54d",
    "color" : "#00CCCC",
    "position" : {
      "x" : 4.236068,
      "y" : -11.09017,
      "z" : -22.18034
    },
    "orientation" : 3
  }, {
    "shape" : "f38c75e1-60a4-4231-a677-8eb0abe7aeca",
    "color" : "#00CCCC",
    "position" : {
      "x" : 6.854102,
      "y" : 6.854102,
      "z" : 6.854102
    },
    "orientation" : 38
  }, {
    "shape" : "a28c9c52-5afb-474b-aba3-426b927d03a6",
    "color" : "#00CCCC",
    "position" : {
      "x" : -6.854102,
      "y" : -6.854102,
      "z" : 15.326238
    },
    "orientation" : 25
  }, {
    "shape" : "d7c78e2b-b086-4ef3-9cbe-30a3a5ed6ab4",
    "color" : "#00CCCC",
    "position" : {
      "x" : -17.944271,
      "y" : -11.09017,
      "z" : -13.708204
    },
    "orientation" : 10
  }, {
    "shape" : "d7c78e2b-b086-4ef3-9cbe-30a3a5ed6ab4",
    "color" : "#00CCCC",
    "position" : {
      "x" : 2.618034,
      "y" : 0.0,
      "z" : -17.944271
    },
    "orientation" : 9
  }, {
    "shape" : "f38c75e1-60a4-4231-a677-8eb0abe7aeca",
    "color" : "#00CCCC",
    "position" : {
      "x" : 0.0,
      "y" : -4.236068,
      "z" : -11.09017
    },
    "orientation" : 39
  }, {
    "shape" : "d7c78e2b-b086-4ef3-9cbe-30a3a5ed6ab4",
    "color" : "#00CCCC",
    "position" : {
      "x" : 6.854102,
      "y" : 6.854102,
      "z" : 15.326238
    },
    "orientation" : 9
  }, {
    "shape" : "fd7ca656-184a-446b-9b39-b3351262c267",
    "color" : "#00CCCC",
    "position" : {
      "x" : -4.236068,
      "y" : -24.798374,
      "z" : 0.0
    },
    "orientation" : 22
  }, {
    "shape" : "d7c78e2b-b086-4ef3-9cbe-30a3a5ed6ab4",
    "color" : "#00CCCC",
    "position" : {
      "x" : -4.236068,
      "y" : -11.09017,
      "z" : 13.708204
    },
    "orientation" : 6
  }, {
    "shape" : "d7c78e2b-b086-4ef3-9cbe-30a3a5ed6ab4",
    "color" : "#00CCCC",
    "position" : {
      "x" : -11.09017,
      "y" : 0.0,
      "z" : -4.236068
    },
    "orientation" : 41
  }, {
    "shape" : "d7c78e2b-b086-4ef3-9cbe-30a3a5ed6ab4",
    "color" : "#00CCCC",
    "position" : {
      "x" : -4.236068,
      "y" : -11.09017,
      "z" : 22.18034
    },
    "orientation" : 0
  }, {
    "shape" : "fd7ca656-184a-446b-9b39-b3351262c267",
    "color" : "#00CCCC",
    "position" : {
      "x" : -17.944271,
      "y" : -11.09017,
      "z" : -13.708204
    },
    "orientation" : 39
  }, {
    "shape" : "1dab3a22-6944-4130-b5b4-8c18b1ec45e0",
    "color" : "#00CCCC",
    "position" : {
      "x" : 22.18034,
      "y" : -4.236068,
      "z" : 11.09017
    },
    "orientation" : 30
  }, {
    "shape" : "d7c78e2b-b086-4ef3-9cbe-30a3a5ed6ab4",
    "color" : "#00CCCC",
    "position" : {
      "x" : 6.854102,
      "y" : -6.854102,
      "z" : -15.326238
    },
    "orientation" : 24
  }, {
    "shape" : "d7c78e2b-b086-4ef3-9cbe-30a3a5ed6ab4",
    "color" : "#00CCCC",
    "position" : {
      "x" : -4.236068,
      "y" : -11.09017,
      "z" : 0.0
    },
    "orientation" : 24
  }, {
    "shape" : "fd7ca656-184a-446b-9b39-b3351262c267",
    "color" : "#00CCCC",
    "position" : {
      "x" : 22.18034,
      "y" : 4.236068,
      "z" : 11.09017
    },
    "orientation" : 3
  }, {
    "shape" : "d7c78e2b-b086-4ef3-9cbe-30a3a5ed6ab4",
    "color" : "#00CCCC",
    "position" : {
      "x" : -11.09017,
      "y" : 13.708204,
      "z" : 17.944271
    },
    "orientation" : 24
  }, {
    "shape" : "fd7ca656-184a-446b-9b39-b3351262c267",
    "color" : "#00CCCC",
    "position" : {
      "x" : 17.944271,
      "y" : 11.09017,
      "z" : -13.708204
    },
    "orientation" : 9
  }, {
    "shape" : "d74ea5e4-c48e-4077-8ce3-b912919cdb51",
    "color" : "#00CCCC",
    "position" : {
      "x" : 2.618034,
      "y" : 0.0,
      "z" : -17.944271
    }
  }, {
    "shape" : "095c1a91-127f-4557-a980-2a964788e3f4",
    "color" : "#00CCCC",
    "position" : {
      "x" : 17.944271,
      "y" : -2.618034,
      "z" : 0.0
    },
    "orientation" : 54
  }, {
    "shape" : "d7c78e2b-b086-4ef3-9cbe-30a3a5ed6ab4",
    "color" : "#00CCCC",
    "position" : {
      "x" : -6.854102,
      "y" : -6.854102,
      "z" : -6.854102
    },
    "orientation" : 51
  }, {
    "shape" : "d7c78e2b-b086-4ef3-9cbe-30a3a5ed6ab4",
    "color" : "#00CCCC",
    "position" : {
      "x" : -4.236068,
      "y" : 11.09017,
      "z" : 13.708204
    },
    "orientation" : 22
  }, {
    "shape" : "d7c78e2b-b086-4ef3-9cbe-30a3a5ed6ab4",
    "color" : "#00CCCC",
    "position" : {
      "x" : -15.326238,
      "y" : 6.854102,
      "z" : -6.854102
    },
    "orientation" : 55
  }, {
    "shape" : "d7c78e2b-b086-4ef3-9cbe-30a3a5ed6ab4",
    "color" : "#00CCCC",
    "position" : {
      "x" : 11.09017,
      "y" : 13.708204,
      "z" : 17.944271
    },
    "orientation" : 53
  }, {
    "shape" : "d7c78e2b-b086-4ef3-9cbe-30a3a5ed6ab4",
    "color" : "#00CCCC",
    "position" : {
      "x" : -6.854102,
      "y" : -15.326238,
      "z" : 6.854102
    },
    "orientation" : 26
  }, {
    "shape" : "fd7ca656-184a-446b-9b39-b3351262c267",
    "color" : "#00CCCC",
    "position" : {
      "x" : 0.0,
      "y" : 4.236068,
      "z" : 11.09017
    },
    "orientation" : 17
  }, {
    "shape" : "095c1a91-127f-4557-a980-2a964788e3f4",
    "color" : "#00CCCC",
    "position" : {
      "x" : -17.944271,
      "y" : -2.618034,
      "z" : 0.0
    },
    "orientation" : 9
  }, {
    "shape" : "d7c78e2b-b086-4ef3-9cbe-30a3a5ed6ab4",
    "color" : "#00CCCC",
    "position" : {
      "x" : -4.236068,
      "y" : -11.09017,
      "z" : 0.0
    },
    "orientation" : 7
  }, {
    "shape" : "d7c78e2b-b086-4ef3-9cbe-30a3a5ed6ab4",
    "color" : "#00CCCC",
    "position" : {
      "x" : 13.708204,
      "y" : -17.944271,
      "z" : 11.09017
    },
    "orientation" : 9
  }, {
    "shape" : "f38c75e1-60a4-4231-a677-8eb0abe7aeca",
    "color" : "#00CCCC",
    "position" : {
      "x" : 22.18034,
      "y" : -4.236068,
      "z" : -11.09017
    },
    "orientation" : 5
  }, {
    "shape" : "f38c75e1-60a4-4231-a677-8eb0abe7aeca",
    "color" : "#00CCCC",
    "position" : {
      "x" : -24.798374,
      "y" : 0.0,
      "z" : 4.236068
    },
    "orientation" : 1
  }, {
    "shape" : "d7c78e2b-b086-4ef3-9cbe-30a3a5ed6ab4",
    "color" : "#00CCCC",
    "position" : {
      "x" : 22.18034,
      "y" : 4.236068,
      "z" : -11.09017
    },
    "orientation" : 37
  }, {
    "shape" : "d7c78e2b-b086-4ef3-9cbe-30a3a5ed6ab4",
    "color" : "#00CCCC",
    "position" : {
      "x" : 4.236068,
      "y" : 24.798374,
      "z" : 0.0
    },
    "orientation" : 8
  }, {
    "shape" : "65142344-c2c1-4767-a550-60033869b54d",
    "color" : "#00CCCC",
    "position" : {
      "x" : 6.854102,
      "y" : 6.854102,
      "z" : -6.854102
    },
    "orientation" : 19
  }, {
    "shape" : "7f9041ca-50f5-4258-bf6b-4cd7d4566e53",
    "color" : "#00CCCC",
    "position" : {
      "x" : 4.236068,
      "y" : 11.09017,
      "z" : 22.18034
    },
    "orientation" : 22
  }, {
    "shape" : "d7c78e2b-b086-4ef3-9cbe-30a3a5ed6ab4",
    "color" : "#00CCCC",
    "position" : {
      "x" : -6.854102,
      "y" : 6.854102,
      "z" : 6.854102
    },
    "orientation" : 2
  }, {
    "shape" : "d7c78e2b-b086-4ef3-9cbe-30a3a5ed6ab4",
    "color" : "#00CCCC",
    "position" : {
      "x" : -11.09017,
      "y" : 22.18034,
      "z" : -4.236068
    },
    "orientation" : 24
  }, {
    "shape" : "d7c78e2b-b086-4ef3-9cbe-30a3a5ed6ab4",
    "color" : "#00CCCC",
    "position" : {
      "x" : -11.09017,
      "y" : 22.18034,
      "z" : -4.236068
    },
    "orientation" : 2
  }, {
    "shape" : "d7c78e2b-b086-4ef3-9cbe-30a3a5ed6ab4",
    "color" : "#00CCCC",
    "position" : {
      "x" : 13.708204,
      "y" : 17.944271,
      "z" : 11.09017
    },
    "orientation" : 55
  }, {
    "shape" : "d7c78e2b-b086-4ef3-9cbe-30a3a5ed6ab4",
    "color" : "#00CCCC",
    "position" : {
      "x" : -13.708204,
      "y" : 17.944271,
      "z" : 11.09017
    },
    "orientation" : 39
  }, {
    "shape" : "d7c78e2b-b086-4ef3-9cbe-30a3a5ed6ab4",
    "color" : "#00CCCC",
    "position" : {
      "x" : -4.236068,
      "y" : 11.09017,
      "z" : -22.18034
    },
    "orientation" : 40
  }, {
    "shape" : "65142344-c2c1-4767-a550-60033869b54d",
    "color" : "#00CCCC",
    "position" : {
      "x" : -22.18034,
      "y" : 4.236068,
      "z" : -11.09017
    },
    "orientation" : 4
  }, {
    "shape" : "095c1a91-127f-4557-a980-2a964788e3f4",
    "color" : "#00CCCC",
    "position" : {
      "x" : 0.0,
      "y" : -17.944271,
      "z" : -2.618034
    },
    "orientation" : 10
  }, {
    "shape" : "1dab3a22-6944-4130-b5b4-8c18b1ec45e0",
    "color" : "#00CCCC",
    "position" : {
      "x" : -22.18034,
      "y" : 4.236068,
      "z" : 11.09017
    },
    "orientation" : 0
  }, {
    "shape" : "d74ea5e4-c48e-4077-8ce3-b912919cdb51",
    "color" : "#00CCCC",
    "position" : {
      "x" : 0.0,
      "y" : 4.236068,
      "z" : 24.798374
    }
  }, {
    "shape" : "d7c78e2b-b086-4ef3-9cbe-30a3a5ed6ab4",
    "color" : "#00CCCC",
    "position" : {
      "x" : 6.854102,
      "y" : 6.854102,
      "z" : 15.326238
    },
    "orientation" : 47
  }, {
    "shape" : "d74ea5e4-c48e-4077-8ce3-b912919cdb51",
    "color" : "#00CCCC",
    "position" : {
      "x" : -13.708204,
      "y" : -17.944271,
      "z" : -11.09017
    }
  }, {
    "shape" : "d7c78e2b-b086-4ef3-9cbe-30a3a5ed6ab4",
    "color" : "#00CCCC",
    "position" : {
      "x" : 11.09017,
      "y" : 13.708204,
      "z" : 17.944271
    },
    "orientation" : 41
  }, {
    "shape" : "d74ea5e4-c48e-4077-8ce3-b912919cdb51",
    "color" : "#00CCCC",
    "position" : {
      "x" : -22.18034,
      "y" : 4.236068,
      "z" : -11.09017
    }
  }, {
    "shape" : "65142344-c2c1-4767-a550-60033869b54d",
    "color" : "#00CCCC",
    "position" : {
      "x" : 13.708204,
      "y" : -17.944271,
      "z" : 11.09017
    },
    "orientation" : 39
  }, {
    "shape" : "d7c78e2b-b086-4ef3-9cbe-30a3a5ed6ab4",
    "color" : "#00CCCC",
    "position" : {
      "x" : 0.0,
      "y" : -4.236068,
      "z" : 24.798374
    },
    "orientation" : 36
  }, {
    "shape" : "d7c78e2b-b086-4ef3-9cbe-30a3a5ed6ab4",
    "color" : "#00CCCC",
    "position" : {
      "x" : 17.944271,
      "y" : -2.618034,
      "z" : 0.0
    },
    "orientation" : 56
  }, {
    "shape" : "d74ea5e4-c48e-4077-8ce3-b912919cdb51",
    "color" : "#00CCCC",
    "position" : {
      "x" : 13.708204,
      "y" : -17.944271,
      "z" : -11.09017
