{
  "polygons" : "true",
  "field" : "golden",
  "symmetry" : "icosahedral",
  "orientations" : [ [ 1.0, 0.0, 0.0, 0.0, 0.0, 1.0, 0.0, 0.0, 0.0, 0.0, 1.0, 0.0, 0.0, 0.0, 0.0, 1.0 ], [ 0.0, 0.0, 1.0, 0.0, 1.0, 0.0, 0.0, 0.0, 0.0, 1.0, 0.0, 0.0, 0.0, 0.0, 0.0, 1.0 ], [ 0.0, 1.0, 0.0, 0.0, 0.0, 0.0, 1.0, 0.0, 1.0, 0.0, 0.0, 0.0, 0.0, 0.0, 0.0, 1.0 ], [ 0.809017, 0.309017, 0.5, 0.0, 0.309017, 0.5, -0.809017, 0.0, -0.5, 0.809017, 0.309017, 0.0, 0.0, 0.0, 0.0, 1.0 ], [ -0.5, 0.809017, 0.309017, 0.0, 0.809017, 0.309017, 0.5, 0.0, 0.309017, 0.5, -0.809017, 0.0, 0.0, 0.0, 0.0, 1.0 ], [ 0.309017, 0.5, -0.809017, 0.0, -0.5, 0.809017, 0.309017, 0.0, 0.809017, 0.309017, 0.5, 0.0, 0.0, 0.0, 0.0, 1.0 ], [ 0.5, 0.809017, 0.309017, 0.0, 0.809017, -0.309017, -0.5, 0.0, -0.309017, 0.5, -0.809017, 0.0, 0.0, 0.0, 0.0, 1.0 ], [ -0.309017, 0.5, -0.809017, 0.0, 0.5, 0.809017, 0.309017, 0.0, 0.809017, -0.309017, -0.5, 0.0, 0.0, 0.0, 0.0, 1.0 ], [ 0.809017, -0.309017, -0.5, 0.0, -0.309017, 0.5, -0.809017, 0.0, 0.5, 0.809017, 0.309017, 0.0, 0.0, 0.0, 0.0, 1.0 ], [ 0.5, 0.809017, -0.309017, 0.0, 0.809017, -0.309017, 0.5, 0.0, 0.309017, -0.5, -0.809017, 0.0, 0.0, 0.0, 0.0, 1.0 ], [ 0.309017, -0.5, -0.809017, 0.0, 0.5, 0.809017, -0.309017, 0.0, 0.809017, -0.309017, 0.5, 0.0, 0.0, 0.0, 0.0, 1.0 ], [ 0.809017, -0.309017, 0.5, 0.0, 0.309017, -0.5, -0.809017, 0.0, 0.5, 0.809017, -0.309017, 0.0, 0.0, 0.0, 0.0, 1.0 ], [ 0.809017, 0.309017, -0.5, 0.0, 0.309017, 0.5, 0.809017, 0.0, 0.5, -0.809017, 0.309017, 0.0, 0.0, 0.0, 0.0, 1.0 ], [ 0.5, -0.809017, 0.309017, 0.0, 0.809017, 0.309017, -0.5, 0.0, 0.309017, 0.5, 0.809017, 0.0, 0.0, 0.0, 0.0, 1.0 ], [ 0.309017, 0.5, 0.809017, 0.0, 0.5, -0.809017, 0.309017, 0.0, 0.809017, 0.309017, -0.5, 0.0, 0.0, 0.0, 0.0, 1.0 ], [ 1.0, 0.0, 0.0, 0.0, 0.0, -1.0, 0.0, 0.0, 0.0, 0.0, -1.0, 0.0, 0.0, 0.0, 0.0, 1.0 ], [ 0.0, 0.0, 1.0, 0.0, -1.0, 0.0, 0.0, 0.0, 0.0, -1.0, 0.0, 0.0, 0.0, 0.0, 0.0, 1.0 ], [ 0.0, 1.0, 0.0, 0.0, 0.0, 0.0, -1.0, 0.0, -1.0, 0.0, 0.0, 0.0, 0.0, 0.0, 0.0, 1.0 ], [ 0.809017, 0.309017, 0.5, 0.0, -0.309017, -0.5, 0.809017, 0.0, 0.5, -0.809017, -0.309017, 0.0, 0.0, 0.0, 0.0, 1.0 ], [ -0.5, 0.809017, 0.309017, 0.0, -0.809017, -0.309017, -0.5, 0.0, -0.309017, -0.5, 0.809017, 0.0, 0.0, 0.0, 0.0, 1.0 ], [ 0.309017, 0.5, -0.809017, 0.0, 0.5, -0.809017, -0.309017, 0.0, -0.809017, -0.309017, -0.5, 0.0, 0.0, 0.0, 0.0, 1.0 ], [ 0.5, 0.809017, 0.309017, 0.0, -0.809017, 0.309017, 0.5, 0.0, 0.309017, -0.5, 0.809017, 0.0, 0.0, 0.0, 0.0, 1.0 ], [ -0.309017, 0.5, -0.809017, 0.0, -0.5, -0.809017, -0.309017, 0.0, -0.809017, 0.309017, 0.5, 0.0, 0.0, 0.0, 0.0, 1.0 ], [ 0.809017, -0.309017, -0.5, 0.0, 0.309017, -0.5, 0.809017, 0.0, -0.5, -0.809017, -0.309017, 0.0, 0.0, 0.0, 0.0, 1.0 ], [ 0.5, 0.809017, -0.309017, 0.0, -0.809017, 0.309017, -0.5, 0.0, -0.309017, 0.5, 0.809017, 0.0, 0.0, 0.0, 0.0, 1.0 ], [ 0.309017, -0.5, -0.809017, 0.0, -0.5, -0.809017, 0.309017, 0.0, -0.809017, 0.309017, -0.5, 0.0, 0.0, 0.0, 0.0, 1.0 ], [ 0.809017, -0.309017, 0.5, 0.0, -0.309017, 0.5, 0.809017, 0.0, -0.5, -0.809017, 0.309017, 0.0, 0.0, 0.0, 0.0, 1.0 ], [ 0.809017, 0.309017, -0.5, 0.0, -0.309017, -0.5, -0.809017, 0.0, -0.5, 0.809017, -0.309017, 0.0, 0.0, 0.0, 0.0, 1.0 ], [ 0.5, -0.809017, 0.309017, 0.0, -0.809017, -0.309017, 0.5, 0.0, -0.309017, -0.5, -0.809017, 0.0, 0.0, 0.0, 0.0, 1.0 ], [ 0.309017, 0.5, 0.809017, 0.0, -0.5, 0.809017, -0.309017, 0.0, -0.809017, -0.309017, 0.5, 0.0, 0.0, 0.0, 0.0, 1.0 ], [ -1.0, 0.0, 0.0, 0.0, 0.0, -1.0, 0.0, 0.0, 0.0, 0.0, 1.0, 0.0, 0.0, 0.0, 0.0, 1.0 ], [ 0.0, 0.0, -1.0, 0.0, -1.0, 0.0, 0.0, 0.0, 0.0, 1.0, 0.0, 0.0, 0.0, 0.0, 0.0, 1.0 ], [ 0.0, -1.0, 0.0, 0.0, 0.0, 0.0, -1.0, 0.0, 1.0, 0.0, 0.0, 0.0, 0.0, 0.0, 0.0, 1.0 ], [ -0.809017, -0.309017, -0.5, 0.0, -0.309017, -0.5, 0.809017, 0.0, -0.5, 0.809017, 0.309017, 0.0, 0.0, 0.0, 0.0, 1.0 ], [ 0.5, -0.809017, -0.309017, 0.0, -0.809017, -0.309017, -0.5, 0.0, 0.309017, 0.5, -0.809017, 0.0, 0.0, 0.0, 0.0, 1.0 ], [ -0.309017, -0.5, 0.809017, 0.0, 0.5, -0.809017, -0.309017, 0.0, 0.809017, 0.309017, 0.5, 0.0, 0.0, 0.0, 0.0, 1.0 ], [ -0.5, -0.809017, -0.309017, 0.0, -0.809017, 0.309017, 0.5, 0.0, -0.309017, 0.5, -0.809017, 0.0, 0.0, 0.0, 0.0, 1.0 ], [ 0.309017, -0.5, 0.809017, 0.0, -0.5, -0.809017, -0.309017, 0.0, 0.809017, -0.309017, -0.5, 0.0, 0.0, 0.0, 0.0, 1.0 ], [ -0.809017, 0.309017, 0.5, 0.0, 0.309017, -0.5, 0.809017, 0.0, 0.5, 0.809017, 0.309017, 0.0, 0.0, 0.0, 0.0, 1.0 ], [ -0.5, -0.809017, 0.309017, 0.0, -0.809017, 0.309017, -0.5, 0.0, 0.309017, -0.5, -0.809017, 0.0, 0.0, 0.0, 0.0, 1.0 ], [ -0.309017, 0.5, 0.809017, 0.0, -0.5, -0.809017, 0.309017, 0.0, 0.809017, -0.309017, 0.5, 0.0, 0.0, 0.0, 0.0, 1.0 ], [ -0.809017, 0.309017, -0.5, 0.0, -0.309017, 0.5, 0.809017, 0.0, 0.5, 0.809017, -0.309017, 0.0, 0.0, 0.0, 0.0, 1.0 ], [ -0.809017, -0.309017, 0.5, 0.0, -0.309017, -0.5, -0.809017, 0.0, 0.5, -0.809017, 0.309017, 0.0, 0.0, 0.0, 0.0, 1.0 ], [ -0.5, 0.809017, -0.309017, 0.0, -0.809017, -0.309017, 0.5, 0.0, 0.309017, 0.5, 0.809017, 0.0, 0.0, 0.0, 0.0, 1.0 ], [ -0.309017, -0.5, -0.809017, 0.0, -0.5, 0.809017, -0.309017, 0.0, 0.809017, 0.309017, -0.5, 0.0, 0.0, 0.0, 0.0, 1.0 ], [ -1.0, 0.0, 0.0, 0.0, 0.0, 1.0, 0.0, 0.0, 0.0, 0.0, -1.0, 0.0, 0.0, 0.0, 0.0, 1.0 ], [ 0.0, 0.0, -1.0, 0.0, 1.0, 0.0, 0.0, 0.0, 0.0, -1.0, 0.0, 0.0, 0.0, 0.0, 0.0, 1.0 ], [ 0.0, -1.0, 0.0, 0.0, 0.0, 0.0, 1.0, 0.0, -1.0, 0.0, 0.0, 0.0, 0.0, 0.0, 0.0, 1.0 ], [ -0.809017, -0.309017, -0.5, 0.0, 0.309017, 0.5, -0.809017, 0.0, 0.5, -0.809017, -0.309017, 0.0, 0.0, 0.0, 0.0, 1.0 ], [ 0.5, -0.809017, -0.309017, 0.0, 0.809017, 0.309017, 0.5, 0.0, -0.309017, -0.5, 0.809017, 0.0, 0.0, 0.0, 0.0, 1.0 ], [ -0.309017, -0.5, 0.809017, 0.0, -0.5, 0.809017, 0.309017, 0.0, -0.809017, -0.309017, -0.5, 0.0, 0.0, 0.0, 0.0, 1.0 ], [ -0.5, -0.809017, -0.309017, 0.0, 0.809017, -0.309017, -0.5, 0.0, 0.309017, -0.5, 0.809017, 0.0, 0.0, 0.0, 0.0, 1.0 ], [ 0.309017, -0.5, 0.809017, 0.0, 0.5, 0.809017, 0.309017, 0.0, -0.809017, 0.309017, 0.5, 0.0, 0.0, 0.0, 0.0, 1.0 ], [ -0.809017, 0.309017, 0.5, 0.0, -0.309017, 0.5, -0.809017, 0.0, -0.5, -0.809017, -0.309017, 0.0, 0.0, 0.0, 0.0, 1.0 ], [ -0.5, -0.809017, 0.309017, 0.0, 0.809017, -0.309017, 0.5, 0.0, -0.309017, 0.5, 0.809017, 0.0, 0.0, 0.0, 0.0, 1.0 ], [ -0.309017, 0.5, 0.809017, 0.0, 0.5, 0.809017, -0.309017, 0.0, -0.809017, 0.309017, -0.5, 0.0, 0.0, 0.0, 0.0, 1.0 ], [ -0.809017, 0.309017, -0.5, 0.0, 0.309017, -0.5, -0.809017, 0.0, -0.5, -0.809017, 0.309017, 0.0, 0.0, 0.0, 0.0, 1.0 ], [ -0.809017, -0.309017, 0.5, 0.0, 0.309017, 0.5, 0.809017, 0.0, -0.5, 0.809017, -0.309017, 0.0, 0.0, 0.0, 0.0, 1.0 ], [ -0.5, 0.809017, -0.309017, 0.0, 0.809017, 0.309017, -0.5, 0.0, -0.309017, -0.5, -0.809017, 0.0, 0.0, 0.0, 0.0, 1.0 ], [ -0.309017, -0.5, -0.809017, 0.0, 0.5, -0.809017, 0.309017, 0.0, -0.809017, -0.309017, 0.5, 0.0, 0.0, 0.0, 0.0, 1.0 ] ],
  "lights" : {
    "directionalLights" : [ {
      "direction" : [ 1.0, -1.0, -1.0 ],
      "color" : "#EBEBE4"
    }, {
      "direction" : [ -1.0, 0.0, 0.0 ],
      "color" : "#E4E4EB"
    }, {
      "direction" : [ 0.0, 0.0, -1.0 ],
      "color" : "#1E1E1E"
    } ],
    "ambientColor" : "#292929",
    "backgroundColor" : "#AFC8DC"
  },
  "camera" : {
    "position" : {
      "x" : 210.95995,
      "y" : 49.47857,
      "z" : 118.30008
    },
    "width" : 111.09346,
    "nearClipDistance" : 0.6171859,
    "perspective" : true,
    "lookDirectionRV" : {
      "x" : -0.8545236,
      "y" : -0.20042007,
      "z" : -0.4791915,
      "zero" : false
    },
    "fieldOfView" : 0.44262892,
    "viewDistance" : 246.87433,
    "lookAtPointRV" : {
      "x" : 0.0,
      "y" : 0.0,
      "z" : 0.0,
      "zero" : true
    },
    "upDirectionRV" : {
      "x" : 0.5155362,
      "y" : -0.43985,
      "z" : -0.73536384,
      "zero" : false
    },
    "lookDirection" : {
      "x" : -0.8545236,
      "y" : -0.20042007,
      "z" : -0.4791915
    },
    "upDirection" : {
      "x" : 0.5155362,
      "y" : -0.43985,
      "z" : -0.73536384
    },
    "lookAtPoint" : {
      "x" : 0.0,
      "y" : 0.0,
      "z" : 0.0
    },
    "stereo" : false,
    "farClipDistance" : 493.74857
  },
  "embedding" : [ 1.0, 0.0, 0.0, 0.0, 0.0, 1.0, 0.0, 0.0, 0.0, 0.0, 1.0, 0.0, 0.0, 0.0, 0.0, 1.0 ],
  "shapes" : [ {
    "id" : "da07b30f-6747-4761-92d8-249d5335104f",
    "orbit" : "blue",
    "orbitC" : "[[0,0,1],[0,0,1]]",
    "length" : "[1,0,1]",
    "name" : "b1",
    "vertices" : [ {
      "x" : 1.0,
      "y" : 0.309017,
      "z" : 0.19098301
    }, {
      "x" : 1.0,
      "y" : -0.309017,
      "z" : 0.19098301
    }, {
      "x" : 7.472136,
      "y" : -0.309017,
      "z" : 0.19098301
    }, {
      "x" : 7.472136,
      "y" : 0.309017,
      "z" : 0.19098301
    }, {
      "x" : 7.472136,
      "y" : -0.309017,
      "z" : -0.19098301
    }, {
      "x" : 7.472136,
      "y" : 0.309017,
      "z" : -0.19098301
    }, {
      "x" : 8.09017,
      "y" : 0.0,
      "z" : 0.0
    }, {
      "x" : 0.38196602,
      "y" : 0.0,
      "z" : 0.0
    }, {
      "x" : 1.0,
      "y" : 0.309017,
      "z" : -0.19098301
    }, {
      "x" : 1.0,
      "y" : -0.309017,
      "z" : -0.19098301
    }, {
      "x" : 8.472136,
      "y" : 0.0,
      "z" : 0.0
    } ],
    "faces" : [ {
      "vertices" : [ 1, 9, 4, 2 ]
    }, {
      "vertices" : [ 0, 3, 5, 8 ]
    }, {
      "vertices" : [ 1, 7, 9 ]
    }, {
      "vertices" : [ 0, 1, 2, 3 ]
    }, {
      "vertices" : [ 7, 8, 9 ]
    }, {
      "vertices" : [ 0, 7, 1 ]
    }, {
      "vertices" : [ 4, 9, 8, 5 ]
    }, {
      "vertices" : [ 2, 6, 3 ]
    }, {
      "vertices" : [ 2, 4, 6 ]
    }, {
      "vertices" : [ 3, 6, 5 ]
    }, {
      "vertices" : [ 4, 5, 6 ]
    }, {
      "vertices" : [ 0, 8, 7 ]
    } ]
  }, {
    "id" : "ac5d023a-ae0c-4660-aa41-1c0ad18b7834",
    "vertices" : [ {
      "x" : 0.0,
      "y" : 0.0,
      "z" : 0.0
    }, {
      "x" : 0.0,
      "y" : -8.472136,
      "z" : 0.0
    }, {
      "x" : -2.618034,
      "y" : -4.236068,
      "z" : -6.854102
    } ],
    "faces" : [ {
      "vertices" : [ 0, 1, 2 ]
    }, {
      "vertices" : [ 0, 2, 1 ]
    } ]
  }, {
    "id" : "b124998e-be87-4619-b90f-e4288609cdd3",
    "name" : "ball",
    "vertices" : [ {
      "x" : -0.309017,
      "y" : -0.19098301,
      "z" : 0.0
    }, {
      "x" : -0.309017,
      "y" : 0.19098301,
      "z" : 0.0
    }, {
      "x" : -0.19098301,
      "y" : 0.0,
      "z" : -0.309017
    }, {
      "x" : -0.19098301,
      "y" : 0.0,
      "z" : 0.309017
    }, {
      "x" : 0.0,
      "y" : -0.309017,
      "z" : -0.19098301
    }, {
      "x" : 0.0,
      "y" : -0.309017,
      "z" : 0.19098301
    }, {
      "x" : 0.0,
      "y" : 0.309017,
      "z" : -0.19098301
    }, {
      "x" : 0.0,
      "y" : 0.309017,
      "z" : 0.19098301
    }, {
      "x" : 0.19098301,
      "y" : 0.0,
      "z" : -0.309017
    }, {
      "x" : 0.19098301,
      "y" : 0.0,
      "z" : 0.309017
    }, {
      "x" : 0.309017,
      "y" : -0.19098301,
      "z" : 0.0
    }, {
      "x" : 0.309017,
      "y" : 0.19098301,
      "z" : 0.0
    } ],
    "faces" : [ {
      "vertices" : [ 0, 1, 2 ]
    }, {
      "vertices" : [ 0, 3, 1 ]
    }, {
      "vertices" : [ 0, 2, 4 ]
    }, {
      "vertices" : [ 0, 5, 3 ]
    }, {
      "vertices" : [ 0, 4, 5 ]
    }, {
      "vertices" : [ 1, 6, 2 ]
    }, {
      "vertices" : [ 1, 3, 7 ]
    }, {
      "vertices" : [ 1, 7, 6 ]
    }, {
      "vertices" : [ 2, 8, 4 ]
    }, {
      "vertices" : [ 2, 6, 8 ]
    }, {
      "vertices" : [ 3, 5, 9 ]
    }, {
      "vertices" : [ 3, 9, 7 ]
    }, {
      "vertices" : [ 4, 10, 5 ]
    }, {
      "vertices" : [ 4, 8, 10 ]
    }, {
      "vertices" : [ 5, 10, 9 ]
    }, {
      "vertices" : [ 6, 7, 11 ]
    }, {
      "vertices" : [ 6, 11, 8 ]
    }, {
      "vertices" : [ 7, 9, 11 ]
    }, {
      "vertices" : [ 8, 11, 10 ]
    }, {
      "vertices" : [ 9, 10, 11 ]
    } ]
  }, {
    "id" : "3dd21c76-fdcc-4aa0-b907-5d0c486dc911",
    "vertices" : [ {
      "x" : 0.0,
      "y" : 0.0,
      "z" : 0.0
    }, {
      "x" : 4.236068,
      "y" : -6.854102,
      "z" : -2.618034
    }, {
      "x" : 4.236068,
      "y" : -6.854102,
      "z" : -11.09017
    }, {
      "x" : 0.0,
      "y" : 0.0,
      "z" : -13.708204
    }, {
      "x" : -2.618034,
      "y" : 4.236068,
      "z" : -6.854102
    } ],
    "faces" : [ {
      "vertices" : [ 0, 1, 2, 3, 4 ]
    }, {
      "vertices" : [ 0, 4, 3, 2, 1 ]
    } ]
  }, {
    "id" : "05cf0643-fbb2-4e8b-b4ef-1cacabe570ba",
    "vertices" : [ {
      "x" : 0.0,
      "y" : 0.0,
      "z" : 0.0
    }, {
      "x" : 0.0,
      "y" : -8.472136,
      "z" : 0.0
    }, {
      "x" : 0.0,
      "y" : -8.472136,
      "z" : -8.472136
    }, {
      "x" : 0.0,
      "y" : 0.0,
      "z" : -8.472136
    } ],
    "faces" : [ {
      "vertices" : [ 0, 1, 2, 3 ]
    }, {
      "vertices" : [ 0, 3, 2, 1 ]
    } ]
  }, {
    "id" : "8a77a428-82bd-4765-8de5-e4a1f79738b1",
    "vertices" : [ {
      "x" : 0.0,
      "y" : 0.0,
      "z" : 0.0
    }, {
      "x" : 2.618034,
      "y" : 4.236068,
      "z" : 6.854102
    }, {
      "x" : 2.618034,
      "y" : -4.236068,
      "z" : 6.854102
    } ],
    "faces" : [ {
      "vertices" : [ 0, 1, 2 ]
    }, {
      "vertices" : [ 0, 2, 1 ]
    } ]
  }, {
    "id" : "550e7a6f-6943-473d-9677-54df93c9871e",
    "vertices" : [ {
      "x" : 0.0,
      "y" : 0.0,
      "z" : 0.0
    }, {
      "x" : 2.618034,
      "y" : -4.236068,
      "z" : 6.854102
    }, {
      "x" : 0.0,
      "y" : -8.472136,
      "z" : 0.0
    } ],
    "faces" : [ {
      "vertices" : [ 0, 1, 2 ]
    }, {
      "vertices" : [ 0, 2, 1 ]
    } ]
  }, {
    "id" : "58e02d7b-725e-4911-8fb9-866b2a8316b8",
    "vertices" : [ {
      "x" : 0.0,
      "y" : 0.0,
      "z" : 0.0
    }, {
      "x" : 2.618034,
      "y" : -4.236068,
      "z" : 6.854102
    }, {
      "x" : 6.854102,
      "y" : -11.09017,
      "z" : 4.236068
    }, {
      "x" : 6.854102,
      "y" : -11.09017,
      "z" : -4.236068
    }, {
      "x" : 2.618034,
      "y" : -4.236068,
      "z" : -6.854102
    } ],
    "faces" : [ {
      "vertices" : [ 0, 1, 2, 3, 4 ]
    }, {
      "vertices" : [ 0, 4, 3, 2, 1 ]
    } ]
  }, {
    "id" : "4dd73f9f-2495-4db7-babb-c713f193e44e",
    "vertices" : [ {
      "x" : 0.0,
      "y" : 0.0,
      "z" : 0.0
    }, {
      "x" : -2.618034,
      "y" : 4.236068,
      "z" : 6.854102
    }, {
      "x" : 0.0,
      "y" : 0.0,
      "z" : 13.708204
    }, {
      "x" : 4.236068,
      "y" : -6.854102,
      "z" : 11.09017
    }, {
      "x" : 4.236068,
      "y" : -6.854102,
      "z" : 2.618034
    } ],
    "faces" : [ {
      "vertices" : [ 0, 1, 2, 3, 4 ]
    }, {
      "vertices" : [ 0, 4, 3, 2, 1 ]
    } ]
  }, {
    "id" : "6ece3f0d-522b-4f93-a6bd-231d6950abf9",
    "vertices" : [ {
      "x" : 0.0,
      "y" : 0.0,
      "z" : 0.0
    }, {
      "x" : 0.0,
      "y" : 8.472136,
      "z" : 0.0
    }, {
      "x" : 2.618034,
      "y" : 4.236068,
      "z" : 6.854102
    } ],
    "faces" : [ {
      "vertices" : [ 0, 1, 2 ]
    }, {
      "vertices" : [ 0, 2, 1 ]
    } ]
  }, {
    "id" : "2a0c0917-bb35-4918-9c74-d84c9e4e2f91",
    "vertices" : [ {
      "x" : 0.0,
      "y" : 0.0,
      "z" : 0.0
    }, {
      "x" : 0.0,
      "y" : 0.0,
      "z" : -8.472136
    }, {
      "x" : 0.0,
      "y" : 8.472136,
      "z" : -8.472136
    }, {
      "x" : 0.0,
      "y" : 8.472136,
      "z" : 0.0
    } ],
    "faces" : [ {
      "vertices" : [ 0, 1, 2, 3 ]
    }, {
      "vertices" : [ 0, 3, 2, 1 ]
    } ]
  }, {
    "id" : "a3fe6848-c629-45e3-a1c6-992da77a6d15",
    "vertices" : [ {
      "x" : 0.0,
      "y" : 0.0,
      "z" : 0.0
    }, {
      "x" : 0.0,
      "y" : 0.0,
      "z" : -8.472136
    }, {
      "x" : -4.236068,
      "y" : 6.854102,
      "z" : -11.09017
    }, {
      "x" : -6.854102,
      "y" : 11.09017,
      "z" : -4.236068
    }, {
      "x" : -4.236068,
      "y" : 6.854102,
      "z" : 2.618034
    } ],
    "faces" : [ {
      "vertices" : [ 0, 1, 2, 3, 4 ]
    }, {
      "vertices" : [ 0, 4, 3, 2, 1 ]
    } ]
  }, {
    "id" : "3092dd36-652e-4619-9bf7-d926ae383676",
    "vertices" : [ {
      "x" : 0.0,
      "y" : 0.0,
      "z" : 0.0
    }, {
      "x" : 0.0,
      "y" : 0.0,
      "z" : 8.472136
    }, {
      "x" : 0.0,
      "y" : -8.472136,
      "z" : 8.472136
    }, {
      "x" : 0.0,
      "y" : -8.472136,
      "z" : 0.0
    } ],
    "faces" : [ {
      "vertices" : [ 0, 1, 2, 3 ]
    }, {
      "vertices" : [ 0, 3, 2, 1 ]
    } ]
  }, {
    "id" : "e072793d-04b0-4e8e-a05a-dd5851d86ef1",
    "vertices" : [ {
      "x" : 0.0,
      "y" : 0.0,
      "z" : 0.0
    }, {
      "x" : -2.618034,
      "y" : 4.236068,
      "z" : -6.854102
    }, {
      "x" : 0.0,
      "y" : 8.472136,
      "z" : 0.0
    } ],
    "faces" : [ {
      "vertices" : [ 0, 1, 2 ]
    }, {
      "vertices" : [ 0, 2, 1 ]
    } ]
  }, {
    "id" : "c2f7129e-ab37-402d-99a1-5c74633ae161",
    "vertices" : [ {
      "x" : 0.0,
      "y" : 0.0,
      "z" : 0.0
    }, {
      "x" : -4.236068,
      "y" : 6.854102,
      "z" : -2.618034
    }, {
      "x" : -6.854102,
      "y" : 11.09017,
      "z" : 4.236068
    }, {
      "x" : -4.236068,
      "y" : 6.854102,
      "z" : 11.09017
    }, {
      "x" : 0.0,
      "y" : 0.0,
      "z" : 8.472136
    } ],
    "faces" : [ {
      "vertices" : [ 0, 1, 2, 3, 4 ]
    }, {
      "vertices" : [ 0, 4, 3, 2, 1 ]
    } ]
  }, {
    "id" : "3d28b05f-06bf-4582-8fa9-28d7648bb7db",
    "vertices" : [ {
      "x" : 0.0,
      "y" : 0.0,
      "z" : 0.0
    }, {
      "x" : 0.0,
      "y" : 8.472136,
      "z" : 0.0
    }, {
      "x" : 0.0,
      "y" : 8.472136,
      "z" : 8.472136
    }, {
      "x" : 0.0,
      "y" : 0.0,
      "z" : 8.472136
    } ],
    "faces" : [ {
      "vertices" : [ 0, 1, 2, 3 ]
    }, {
      "vertices" : [ 0, 3, 2, 1 ]
    } ]
  } ],
  "instances" : [ {
    "shape" : "da07b30f-6747-4761-92d8-249d5335104f",
    "color" : "#00FFFF",
    "position" : {
      "x" : -4.236068,
      "y" : 11.09017,
      "z" : -22.18034
    },
    "orientation" : 38
  }, {
    "shape" : "da07b30f-6747-4761-92d8-249d5335104f",
    "color" : "#CCFF00",
    "position" : {
      "x" : -13.708204,
      "y" : -40.12461,
      "z" : 24.798374
    },
    "orientation" : 25
  }, {
    "shape" : "da07b30f-6747-4761-92d8-249d5335104f",
    "color" : "#CCFF00",
    "position" : {
      "x" : -11.09017,
      "y" : -22.18034,
      "z" : 31.652475
    },
    "orientation" : 8
  }, {
    "shape" : "ac5d023a-ae0c-4660-aa41-1c0ad18b7834",
    "color" : "#00FFFF",
    "position" : {
      "x" : 4.236068,
      "y" : -11.09017,
      "z" : 22.18034
    },
    "orientation" : 17
  }, {
    "shape" : "da07b30f-6747-4761-92d8-249d5335104f",
    "color" : "#00FFFF",
    "position" : {
      "x" : 22.18034,
      "y" : -4.236068,
      "z" : -11.09017
    },
    "orientation" : 36
  }, {
    "shape" : "da07b30f-6747-4761-92d8-249d5335104f",
    "color" : "#CCFF00",
    "position" : {
      "x" : -4.236068,
      "y" : -33.27051,
      "z" : 0.0
    },
    "orientation" : 21
  }, {
    "shape" : "da07b30f-6747-4761-92d8-249d5335104f",
    "color" : "#00FFFF",
    "position" : {
      "x" : 11.09017,
      "y" : 22.18034,
      "z" : 4.236068
    },
    "orientation" : 47
  }, {
    "shape" : "da07b30f-6747-4761-92d8-249d5335104f",
    "color" : "#FF00FF",
    "position" : {
      "x" : 6.854102,
      "y" : 6.854102,
      "z" : 6.854102
    },
    "orientation" : 41
  }, {
    "shape" : "b124998e-be87-4619-b90f-e4288609cdd3",
    "color" : "#F2F2F2",
    "position" : {
      "x" : 4.236068,
      "y" : -11.09017,
      "z" : 22.18034
    }
  }, {
    "shape" : "da07b30f-6747-4761-92d8-249d5335104f",
    "color" : "#00FFFF",
    "position" : {
      "x" : 22.18034,
      "y" : -4.236068,
      "z" : 11.09017
    },
    "orientation" : 39
  }, {
    "shape" : "b124998e-be87-4619-b90f-e4288609cdd3",
    "color" : "#F2F2F2",
    "position" : {
      "x" : -6.854102,
      "y" : 6.854102,
      "z" : -6.854102
    }
  }, {
    "shape" : "da07b30f-6747-4761-92d8-249d5335104f",
    "color" : "#CCFF00",
    "position" : {
      "x" : -13.708204,
      "y" : -17.944271,
      "z" : 24.798374
    },
    "orientation" : 11
  }, {
    "shape" : "3dd21c76-fdcc-4aa0-b907-5d0c486dc911",
    "color" : "#CCFF00",
    "position" : {
      "x" : 6.854102,
      "y" : -15.326238,
      "z" : 29.034441
    },
    "orientation" : 1
  }, {
    "shape" : "ac5d023a-ae0c-4660-aa41-1c0ad18b7834",
    "color" : "#CCFF00",
    "position" : {
      "x" : -15.326238,
      "y" : -29.034441,
      "z" : 29.034441
    },
    "orientation" : 38
  }, {
    "shape" : "05cf0643-fbb2-4e8b-b4ef-1cacabe570ba",
    "color" : "#CCFF00",
    "position" : {
      "x" : 15.326238,
      "y" : -29.034441,
      "z" : 6.854102
    },
    "orientation" : 26
  }, {
    "shape" : "ac5d023a-ae0c-4660-aa41-1c0ad18b7834",
    "color" : "#00FFFF",
    "position" : {
      "x" : -13.708204,
      "y" : 17.944271,
      "z" : -11.09017
    },
    "orientation" : 5
  }, {
    "shape" : "b124998e-be87-4619-b90f-e4288609cdd3",
    "color" : "#F2F2F2",
    "position" : {
      "x" : 0.0,
      "y" : -4.236068,
      "z" : 24.798374
    }
  }, {
    "shape" : "b124998e-be87-4619-b90f-e4288609cdd3",
    "color" : "#F2F2F2",
    "position" : {
      "x" : 22.18034,
      "y" : -4.236068,
      "z" : 11.09017
    }
  }, {
    "shape" : "da07b30f-6747-4761-92d8-249d5335104f",
    "color" : "#CCFF00",
    "position" : {
      "x" : 4.236068,
      "y" : -46.978714,
      "z" : 13.708204
    },
    "orientation" : 52
  }, {
    "shape" : "8a77a428-82bd-4765-8de5-e4a1f79738b1",
    "color" : "#CCFF00",
    "position" : {
      "x" : 13.708204,
      "y" : -40.12461,
      "z" : 24.798374
    },
    "orientation" : 5
  }, {
    "shape" : "b124998e-be87-4619-b90f-e4288609cdd3",
    "color" : "#F2F2F2",
    "position" : {
      "x" : 17.944271,
      "y" : -24.798374,
      "z" : 22.18034
    }
  }, {
    "shape" : "b124998e-be87-4619-b90f-e4288609cdd3",
    "color" : "#F2F2F2",
    "position" : {
      "x" : 0.0,
      "y" : -40.12461,
      "z" : 2.618034
    }
  }, {
    "shape" : "550e7a6f-6943-473d-9677-54df93c9871e",
    "color" : "#CCFF00",
    "position" : {
      "x" : 4.236068,
      "y" : -24.798374,
      "z" : 0.0
    },
    "orientation" : 2
  }, {
    "shape" : "da07b30f-6747-4761-92d8-249d5335104f",
    "color" : "#CCFF00",
    "position" : {
      "x" : 17.944271,
      "y" : -33.27051,
      "z" : 13.708204
    },
    "orientation" : 36
  }, {
    "shape" : "b124998e-be87-4619-b90f-e4288609cdd3",
    "color" : "#F2F2F2",
    "position" : {
      "x" : 22.18034,
      "y" : 4.236068,
      "z" : 11.09017
    }
  }, {
    "shape" : "8a77a428-82bd-4765-8de5-e4a1f79738b1",
    "color" : "#00FFFF",
    "position" : {
      "x" : -11.09017,
      "y" : -22.18034,
      "z" : 4.236068
    },
    "orientation" : 6
  }, {
    "shape" : "b124998e-be87-4619-b90f-e4288609cdd3",
    "color" : "#F2F2F2",
    "position" : {
      "x" : -11.09017,
      "y" : -35.888542,
      "z" : 31.652475
    }
  }, {
    "shape" : "da07b30f-6747-4761-92d8-249d5335104f",
    "color" : "#CCFF00",
    "position" : {
      "x" : -6.854102,
      "y" : -15.326238,
      "z" : 29.034441
    },
    "orientation" : 39
  }, {
    "shape" : "58e02d7b-725e-4911-8fb9-866b2a8316b8",
    "color" : "#CCFF00",
    "position" : {
      "x" : 11.09017,
      "y" : -13.708204,
      "z" : 17.944271
    },
    "orientation" : 0
  }, {
    "shape" : "da07b30f-6747-4761-92d8-249d5335104f",
    "color" : "#00FFFF",
    "position" : {
      "x" : 11.09017,
      "y" : -13.708204,
      "z" : -17.944271
    },
    "orientation" : 56
  }, {
    "shape" : "b124998e-be87-4619-b90f-e4288609cdd3",
    "color" : "#F2F2F2",
    "position" : {
      "x" : 0.0,
      "y" : 4.236068,
      "z" : 24.798374
    }
  }, {
    "shape" : "da07b30f-6747-4761-92d8-249d5335104f",
    "color" : "#FF00FF",
    "position" : {
      "x" : -4.236068,
      "y" : 11.09017,
      "z" : 0.0
    },
    "orientation" : 22
  }, {
    "shape" : "3dd21c76-fdcc-4aa0-b907-5d0c486dc911",
    "color" : "#FF00FF",
    "position" : {
      "x" : 6.854102,
      "y" : -6.854102,
      "z" : -6.854102
    },
    "orientation" : 15
  }, {
    "shape" : "8a77a428-82bd-4765-8de5-e4a1f79738b1",
    "color" : "#CCFF00",
    "position" : {
      "x" : 0.0,
      "y" : -40.12461,
      "z" : 33.27051
    },
    "orientation" : 2
  }, {
    "shape" : "da07b30f-6747-4761-92d8-249d5335104f",
    "color" : "#CCFF00",
    "position" : {
      "x" : 17.944271,
      "y" : -24.798374,
      "z" : 22.18034
    },
    "orientation" : 51
  }, {
    "shape" : "da07b30f-6747-4761-92d8-249d5335104f",
    "color" : "#CCFF00",
    "position" : {
      "x" : 4.236068,
      "y" : -46.978714,
      "z" : 13.708204
    },
    "orientation" : 2
  }, {
    "shape" : "58e02d7b-725e-4911-8fb9-866b2a8316b8",
    "color" : "#CCFF00",
    "position" : {
      "x" : -15.326238,
      "y" : -29.034441,
      "z" : 29.034441
    },
    "orientation" : 32
  }, {
    "shape" : "05cf0643-fbb2-4e8b-b4ef-1cacabe570ba",
    "color" : "#CCFF00",
    "position" : {
      "x" : 6.854102,
      "y" : -15.326238,
      "z" : 6.854102
    },
    "orientation" : 52
  }, {
    "shape" : "b124998e-be87-4619-b90f-e4288609cdd3",
    "color" : "#F2F2F2",
    "position" : {
      "x" : 13.708204,
      "y" : 17.944271,
      "z" : 11.09017
    }
  }, {
    "shape" : "da07b30f-6747-4761-92d8-249d5335104f",
    "color" : "#FF00FF",
    "position" : {
      "x" : 6.854102,
      "y" : -6.854102,
      "z" : 6.854102
    },
    "orientation" : 38
  }, {
    "shape" : "da07b30f-6747-4761-92d8-249d5335104f",
    "color" : "#CCFF00",
    "position" : {
      "x" : -15.326238,
      "y" : -29.034441,
      "z" : 6.854102
    },
    "orientation" : 7
  }, {
    "shape" : "b124998e-be87-4619-b90f-e4288609cdd3",
    "color" : "#F2F2F2",
    "position" : {
      "x" : -22.18034,
      "y" : 4.236068,
      "z" : -11.09017
    }
  }, {
    "shape" : "b124998e-be87-4619-b90f-e4288609cdd3",
    "color" : "#F2F2F2",
    "position" : {
      "x" : -6.854102,
      "y" : -15.326238,
      "z" : 29.034441
    }
  }, {
    "shape" : "b124998e-be87-4619-b90f-e4288609cdd3",
    "color" : "#F2F2F2",
    "position" : {
      "x" : 11.09017,
      "y" : -35.888542,
      "z" : 31.652475
    }
  }, {
    "shape" : "4dd73f9f-2495-4db7-babb-c713f193e44e",
    "color" : "#FF00FF",
    "position" : {
      "x" : 6.854102,
      "y" : 6.854102,
      "z" : -6.854102
    },
    "orientation" : 46
  }, {
    "shape" : "da07b30f-6747-4761-92d8-249d5335104f",
    "color" : "#CCFF00",
    "position" : {
      "x" : 17.944271,
      "y" : -33.27051,
      "z" : 13.708204
    },
    "orientation" : 1
  }, {
    "shape" : "da07b30f-6747-4761-92d8-249d5335104f",
    "color" : "#CCFF00",
    "position" : {
      "x" : 11.09017,
      "y" : -35.888542,
      "z" : 31.652475
    },
    "orientation" : 25
  }, {
    "shape" : "da07b30f-6747-4761-92d8-249d5335104f",
    "color" : "#00FFFF",
    "position" : {
      "x" : -22.18034,
      "y" : 4.236068,
      "z" : -11.09017
    },
    "orientation" : 6
  }, {
    "shape" : "da07b30f-6747-4761-92d8-249d5335104f",
    "color" : "#00FFFF",
    "position" : {
      "x" : 11.09017,
      "y" : -22.18034,
      "z" : -4.236068
    },
    "orientation" : 2
  }, {
    "shape" : "6ece3f0d-522b-4f93-a6bd-231d6950abf9",
    "color" : "#CCFF00",
    "position" : {
      "x" : 4.236068,
      "y" : -11.09017,
      "z" : 22.18034
    },
    "orientation" : 16
  }, {
    "shape" : "da07b30f-6747-4761-92d8-249d5335104f",
    "color" : "#00FFFF",
    "position" : {
      "x" : 4.236068,
      "y" : 11.09017,
      "z" : 22.18034
    },
    "orientation" : 45
  }, {
    "shape" : "2a0c0917-bb35-4918-9c74-d84c9e4e2f91",
    "color" : "#CCFF00",
    "position" : {
      "x" : 4.236068,
      "y" : -24.798374,
      "z" : 35.888542
    },
    "orientation" : 10
  }, {
    "shape" : "b124998e-be87-4619-b90f-e4288609cdd3",
    "color" : "#F2F2F2",
    "position" : {
      "x" : 15.326238,
      "y" : -29.034441,
      "z" : 29.034441
    }
  }, {
    "shape" : "da07b30f-6747-4761-92d8-249d5335104f",
    "color" : "#FF00FF",
    "position" : {
      "x" : 6.854102,
      "y" : 6.854102,
      "z" : -6.854102
    },
    "orientation" : 53
  }, {
    "shape" : "da07b30f-6747-4761-92d8-249d5335104f",
    "color" : "#CCFF00",
    "position" : {
      "x" : 4.236068,
      "y" : -33.27051,
      "z" : 35.888542
    },
    "orientation" : 36
  }, {
    "shape" : "b124998e-be87-4619-b90f-e4288609cdd3",
    "color" : "#F2F2F2",
    "position" : {
      "x" : -22.18034,
      "y" : 4.236068,
      "z" : 11.09017
    }
  }, {
    "shape" : "da07b30f-6747-4761-92d8-249d5335104f",
    "color" : "#CCFF00",
    "position" : {
      "x" : 17.944271,
      "y" : -33.27051,
      "z" : 22.18034
    },
    "orientation" : 47
  }, {
    "shape" : "b124998e-be87-4619-b90f-e4288609cdd3",
    "color" : "#F2F2F2",
    "position" : {
      "x" : -11.09017,
      "y" : -22.18034,
      "z" : -4.236068
    }
  }, {
    "shape" : "b124998e-be87-4619-b90f-e4288609cdd3",
    "color" : "#F2F2F2",
    "position" : {
      "x" : 11.09017,
      "y" : 22.18034,
      "z" : 4.236068
    }
  }, {
    "shape" : "da07b30f-6747-4761-92d8-249d5335104f",
    "color" : "#00FFFF",
    "position" : {
      "x" : 11.09017,
      "y" : -13.708204,
      "z" : 17.944271
    },
    "orientation" : 25
  }, {
    "shape" : "da07b30f-6747-4761-92d8-249d5335104f",
    "color" : "#CCFF00",
    "position" : {
      "x" : 13.708204,
      "y" : -40.12461,
      "z" : 24.798374
    },
    "orientation" : 41
  }, {
    "shape" : "da07b30f-6747-4761-92d8-249d5335104f",
    "color" : "#00FFFF",
    "position" : {
      "x" : -11.09017,
      "y" : -13.708204,
      "z" : -17.944271
    },
    "orientation" : 40
  }, {
    "shape" : "b124998e-be87-4619-b90f-e4288609cdd3",
    "color" : "#F2F2F2",
    "position" : {
      "x" : 11.09017,
      "y" : 13.708204,
      "z" : 17.944271
    }
  }, {
    "shape" : "58e02d7b-725e-4911-8fb9-866b2a8316b8",
    "color" : "#CCFF00",
    "position" : {
      "x" : 0.0,
      "y" : -40.12461,
      "z" : 2.618034
    },
    "orientation" : 16
  }, {
    "shape" : "da07b30f-6747-4761-92d8-249d5335104f",
    "color" : "#00FFFF",
    "position" : {
      "x" : 17.944271,
      "y" : -11.09017,
      "z" : 13.708204
    },
    "orientation" : 41
  }, {
    "shape" : "ac5d023a-ae0c-4660-aa41-1c0ad18b7834",
    "color" : "#00FFFF",
    "position" : {
      "x" : 11.09017,
      "y" : 22.18034,
      "z" : -4.236068
    },
    "orientation" : 16
  }, {
    "shape" : "b124998e-be87-4619-b90f-e4288609cdd3",
    "color" : "#F2F2F2",
    "position" : {
      "x" : 4.236068,
      "y" : 11.09017,
      "z" : 0.0
    }
  }, {
    "shape" : "da07b30f-6747-4761-92d8-249d5335104f",
    "color" : "#CCFF00",
    "position" : {
      "x" : 0.0,
      "y" : -17.944271,
      "z" : 2.618034
    },
    "orientation" : 36
  }, {
    "shape" : "4dd73f9f-2495-4db7-babb-c713f193e44e",
    "color" : "#CCFF00",
    "position" : {
      "x" : 13.708204,
      "y" : -40.12461,
      "z" : 24.798374
    },
    "orientation" : 15
  }, {
    "shape" : "da07b30f-6747-4761-92d8-249d5335104f",
    "color" : "#FF00FF",
    "position" : {
      "x" : -6.854102,
      "y" : 6.854102,
      "z" : 6.854102
    },
    "orientation" : 36
  }, {
    "shape" : "da07b30f-6747-4761-92d8-249d5335104f",
    "color" : "#FF00FF",
    "position" : {
      "x" : -6.854102,
      "y" : -6.854102,
      "z" : 6.854102
    },
    "orientation" : 54
  }, {
    "shape" : "da07b30f-6747-4761-92d8-249d5335104f",
    "color" : "#CCFF00",
    "position" : {
      "x" : 6.854102,
      "y" : -15.326238,
      "z" : 6.854102
    },
    "orientation" : 7
  }, {
    "shape" : "da07b30f-6747-4761-92d8-249d5335104f",
    "color" : "#FF00FF",
    "position" : {
      "x" : 0.0,
      "y" : 4.236068,
      "z" : 11.09017
    },
    "orientation" : 56
  }, {
    "shape" : "b124998e-be87-4619-b90f-e4288609cdd3",
    "color" : "#F2F2F2",
    "position" : {
      "x" : -11.09017,
      "y" : 13.708204,
      "z" : -17.944271
    }
  }, {
    "shape" : "da07b30f-6747-4761-92d8-249d5335104f",
    "color" : "#FF00FF",
    "position" : {
      "x" : 0.0,
      "y" : 4.236068,
      "z" : -11.09017
    },
    "orientation" : 38
  }, {
    "shape" : "da07b30f-6747-4761-92d8-249d5335104f",
    "color" : "#00FFFF",
    "position" : {
      "x" : 0.0,
      "y" : -4.236068,
      "z" : -24.798374
    },
    "orientation" : 21
  }, {
    "shape" : "b124998e-be87-4619-b90f-e4288609cdd3",
    "color" : "#F2F2F2",
    "position" : {
      "x" : -11.09017,
      "y" : 13.708204,
      "z" : 17.944271
    }
  }, {
    "shape" : "da07b30f-6747-4761-92d8-249d5335104f",
    "color" : "#FF00FF",
    "position" : {
      "x" : -4.236068,
      "y" : -11.09017,
      "z" : 0.0
    },
    "orientation" : 7
  }, {
    "shape" : "da07b30f-6747-4761-92d8-249d5335104f",
    "color" : "#CCFF00",
    "position" : {
      "x" : 15.326238,
      "y" : -29.034441,
      "z" : 29.034441
    },
    "orientation" : 39
  }, {
    "shape" : "da07b30f-6747-4761-92d8-249d5335104f",
    "color" : "#00FFFF",
    "position" : {
      "x" : -22.18034,
      "y" : -4.236068,
      "z" : 11.09017
    },
    "orientation" : 1
  }, {
    "shape" : "b124998e-be87-4619-b90f-e4288609cdd3",
    "color" : "#F2F2F2",
    "position" : {
      "x" : -15.326238,
      "y" : -29.034441,
      "z" : 29.034441
    }
  }, {
    "shape" : "da07b30f-6747-4761-92d8-249d5335104f",
    "color" : "#CCFF00",
    "position" : {
      "x" : -11.09017,
      "y" : -44.36068,
      "z" : 17.944271
    },
    "orientation" : 55
  }, {
    "shape" : "b124998e-be87-4619-b90f-e4288609cdd3",
    "color" : "#F2F2F2",
    "position" : {
      "x" : 11.09017,
      "y" : -44.36068,
      "z" : 17.944271
    }
  }, {
    "shape" : "da07b30f-6747-4761-92d8-249d5335104f",
    "color" : "#00FFFF",
    "position" : {
      "x" : 24.798374,
      "y" : 0.0,
      "z" : 4.236068
    },
    "orientation" : 7
  }, {
    "shape" : "6ece3f0d-522b-4f93-a6bd-231d6950abf9",
    "color" : "#CCFF00",
    "position" : {
      "x" : 13.708204,
      "y" : -17.944271,
      "z" : 11.09017
    },
    "orientation" : 39
  }, {
    "shape" : "da07b30f-6747-4761-92d8-249d5335104f",
    "color" : "#00FFFF",
    "position" : {
      "x" : -13.708204,
      "y" : -17.944271,
      "z" : 11.09017
    },
    "orientation" : 10
  }, {
    "shape" : "da07b30f-6747-4761-92d8-249d5335104f",
    "color" : "#00FFFF",
    "position" : {
      "x" : -11.09017,
      "y" : 22.18034,
      "z" : -4.236068
    },
    "orientation" : 22
  }, {
    "shape" : "b124998e-be87-4619-b90f-e4288609cdd3",
    "color" : "#F2F2F2",
    "position" : {
      "x" : -11.09017,
      "y" : 0.0,
      "z" : 4.236068
    }
  }, {
    "shape" : "58e02d7b-725e-4911-8fb9-866b2a8316b8",
    "color" : "#CCFF00",
    "position" : {
      "x" : 15.326238,
      "y" : -29.034441,
      "z" : 29.034441
    },
    "orientation" : 2
  }, {
    "shape" : "da07b30f-6747-4761-92d8-249d5335104f",
    "color" : "#CCFF00",
    "position" : {
      "x" : 4.236068,
      "y" : -11.09017,
      "z" : 22.18034
    },
    "orientation" : 47
  }, {
    "shape" : "da07b30f-6747-4761-92d8-249d5335104f",
    "color" : "#00FFFF",
    "position" : {
      "x" : 24.798374,
      "y" : 0.0,
      "z" : 4.236068
    },
    "orientation" : 47
  }, {
    "shape" : "da07b30f-6747-4761-92d8-249d5335104f",
    "color" : "#00FFFF",
    "position" : {
      "x" : -4.236068,
      "y" : -11.09017,
      "z" : -22.18034
    },
    "orientation" : 6
  }, {
    "shape" : "da07b30f-6747-4761-92d8-249d5335104f",
    "color" : "#00FFFF",
    "position" : {
      "x" : -17.944271,
      "y" : 11.09017,
      "z" : -13.708204
    },
    "orientation" : 9
  }, {
    "shape" : "da07b30f-6747-4761-92d8-249d5335104f",
    "color" : "#CCFF00",
    "position" : {
      "x" : 0.0,
      "y" : -17.944271,
      "z" : 2.618034
    },
    "orientation" : 11
  }, {
    "shape" : "da07b30f-6747-4761-92d8-249d5335104f",
    "color" : "#00FFFF",
    "position" : {
      "x" : 4.236068,
      "y" : 24.798374,
      "z" : 0.0
    },
    "orientation" : 8
  }, {
    "shape" : "b124998e-be87-4619-b90f-e4288609cdd3",
    "color" : "#F2F2F2",
    "position" : {
      "x" : 4.236068,
      "y" : -46.978714,
      "z" : 22.18034
    }
  }, {
    "shape" : "a3fe6848-c629-45e3-a1c6-992da77a6d15",
    "color" : "#FF00FF",
    "position" : {
      "x" : 11.09017,
      "y" : 0.0,
      "z" : 4.236068
    },
    "orientation" : 0
  }, {
    "shape" : "05cf0643-fbb2-4e8b-b4ef-1cacabe570ba",
    "color" : "#CCFF00",
    "position" : {
      "x" : 17.944271,
      "y" : -24.798374,
      "z" : 22.18034
    },
    "orientation" : 0
  }, {
    "shape" : "b124998e-be87-4619-b90f-e4288609cdd3",
    "color" : "#F2F2F2",
    "position" : {
      "x" : -17.944271,
      "y" : -11.09017,
      "z" : 13.708204
    }
  }, {
    "shape" : "da07b30f-6747-4761-92d8-249d5335104f",
    "color" : "#CCFF00",
    "position" : {
      "x" : -17.944271,
      "y" : -33.27051,
      "z" : 13.708204
    },
    "orientation" : 52
  }, {
    "shape" : "b124998e-be87-4619-b90f-e4288609cdd3",
    "color" : "#F2F2F2",
    "position" : {
      "x" : 17.944271,
      "y" : -24.798374,
      "z" : 13.708204
    }
  }, {
    "shape" : "58e02d7b-725e-4911-8fb9-866b2a8316b8",
    "color" : "#CCFF00",
    "position" : {
      "x" : -15.326238,
      "y" : -29.034441,
      "z" : 6.854102
    },
    "orientation" : 47
  }, {
    "shape" : "da07b30f-6747-4761-92d8-249d5335104f",
    "color" : "#CCFF00",
    "position" : {
      "x" : -11.09017,
      "y" : -22.18034,
      "z" : 31.652475
    },
    "orientation" : 55
  }, {
    "shape" : "da07b30f-6747-4761-92d8-249d5335104f",
    "color" : "#CCFF00",
    "position" : {
      "x" : -13.708204,
      "y" : -17.944271,
      "z" : 24.798374
    },
    "orientation" : 36
  }, {
    "shape" : "b124998e-be87-4619-b90f-e4288609cdd3",
    "color" : "#F2F2F2",
    "position" : {
      "x" : -24.798374,
      "y" : 0.0,
      "z" : -4.236068
    }
  }, {
    "shape" : "6ece3f0d-522b-4f93-a6bd-231d6950abf9",
    "color" : "#CCFF00",
    "position" : {
      "x" : -11.09017,
      "y" : -13.708204,
      "z" : 17.944271
    },
    "orientation" : 21
  }, {
    "shape" : "8a77a428-82bd-4765-8de5-e4a1f79738b1",
    "color" : "#CCFF00",
    "position" : {
      "x" : -15.326238,
      "y" : -29.034441,
      "z" : 6.854102
    },
    "orientation" : 30
  }, {
    "shape" : "da07b30f-6747-4761-92d8-249d5335104f",
    "color" : "#FF00FF",
    "position" : {
      "x" : 11.09017,
      "y" : 0.0,
      "z" : -4.236068
    },
    "orientation" : 54
  }, {
    "shape" : "da07b30f-6747-4761-92d8-249d5335104f",
    "color" : "#CCFF00",
    "position" : {
      "x" : 0.0,
      "y" : -40.12461,
      "z" : 33.27051
    },
    "orientation" : 51
  }, {
    "shape" : "b124998e-be87-4619-b90f-e4288609cdd3",
    "color" : "#F2F2F2",
    "position" : {
      "x" : -11.09017,
      "y" : -35.888542,
      "z" : 4.236068
    }
  }, {
    "shape" : "4dd73f9f-2495-4db7-babb-c713f193e44e",
    "color" : "#FF00FF",
    "position" : {
      "x" : -6.854102,
      "y" : 6.854102,
      "z" : 6.854102
    },
    "orientation" : 45
  }, {
    "shape" : "b124998e-be87-4619-b90f-e4288609cdd3",
    "color" : "#F2F2F2",
    "position" : {
      "x" : 6.854102,
      "y" : -6.854102,
      "z" : 6.854102
    }
  }, {
    "shape" : "da07b30f-6747-4761-92d8-249d5335104f",
    "color" : "#CCFF00",
    "position" : {
      "x" : -4.236068,
      "y" : -11.09017,
      "z" : 13.708204
    },
    "orientation" : 22
  }, {
    "shape" : "2a0c0917-bb35-4918-9c74-d84c9e4e2f91",
    "color" : "#CCFF00",
    "position" : {
      "x" : -11.09017,
