{
  "polygons" : "true",
  "field" : "golden",
  "symmetry" : "icosahedral",
  "orientations" : [ [ 1.0, 0.0, 0.0, 0.0, 0.0, 1.0, 0.0, 0.0, 0.0, 0.0, 1.0, 0.0, 0.0, 0.0, 0.0, 1.0 ], [ 0.0, 0.0, 1.0, 0.0, 1.0, 0.0, 0.0, 0.0, 0.0, 1.0, 0.0, 0.0, 0.0, 0.0, 0.0, 1.0 ], [ 0.0, 1.0, 0.0, 0.0, 0.0, 0.0, 1.0, 0.0, 1.0, 0.0, 0.0, 0.0, 0.0, 0.0, 0.0, 1.0 ], [ 0.809017, 0.309017, 0.5, 0.0, 0.309017, 0.5, -0.809017, 0.0, -0.5, 0.809017, 0.309017, 0.0, 0.0, 0.0, 0.0, 1.0 ], [ -0.5, 0.809017, 0.309017, 0.0, 0.809017, 0.309017, 0.5, 0.0, 0.309017, 0.5, -0.809017, 0.0, 0.0, 0.0, 0.0, 1.0 ], [ 0.309017, 0.5, -0.809017, 0.0, -0.5, 0.809017, 0.309017, 0.0, 0.809017, 0.309017, 0.5, 0.0, 0.0, 0.0, 0.0, 1.0 ], [ 0.5, 0.809017, 0.309017, 0.0, 0.809017, -0.309017, -0.5, 0.0, -0.309017, 0.5, -0.809017, 0.0, 0.0, 0.0, 0.0, 1.0 ], [ -0.309017, 0.5, -0.809017, 0.0, 0.5, 0.809017, 0.309017, 0.0, 0.809017, -0.309017, -0.5, 0.0, 0.0, 0.0, 0.0, 1.0 ], [ 0.809017, -0.309017, -0.5, 0.0, -0.309017, 0.5, -0.809017, 0.0, 0.5, 0.809017, 0.309017, 0.0, 0.0, 0.0, 0.0, 1.0 ], [ 0.5, 0.809017, -0.309017, 0.0, 0.809017, -0.309017, 0.5, 0.0, 0.309017, -0.5, -0.809017, 0.0, 0.0, 0.0, 0.0, 1.0 ], [ 0.309017, -0.5, -0.809017, 0.0, 0.5, 0.809017, -0.309017, 0.0, 0.809017, -0.309017, 0.5, 0.0, 0.0, 0.0, 0.0, 1.0 ], [ 0.809017, -0.309017, 0.5, 0.0, 0.309017, -0.5, -0.809017, 0.0, 0.5, 0.809017, -0.309017, 0.0, 0.0, 0.0, 0.0, 1.0 ], [ 0.809017, 0.309017, -0.5, 0.0, 0.309017, 0.5, 0.809017, 0.0, 0.5, -0.809017, 0.309017, 0.0, 0.0, 0.0, 0.0, 1.0 ], [ 0.5, -0.809017, 0.309017, 0.0, 0.809017, 0.309017, -0.5, 0.0, 0.309017, 0.5, 0.809017, 0.0, 0.0, 0.0, 0.0, 1.0 ], [ 0.309017, 0.5, 0.809017, 0.0, 0.5, -0.809017, 0.309017, 0.0, 0.809017, 0.309017, -0.5, 0.0, 0.0, 0.0, 0.0, 1.0 ], [ 1.0, 0.0, 0.0, 0.0, 0.0, -1.0, 0.0, 0.0, 0.0, 0.0, -1.0, 0.0, 0.0, 0.0, 0.0, 1.0 ], [ 0.0, 0.0, 1.0, 0.0, -1.0, 0.0, 0.0, 0.0, 0.0, -1.0, 0.0, 0.0, 0.0, 0.0, 0.0, 1.0 ], [ 0.0, 1.0, 0.0, 0.0, 0.0, 0.0, -1.0, 0.0, -1.0, 0.0, 0.0, 0.0, 0.0, 0.0, 0.0, 1.0 ], [ 0.809017, 0.309017, 0.5, 0.0, -0.309017, -0.5, 0.809017, 0.0, 0.5, -0.809017, -0.309017, 0.0, 0.0, 0.0, 0.0, 1.0 ], [ -0.5, 0.809017, 0.309017, 0.0, -0.809017, -0.309017, -0.5, 0.0, -0.309017, -0.5, 0.809017, 0.0, 0.0, 0.0, 0.0, 1.0 ], [ 0.309017, 0.5, -0.809017, 0.0, 0.5, -0.809017, -0.309017, 0.0, -0.809017, -0.309017, -0.5, 0.0, 0.0, 0.0, 0.0, 1.0 ], [ 0.5, 0.809017, 0.309017, 0.0, -0.809017, 0.309017, 0.5, 0.0, 0.309017, -0.5, 0.809017, 0.0, 0.0, 0.0, 0.0, 1.0 ], [ -0.309017, 0.5, -0.809017, 0.0, -0.5, -0.809017, -0.309017, 0.0, -0.809017, 0.309017, 0.5, 0.0, 0.0, 0.0, 0.0, 1.0 ], [ 0.809017, -0.309017, -0.5, 0.0, 0.309017, -0.5, 0.809017, 0.0, -0.5, -0.809017, -0.309017, 0.0, 0.0, 0.0, 0.0, 1.0 ], [ 0.5, 0.809017, -0.309017, 0.0, -0.809017, 0.309017, -0.5, 0.0, -0.309017, 0.5, 0.809017, 0.0, 0.0, 0.0, 0.0, 1.0 ], [ 0.309017, -0.5, -0.809017, 0.0, -0.5, -0.809017, 0.309017, 0.0, -0.809017, 0.309017, -0.5, 0.0, 0.0, 0.0, 0.0, 1.0 ], [ 0.809017, -0.309017, 0.5, 0.0, -0.309017, 0.5, 0.809017, 0.0, -0.5, -0.809017, 0.309017, 0.0, 0.0, 0.0, 0.0, 1.0 ], [ 0.809017, 0.309017, -0.5, 0.0, -0.309017, -0.5, -0.809017, 0.0, -0.5, 0.809017, -0.309017, 0.0, 0.0, 0.0, 0.0, 1.0 ], [ 0.5, -0.809017, 0.309017, 0.0, -0.809017, -0.309017, 0.5, 0.0, -0.309017, -0.5, -0.809017, 0.0, 0.0, 0.0, 0.0, 1.0 ], [ 0.309017, 0.5, 0.809017, 0.0, -0.5, 0.809017, -0.309017, 0.0, -0.809017, -0.309017, 0.5, 0.0, 0.0, 0.0, 0.0, 1.0 ], [ -1.0, 0.0, 0.0, 0.0, 0.0, -1.0, 0.0, 0.0, 0.0, 0.0, 1.0, 0.0, 0.0, 0.0, 0.0, 1.0 ], [ 0.0, 0.0, -1.0, 0.0, -1.0, 0.0, 0.0, 0.0, 0.0, 1.0, 0.0, 0.0, 0.0, 0.0, 0.0, 1.0 ], [ 0.0, -1.0, 0.0, 0.0, 0.0, 0.0, -1.0, 0.0, 1.0, 0.0, 0.0, 0.0, 0.0, 0.0, 0.0, 1.0 ], [ -0.809017, -0.309017, -0.5, 0.0, -0.309017, -0.5, 0.809017, 0.0, -0.5, 0.809017, 0.309017, 0.0, 0.0, 0.0, 0.0, 1.0 ], [ 0.5, -0.809017, -0.309017, 0.0, -0.809017, -0.309017, -0.5, 0.0, 0.309017, 0.5, -0.809017, 0.0, 0.0, 0.0, 0.0, 1.0 ], [ -0.309017, -0.5, 0.809017, 0.0, 0.5, -0.809017, -0.309017, 0.0, 0.809017, 0.309017, 0.5, 0.0, 0.0, 0.0, 0.0, 1.0 ], [ -0.5, -0.809017, -0.309017, 0.0, -0.809017, 0.309017, 0.5, 0.0, -0.309017, 0.5, -0.809017, 0.0, 0.0, 0.0, 0.0, 1.0 ], [ 0.309017, -0.5, 0.809017, 0.0, -0.5, -0.809017, -0.309017, 0.0, 0.809017, -0.309017, -0.5, 0.0, 0.0, 0.0, 0.0, 1.0 ], [ -0.809017, 0.309017, 0.5, 0.0, 0.309017, -0.5, 0.809017, 0.0, 0.5, 0.809017, 0.309017, 0.0, 0.0, 0.0, 0.0, 1.0 ], [ -0.5, -0.809017, 0.309017, 0.0, -0.809017, 0.309017, -0.5, 0.0, 0.309017, -0.5, -0.809017, 0.0, 0.0, 0.0, 0.0, 1.0 ], [ -0.309017, 0.5, 0.809017, 0.0, -0.5, -0.809017, 0.309017, 0.0, 0.809017, -0.309017, 0.5, 0.0, 0.0, 0.0, 0.0, 1.0 ], [ -0.809017, 0.309017, -0.5, 0.0, -0.309017, 0.5, 0.809017, 0.0, 0.5, 0.809017, -0.309017, 0.0, 0.0, 0.0, 0.0, 1.0 ], [ -0.809017, -0.309017, 0.5, 0.0, -0.309017, -0.5, -0.809017, 0.0, 0.5, -0.809017, 0.309017, 0.0, 0.0, 0.0, 0.0, 1.0 ], [ -0.5, 0.809017, -0.309017, 0.0, -0.809017, -0.309017, 0.5, 0.0, 0.309017, 0.5, 0.809017, 0.0, 0.0, 0.0, 0.0, 1.0 ], [ -0.309017, -0.5, -0.809017, 0.0, -0.5, 0.809017, -0.309017, 0.0, 0.809017, 0.309017, -0.5, 0.0, 0.0, 0.0, 0.0, 1.0 ], [ -1.0, 0.0, 0.0, 0.0, 0.0, 1.0, 0.0, 0.0, 0.0, 0.0, -1.0, 0.0, 0.0, 0.0, 0.0, 1.0 ], [ 0.0, 0.0, -1.0, 0.0, 1.0, 0.0, 0.0, 0.0, 0.0, -1.0, 0.0, 0.0, 0.0, 0.0, 0.0, 1.0 ], [ 0.0, -1.0, 0.0, 0.0, 0.0, 0.0, 1.0, 0.0, -1.0, 0.0, 0.0, 0.0, 0.0, 0.0, 0.0, 1.0 ], [ -0.809017, -0.309017, -0.5, 0.0, 0.309017, 0.5, -0.809017, 0.0, 0.5, -0.809017, -0.309017, 0.0, 0.0, 0.0, 0.0, 1.0 ], [ 0.5, -0.809017, -0.309017, 0.0, 0.809017, 0.309017, 0.5, 0.0, -0.309017, -0.5, 0.809017, 0.0, 0.0, 0.0, 0.0, 1.0 ], [ -0.309017, -0.5, 0.809017, 0.0, -0.5, 0.809017, 0.309017, 0.0, -0.809017, -0.309017, -0.5, 0.0, 0.0, 0.0, 0.0, 1.0 ], [ -0.5, -0.809017, -0.309017, 0.0, 0.809017, -0.309017, -0.5, 0.0, 0.309017, -0.5, 0.809017, 0.0, 0.0, 0.0, 0.0, 1.0 ], [ 0.309017, -0.5, 0.809017, 0.0, 0.5, 0.809017, 0.309017, 0.0, -0.809017, 0.309017, 0.5, 0.0, 0.0, 0.0, 0.0, 1.0 ], [ -0.809017, 0.309017, 0.5, 0.0, -0.309017, 0.5, -0.809017, 0.0, -0.5, -0.809017, -0.309017, 0.0, 0.0, 0.0, 0.0, 1.0 ], [ -0.5, -0.809017, 0.309017, 0.0, 0.809017, -0.309017, 0.5, 0.0, -0.309017, 0.5, 0.809017, 0.0, 0.0, 0.0, 0.0, 1.0 ], [ -0.309017, 0.5, 0.809017, 0.0, 0.5, 0.809017, -0.309017, 0.0, -0.809017, 0.309017, -0.5, 0.0, 0.0, 0.0, 0.0, 1.0 ], [ -0.809017, 0.309017, -0.5, 0.0, 0.309017, -0.5, -0.809017, 0.0, -0.5, -0.809017, 0.309017, 0.0, 0.0, 0.0, 0.0, 1.0 ], [ -0.809017, -0.309017, 0.5, 0.0, 0.309017, 0.5, 0.809017, 0.0, -0.5, 0.809017, -0.309017, 0.0, 0.0, 0.0, 0.0, 1.0 ], [ -0.5, 0.809017, -0.309017, 0.0, 0.809017, 0.309017, -0.5, 0.0, -0.309017, -0.5, -0.809017, 0.0, 0.0, 0.0, 0.0, 1.0 ], [ -0.309017, -0.5, -0.809017, 0.0, 0.5, -0.809017, 0.309017, 0.0, -0.809017, -0.309017, 0.5, 0.0, 0.0, 0.0, 0.0, 1.0 ] ],
  "lights" : {
    "directionalLights" : [ {
      "direction" : [ 1.0, -1.0, -1.0 ],
      "color" : "#EBEBE4"
    }, {
      "direction" : [ -1.0, 0.0, 0.0 ],
      "color" : "#E4E4EB"
    }, {
      "direction" : [ 0.0, 0.0, -1.0 ],
      "color" : "#1E1E1E"
    } ],
    "backgroundColor" : "#AFC8DC",
    "ambientColor" : "#292929"
  },
  "camera" : {
    "position" : {
      "x" : -31.827288,
      "y" : -149.04184,
      "z" : -10.473367
    },
    "width" : 68.7428,
    "lookDirectionRV" : {
      "x" : 0.20834592,
      "y" : 0.97564894,
      "z" : 0.06856014,
      "zero" : false
    },
    "viewDistance" : 152.76175,
    "upDirectionRV" : {
      "x" : -0.4384652,
      "y" : 0.030511986,
      "z" : 0.8982301,
      "zero" : false
    },
    "perspective" : true,
    "fieldOfView" : 0.44262895,
    "lookAtPointRV" : {
      "x" : 0.0,
      "y" : 0.0,
      "z" : 0.0,
      "zero" : true
    },
    "nearClipDistance" : 0.3819044,
    "upDirection" : {
      "x" : -0.4384652,
      "y" : 0.030511986,
      "z" : 0.8982301
    },
    "lookDirection" : {
      "x" : 0.20834592,
      "y" : 0.97564894,
      "z" : 0.06856014
    },
    "lookAtPoint" : {
      "x" : 0.0,
      "y" : 0.0,
      "z" : 0.0
    },
    "farClipDistance" : 305.5234,
    "stereo" : false
  },
  "embedding" : [ 1.0, 0.0, 0.0, 0.0, 0.0, 1.0, 0.0, 0.0, 0.0, 0.0, 1.0, 0.0, 0.0, 0.0, 0.0, 1.0 ],
  "shapes" : [ {
    "id" : "f4898168-7c19-44d0-9368-2bfc5aaa9b2c",
    "orbit" : "green",
    "orbitC" : "[[2,-1,1],[5,-3,1]]",
    "length" : "[0,229,524]",
    "name" : " :229/524*phi",
    "vertices" : [ {
      "x" : 6.1285324,
      "y" : 2.149908,
      "z" : -1.0121748
    }, {
      "x" : 7.151075,
      "y" : 2.1863825,
      "z" : -1.1441408
    }, {
      "x" : 6.1285324,
      "y" : 2.149908,
      "z" : -0.6302088
    }, {
      "x" : 5.937549,
      "y" : 2.458925,
      "z" : -1.1302087
    }, {
      "x" : 5.937549,
      "y" : 2.458925,
      "z" : -0.7482428
    }, {
      "x" : 0.809017,
      "y" : 0.618034,
      "z" : 0.309017
    }, {
      "x" : 1.0,
      "y" : 0.309017,
      "z" : 0.19098301
    }, {
      "x" : 1.9045085,
      "y" : 0.5364745,
      "z" : -0.013932022
    }, {
      "x" : 6.8420577,
      "y" : 2.6863825,
      "z" : -1.3351238
    }, {
      "x" : 7.033041,
      "y" : 2.3773656,
      "z" : -1.4531578
    }, {
      "x" : 7.033041,
      "y" : 2.3773656,
      "z" : -0.83512384
    }, {
      "x" : 6.8420577,
      "y" : 2.6863825,
      "z" : -0.9531578
    }, {
      "x" : 1.7135255,
      "y" : 0.8454915,
      "z" : -0.13196601
    }, {
      "x" : 0.690983,
      "y" : 0.809017,
      "z" : 0.0
    }, {
      "x" : 1.9045085,
      "y" : 0.5364745,
      "z" : -0.39589804
    }, {
      "x" : 1.7135255,
      "y" : 0.8454915,
      "z" : -0.51393205
    }, {
      "x" : 0.809017,
      "y" : 0.618034,
      "z" : -0.309017
    }, {
      "x" : 1.0,
      "y" : 0.309017,
      "z" : -0.19098301
    }, {
      "x" : 7.8420577,
      "y" : 2.9953995,
      "z" : -1.1441408
    } ],
    "faces" : [ {
      "vertices" : [ 0, 14, 15, 3 ]
    }, {
      "vertices" : [ 3, 15, 12, 4 ]
    }, {
      "vertices" : [ 0, 1, 2 ]
    }, {
      "vertices" : [ 12, 15, 13 ]
    }, {
      "vertices" : [ 0, 9, 1 ]
    }, {
      "vertices" : [ 0, 3, 9 ]
    }, {
      "vertices" : [ 13, 15, 16 ]
    }, {
      "vertices" : [ 6, 17, 14, 7 ]
    }, {
      "vertices" : [ 1, 10, 2 ]
    }, {
      "vertices" : [ 5, 6, 7 ]
    }, {
      "vertices" : [ 3, 8, 9 ]
    }, {
      "vertices" : [ 0, 2, 7, 14 ]
    }, {
      "vertices" : [ 5, 7, 12 ]
    }, {
      "vertices" : [ 2, 4, 12, 7 ]
    }, {
      "vertices" : [ 3, 4, 11, 8 ]
    }, {
      "vertices" : [ 2, 10, 11, 4 ]
    }, {
      "vertices" : [ 5, 12, 13 ]
    }, {
      "vertices" : [ 14, 17, 16, 15 ]
    } ]
  }, {
    "id" : "771b0284-9b81-4a3b-badf-7da7242f1e2d",
    "name" : "ball",
    "vertices" : [ {
      "x" : 0.309017,
      "y" : -0.809017,
      "z" : 0.618034
    }, {
      "x" : 0.809017,
      "y" : -0.618034,
      "z" : 0.309017
    }, {
      "x" : 0.618034,
      "y" : -0.309017,
      "z" : 0.809017
    }, {
      "x" : 1.0,
      "y" : 0.309017,
      "z" : 0.19098301
    }, {
      "x" : 0.809017,
      "y" : 0.618034,
      "z" : 0.309017
    }, {
      "x" : 0.618034,
      "y" : 0.309017,
      "z" : 0.809017
    }, {
      "x" : 0.809017,
      "y" : 0.0,
      "z" : 0.690983
    }, {
      "x" : 0.19098301,
      "y" : -1.0,
      "z" : 0.309017
    }, {
      "x" : -0.19098301,
      "y" : -1.0,
      "z" : 0.309017
    }, {
      "x" : -0.19098301,
      "y" : -1.0,
      "z" : -0.309017
    }, {
      "x" : 0.19098301,
      "y" : -1.0,
      "z" : -0.309017
    }, {
      "x" : 1.0,
      "y" : -0.309017,
      "z" : -0.19098301
    }, {
      "x" : 0.809017,
      "y" : -0.618034,
      "z" : -0.309017
    }, {
      "x" : 0.618034,
      "y" : -0.309017,
      "z" : -0.809017
    }, {
      "x" : 0.809017,
      "y" : 0.0,
      "z" : -0.690983
    }, {
      "x" : 0.0,
      "y" : 0.690983,
      "z" : -0.809017
    }, {
      "x" : 0.309017,
      "y" : 0.809017,
      "z" : -0.618034
    }, {
      "x" : 0.618034,
      "y" : 0.309017,
      "z" : -0.809017
    }, {
      "x" : 0.309017,
      "y" : 0.19098301,
      "z" : -1.0
    }, {
      "x" : 1.0,
      "y" : 0.309017,
      "z" : -0.19098301
    }, {
      "x" : -0.309017,
      "y" : -0.809017,
      "z" : 0.618034
    }, {
      "x" : 0.0,
      "y" : -0.690983,
      "z" : 0.809017
    }, {
      "x" : 0.809017,
      "y" : 0.618034,
      "z" : -0.309017
    }, {
      "x" : 0.690983,
      "y" : 0.809017,
      "z" : 0.0
    }, {
      "x" : -0.690983,
      "y" : 0.809017,
      "z" : 0.0
    }, {
      "x" : -0.809017,
      "y" : 0.618034,
      "z" : 0.309017
    }, {
      "x" : -0.309017,
      "y" : 0.809017,
      "z" : 0.618034
    }, {
      "x" : -0.19098301,
      "y" : 1.0,
      "z" : 0.309017
    }, {
      "x" : 0.309017,
      "y" : -0.19098301,
      "z" : -1.0
    }, {
      "x" : 0.19098301,
      "y" : 1.0,
      "z" : 0.309017
    }, {
      "x" : 0.309017,
      "y" : 0.809017,
      "z" : 0.618034
    }, {
      "x" : -0.809017,
      "y" : -0.618034,
      "z" : 0.309017
    }, {
      "x" : -0.690983,
      "y" : -0.809017,
      "z" : 0.0
    }, {
      "x" : 0.0,
      "y" : 0.690983,
      "z" : 0.809017
    }, {
      "x" : 0.309017,
      "y" : -0.809017,
      "z" : -0.618034
    }, {
      "x" : 0.0,
      "y" : -0.690983,
      "z" : -0.809017
    }, {
      "x" : -1.0,
      "y" : 0.309017,
      "z" : 0.19098301
    }, {
      "x" : -0.809017,
      "y" : 0.0,
      "z" : 0.690983
    }, {
      "x" : -0.618034,
      "y" : 0.309017,
      "z" : 0.809017
    }, {
      "x" : 1.0,
      "y" : -0.309017,
      "z" : 0.19098301
    }, {
      "x" : -0.309017,
      "y" : -0.809017,
      "z" : -0.618034
    }, {
      "x" : -1.0,
      "y" : 0.309017,
      "z" : -0.19098301
    }, {
      "x" : -1.0,
      "y" : -0.309017,
      "z" : -0.19098301
    }, {
      "x" : -1.0,
      "y" : -0.309017,
      "z" : 0.19098301
    }, {
      "x" : 0.19098301,
      "y" : 1.0,
      "z" : -0.309017
    }, {
      "x" : -0.809017,
      "y" : 0.618034,
      "z" : -0.309017
    }, {
      "x" : -0.19098301,
      "y" : 1.0,
      "z" : -0.309017
    }, {
      "x" : -0.309017,
      "y" : 0.809017,
      "z" : -0.618034
    }, {
      "x" : -0.618034,
      "y" : -0.309017,
      "z" : 0.809017
    }, {
      "x" : 0.309017,
      "y" : 0.19098301,
      "z" : 1.0
    }, {
      "x" : -0.309017,
      "y" : 0.19098301,
      "z" : -1.0
    }, {
      "x" : -0.309017,
      "y" : 0.19098301,
      "z" : 1.0
    }, {
      "x" : -0.309017,
      "y" : -0.19098301,
      "z" : 1.0
    }, {
      "x" : 0.309017,
      "y" : -0.19098301,
      "z" : 1.0
    }, {
      "x" : 0.690983,
      "y" : -0.809017,
      "z" : 0.0
    }, {
      "x" : -0.809017,
      "y" : 0.0,
      "z" : -0.690983
    }, {
      "x" : -0.618034,
      "y" : -0.309017,
      "z" : -0.809017
    }, {
      "x" : -0.309017,
      "y" : -0.19098301,
      "z" : -1.0
    }, {
      "x" : -0.618034,
      "y" : 0.309017,
      "z" : -0.809017
    }, {
      "x" : -0.809017,
      "y" : -0.618034,
      "z" : -0.309017
    } ],
    "faces" : [ {
      "vertices" : [ 9, 40, 35, 34, 10 ]
    }, {
      "vertices" : [ 0, 1, 2 ]
    }, {
      "vertices" : [ 33, 51, 49 ]
    }, {
      "vertices" : [ 25, 36, 37, 38 ]
    }, {
      "vertices" : [ 41, 55, 42 ]
    }, {
      "vertices" : [ 9, 32, 59, 40 ]
    }, {
      "vertices" : [ 20, 21, 52, 48 ]
    }, {
      "vertices" : [ 26, 33, 30, 29, 27 ]
    }, {
      "vertices" : [ 3, 4, 5, 6 ]
    }, {
      "vertices" : [ 27, 29, 44, 46 ]
    }, {
      "vertices" : [ 50, 57, 56, 55, 58 ]
    }, {
      "vertices" : [ 26, 38, 51, 33 ]
    }, {
      "vertices" : [ 45, 47, 58 ]
    }, {
      "vertices" : [ 18, 28, 57, 50 ]
    }, {
      "vertices" : [ 40, 59, 56 ]
    }, {
      "vertices" : [ 31, 48, 37, 43 ]
    }, {
      "vertices" : [ 7, 8, 9, 10 ]
    }, {
      "vertices" : [ 36, 41, 42, 43 ]
    }, {
      "vertices" : [ 24, 46, 47, 45 ]
    }, {
      "vertices" : [ 4, 30, 5 ]
    }, {
      "vertices" : [ 15, 47, 46, 44, 16 ]
    }, {
      "vertices" : [ 15, 50, 58, 47 ]
    }, {
      "vertices" : [ 24, 45, 41, 36, 25 ]
    }, {
      "vertices" : [ 11, 14, 19 ]
    }, {
      "vertices" : [ 3, 6, 39 ]
    }, {
      "vertices" : [ 1, 39, 6, 2 ]
    }, {
      "vertices" : [ 8, 32, 9 ]
    }, {
      "vertices" : [ 11, 12, 13, 14 ]
    }, {
      "vertices" : [ 16, 22, 17 ]
    }, {
      "vertices" : [ 0, 21, 20, 8, 7 ]
    }, {
      "vertices" : [ 12, 34, 13 ]
    }, {
      "vertices" : [ 35, 40, 56, 57 ]
    }, {
      "vertices" : [ 0, 7, 54, 1 ]
    }, {
      "vertices" : [ 15, 16, 17, 18 ]
    }, {
      "vertices" : [ 3, 19, 22, 23, 4 ]
    }, {
      "vertices" : [ 7, 10, 54 ]
    }, {
      "vertices" : [ 41, 45, 58, 55 ]
    }, {
      "vertices" : [ 3, 39, 11, 19 ]
    }, {
      "vertices" : [ 14, 17, 22, 19 ]
    }, {
      "vertices" : [ 0, 2, 53, 21 ]
    }, {
      "vertices" : [ 49, 51, 52, 53 ]
    }, {
      "vertices" : [ 31, 43, 42, 59, 32 ]
    }, {
      "vertices" : [ 15, 18, 50 ]
    }, {
      "vertices" : [ 42, 55, 56, 59 ]
    }, {
      "vertices" : [ 4, 23, 29, 30 ]
    }, {
      "vertices" : [ 25, 38, 26 ]
    }, {
      "vertices" : [ 13, 28, 18, 17, 14 ]
    }, {
      "vertices" : [ 8, 20, 31, 32 ]
    }, {
      "vertices" : [ 23, 44, 29 ]
    }, {
      "vertices" : [ 24, 27, 46 ]
    }, {
      "vertices" : [ 37, 48, 52, 51, 38 ]
    }, {
      "vertices" : [ 20, 48, 31 ]
    }, {
      "vertices" : [ 24, 25, 26, 27 ]
    }, {
      "vertices" : [ 16, 44, 23, 22 ]
    }, {
      "vertices" : [ 13, 34, 35, 28 ]
    }, {
      "vertices" : [ 10, 34, 12, 54 ]
    }, {
      "vertices" : [ 2, 6, 5, 49, 53 ]
    }, {
      "vertices" : [ 36, 43, 37 ]
    }, {
      "vertices" : [ 5, 30, 33, 49 ]
    }, {
      "vertices" : [ 1, 54, 12, 11, 39 ]
    }, {
      "vertices" : [ 28, 35, 57 ]
    }, {
      "vertices" : [ 21, 53, 52 ]
    } ]
  }, {
    "id" : "782f0f46-735d-4432-ba1e-1a7bd8bb118e",
    "orbit" : "green",
    "orbitC" : "[[2,-1,1],[5,-3,1]]",
    "length" : "[1,0,2]",
    "name" : " :1/2",
    "vertices" : [ {
      "x" : 3.8315594,
      "y" : 1.2725425,
      "z" : -0.677051
    }, {
      "x" : 4.854102,
      "y" : 1.309017,
      "z" : -0.809017
    }, {
      "x" : 3.8315594,
      "y" : 1.2725425,
      "z" : -0.29508498
    }, {
      "x" : 3.6405764,
      "y" : 1.5815595,
      "z" : -0.79508495
    }, {
      "x" : 3.6405764,
      "y" : 1.5815595,
      "z" : -0.41311896
    }, {
      "x" : 0.809017,
      "y" : 0.618034,
      "z" : 0.309017
    }, {
      "x" : 1.0,
      "y" : 0.309017,
      "z" : 0.19098301
    }, {
      "x" : 1.9045085,
      "y" : 0.5364745,
      "z" : -0.013932022
    }, {
      "x" : 4.545085,
      "y" : 1.809017,
      "z" : -1.0
    }, {
      "x" : 4.736068,
      "y" : 1.5,
      "z" : -1.118034
    }, {
      "x" : 4.736068,
      "y" : 1.5,
      "z" : -0.5
    }, {
      "x" : 4.545085,
      "y" : 1.809017,
      "z" : -0.618034
    }, {
      "x" : 1.7135255,
      "y" : 0.8454915,
      "z" : -0.13196601
    }, {
      "x" : 0.690983,
      "y" : 0.809017,
      "z" : 0.0
    }, {
      "x" : 1.9045085,
      "y" : 0.5364745,
      "z" : -0.39589804
    }, {
      "x" : 1.7135255,
      "y" : 0.8454915,
      "z" : -0.51393205
    }, {
      "x" : 0.809017,
      "y" : 0.618034,
      "z" : -0.309017
    }, {
      "x" : 1.0,
      "y" : 0.309017,
      "z" : -0.19098301
    }, {
      "x" : 5.545085,
      "y" : 2.118034,
      "z" : -0.809017
    } ],
    "faces" : [ {
      "vertices" : [ 0, 14, 15, 3 ]
    }, {
      "vertices" : [ 3, 15, 12, 4 ]
    }, {
      "vertices" : [ 0, 1, 2 ]
    }, {
      "vertices" : [ 12, 15, 13 ]
    }, {
      "vertices" : [ 0, 9, 1 ]
    }, {
      "vertices" : [ 0, 3, 9 ]
    }, {
      "vertices" : [ 13, 15, 16 ]
    }, {
      "vertices" : [ 6, 17, 14, 7 ]
    }, {
      "vertices" : [ 1, 10, 2 ]
    }, {
      "vertices" : [ 5, 6, 7 ]
    }, {
      "vertices" : [ 3, 8, 9 ]
    }, {
      "vertices" : [ 0, 2, 7, 14 ]
    }, {
      "vertices" : [ 5, 7, 12 ]
    }, {
      "vertices" : [ 2, 4, 12, 7 ]
    }, {
      "vertices" : [ 3, 4, 11, 8 ]
    }, {
      "vertices" : [ 2, 10, 11, 4 ]
    }, {
      "vertices" : [ 5, 12, 13 ]
    }, {
      "vertices" : [ 14, 17, 16, 15 ]
    } ]
  }, {
    "id" : "6930ac22-e6cc-4c5d-9bc2-fddf0d36042c",
    "orbit" : "blue",
    "orbitC" : "[[0,0,1],[0,0,1]]",
    "length" : "[1,0,1]",
    "name" : "b1",
    "vertices" : [ {
      "x" : 7.472136,
      "y" : 0.309017,
      "z" : 0.19098301
    }, {
      "x" : 7.472136,
      "y" : 0.309017,
      "z" : -0.19098301
    }, {
      "x" : 1.0,
      "y" : 0.309017,
      "z" : -0.19098301
    }, {
      "x" : 1.0,
      "y" : 0.309017,
      "z" : 0.19098301
    }, {
      "x" : 7.472136,
      "y" : -0.309017,
      "z" : 0.19098301
    }, {
      "x" : 1.0,
      "y" : -0.309017,
      "z" : 0.19098301
    }, {
      "x" : 1.0,
      "y" : -0.309017,
      "z" : -0.19098301
    }, {
      "x" : 7.472136,
      "y" : -0.309017,
      "z" : -0.19098301
    }, {
      "x" : 8.472136,
      "y" : 0.0,
      "z" : 0.0
    } ],
    "faces" : [ {
      "vertices" : [ 1, 7, 6, 2 ]
    }, {
      "vertices" : [ 0, 1, 2, 3 ]
    }, {
      "vertices" : [ 4, 5, 6, 7 ]
    }, {
      "vertices" : [ 0, 3, 5, 4 ]
    } ]
  }, {
    "id" : "1f4bc3b6-3021-4874-afcc-2d3a1076e450",
    "orbit" : "blue",
    "orbitC" : "[[0,0,1],[0,0,1]]",
    "length" : "[1801,-786,524]",
    "name" : " :1801/524 -3/2*phi",
    "vertices" : [ {
      "x" : 7.556619,
      "y" : 0.309017,
      "z" : 0.19098301
    }, {
      "x" : 7.556619,
      "y" : 0.309017,
      "z" : -0.19098301
    }, {
      "x" : 1.0,
      "y" : 0.309017,
      "z" : -0.19098301
    }, {
      "x" : 1.0,
      "y" : 0.309017,
      "z" : 0.19098301
    }, {
      "x" : 7.556619,
      "y" : -0.309017,
      "z" : 0.19098301
    }, {
      "x" : 1.0,
      "y" : -0.309017,
      "z" : 0.19098301
    }, {
      "x" : 1.0,
      "y" : -0.309017,
      "z" : -0.19098301
    }, {
      "x" : 7.556619,
      "y" : -0.309017,
      "z" : -0.19098301
    }, {
      "x" : 8.55662,
      "y" : 0.0,
      "z" : 0.0
    } ],
    "faces" : [ {
      "vertices" : [ 1, 7, 6, 2 ]
    }, {
      "vertices" : [ 0, 1, 2, 3 ]
    }, {
      "vertices" : [ 4, 5, 6, 7 ]
    }, {
      "vertices" : [ 0, 3, 5, 4 ]
    } ]
  }, {
    "id" : "c3b4dc86-d838-451e-83a2-dc5bde9238bd",
    "orbit" : "green",
    "orbitC" : "[[2,-1,1],[5,-3,1]]",
    "length" : "[1,0,1]",
    "name" : "g1",
    "vertices" : [ {
      "x" : 9.376644,
      "y" : 3.3905764,
      "z" : -1.486068
    }, {
      "x" : 10.399187,
      "y" : 3.427051,
      "z" : -1.618034
    }, {
      "x" : 9.376644,
      "y" : 3.3905764,
      "z" : -1.104102
    }, {
      "x" : 9.185661,
      "y" : 3.6995935,
      "z" : -1.604102
    }, {
      "x" : 9.185661,
      "y" : 3.6995935,
      "z" : -1.2221359
    }, {
      "x" : 0.809017,
      "y" : 0.618034,
      "z" : 0.309017
    }, {
      "x" : 1.0,
      "y" : 0.309017,
      "z" : 0.19098301
    }, {
      "x" : 1.9045085,
      "y" : 0.5364745,
      "z" : -0.013932022
    }, {
      "x" : 10.09017,
      "y" : 3.927051,
      "z" : -1.809017
    }, {
      "x" : 10.281153,
      "y" : 3.618034,
      "z" : -1.927051
    }, {
      "x" : 10.281153,
      "y" : 3.618034,
      "z" : -1.309017
    }, {
      "x" : 10.09017,
      "y" : 3.927051,
      "z" : -1.427051
    }, {
      "x" : 1.7135255,
      "y" : 0.8454915,
      "z" : -0.13196601
    }, {
      "x" : 0.690983,
      "y" : 0.809017,
      "z" : 0.0
    }, {
      "x" : 1.9045085,
      "y" : 0.5364745,
      "z" : -0.39589804
    }, {
      "x" : 1.7135255,
      "y" : 0.8454915,
      "z" : -0.51393205
    }, {
      "x" : 0.809017,
      "y" : 0.618034,
      "z" : -0.309017
    }, {
      "x" : 1.0,
      "y" : 0.309017,
      "z" : -0.19098301
    }, {
      "x" : 11.09017,
      "y" : 4.236068,
      "z" : -1.618034
    } ],
    "faces" : [ {
      "vertices" : [ 0, 14, 15, 3 ]
    }, {
      "vertices" : [ 3, 15, 12, 4 ]
    }, {
      "vertices" : [ 0, 1, 2 ]
    }, {
      "vertices" : [ 12, 15, 13 ]
    }, {
      "vertices" : [ 0, 9, 1 ]
    }, {
      "vertices" : [ 0, 3, 9 ]
    }, {
      "vertices" : [ 13, 15, 16 ]
    }, {
      "vertices" : [ 6, 17, 14, 7 ]
    }, {
      "vertices" : [ 1, 10, 2 ]
    }, {
      "vertices" : [ 5, 6, 7 ]
    }, {
      "vertices" : [ 3, 8, 9 ]
    }, {
      "vertices" : [ 0, 2, 7, 14 ]
    }, {
      "vertices" : [ 5, 7, 12 ]
    }, {
      "vertices" : [ 2, 4, 12, 7 ]
    }, {
      "vertices" : [ 3, 4, 11, 8 ]
    }, {
      "vertices" : [ 2, 10, 11, 4 ]
    }, {
      "vertices" : [ 5, 12, 13 ]
    }, {
      "vertices" : [ 14, 17, 16, 15 ]
    } ]
  } ],
  "instances" : [ {
    "shape" : "f4898168-7c19-44d0-9368-2bfc5aaa9b2c",
    "color" : "#808080",
    "position" : {
      "x" : 2.9953995,
      "y" : 2.9953995,
      "z" : -2.9953995
    },
    "orientation" : 43
  }, {
    "shape" : "f4898168-7c19-44d0-9368-2bfc5aaa9b2c",
    "color" : "#FFFA00",
    "position" : {
      "x" : 2.9953995,
      "y" : 2.9953995,
      "z" : 2.9953995
    },
    "orientation" : 53
  }, {
    "shape" : "771b0284-9b81-4a3b-badf-7da7242f1e2d",
    "color" : "#FF0000",
    "position" : {
      "x" : -1.8512588,
      "y" : 4.846658,
      "z" : 0.0
    }
  }, {
    "shape" : "f4898168-7c19-44d0-9368-2bfc5aaa9b2c",
    "color" : "#000000",
    "position" : {
      "x" : -4.846658,
      "y" : 0.0,
      "z" : 1.8512588
    },
    "orientation" : 15
  }, {
    "shape" : "771b0284-9b81-4a3b-badf-7da7242f1e2d",
    "color" : "#FFFFFF",
    "position" : {
      "x" : -2.9953995,
      "y" : 2.9953995,
      "z" : 2.9953995
    }
  }, {
    "shape" : "f4898168-7c19-44d0-9368-2bfc5aaa9b2c",
    "color" : "#808080",
    "position" : {
      "x" : 0.0,
      "y" : 1.8512588,
      "z" : 4.846658
    },
    "orientation" : 17
  }, {
    "shape" : "771b0284-9b81-4a3b-badf-7da7242f1e2d",
    "color" : "#FFFFFF",
    "position" : {
      "x" : 0.0,
      "y" : 1.8512588,
      "z" : -4.846658
    }
  }, {
    "shape" : "f4898168-7c19-44d0-9368-2bfc5aaa9b2c",
    "color" : "#FFFFFF",
    "position" : {
      "x" : -2.9953995,
      "y" : 2.9953995,
      "z" : 2.9953995
    },
    "orientation" : 29
  }, {
    "shape" : "771b0284-9b81-4a3b-badf-7da7242f1e2d",
    "color" : "#FFFA00",
    "position" : {
      "x" : 2.9953995,
      "y" : 2.9953995,
      "z" : 2.9953995
    }
  }, {
    "shape" : "f4898168-7c19-44d0-9368-2bfc5aaa9b2c",
    "color" : "#000000",
    "position" : {
      "x" : 1.8512588,
      "y" : 4.846658,
      "z" : 0.0
    },
    "orientation" : 31
  }, {
    "shape" : "771b0284-9b81-4a3b-badf-7da7242f1e2d",
    "color" : "#FFFA00",
    "position" : {
      "x" : 2.9953995,
      "y" : -2.9953995,
      "z" : -2.9953995
    }
  }, {
    "shape" : "771b0284-9b81-4a3b-badf-7da7242f1e2d",
    "color" : "#000000",
    "position" : {
      "x" : 0.0,
      "y" : -1.8512588,
      "z" : -4.846658
    }
  }, {
    "shape" : "f4898168-7c19-44d0-9368-2bfc5aaa9b2c",
    "color" : "#FFFFFF",
    "position" : {
      "x" : -1.8512588,
      "y" : -4.846658,
      "z" : 0.0
    },
    "orientation" : 49
  }, {
    "shape" : "f4898168-7c19-44d0-9368-2bfc5aaa9b2c",
    "color" : "#FFFFFF",
    "position" : {
      "x" : -2.9953995,
      "y" : 2.9953995,
      "z" : 2.9953995
    },
    "orientation" : 27
  }, {
    "shape" : "771b0284-9b81-4a3b-badf-7da7242f1e2d",
    "color" : "#000000",
    "position" : {
      "x" : -4.846658,
      "y" : 0.0,
      "z" : 1.8512588
    }
  }, {
    "shape" : "f4898168-7c19-44d0-9368-2bfc5aaa9b2c",
    "color" : "#808080",
    "position" : {
      "x" : 0.0,
      "y" : 1.8512588,
      "z" : 4.846658
    },
    "orientation" : 50
  }, {
    "shape" : "771b0284-9b81-4a3b-badf-7da7242f1e2d",
    "color" : "#808080",
    "position" : {
      "x" : 2.9953995,
      "y" : 2.9953995,
      "z" : -2.9953995
    }
  }, {
    "shape" : "771b0284-9b81-4a3b-badf-7da7242f1e2d",
    "color" : "#FF0000",
    "position" : {
      "x" : 4.846658,
      "y" : 0.0,
      "z" : -1.8512588
    }
  }, {
    "shape" : "771b0284-9b81-4a3b-badf-7da7242f1e2d",
    "color" : "#000000",
    "position" : {
      "x" : 2.9953995,
      "y" : -2.9953995,
      "z" : 2.9953995
    }
  }, {
    "shape" : "f4898168-7c19-44d0-9368-2bfc5aaa9b2c",
    "color" : "#000000",
    "position" : {
      "x" : -4.846658,
      "y" : 0.0,
      "z" : 1.8512588
    },
    "orientation" : 3
  }, {
    "shape" : "771b0284-9b81-4a3b-badf-7da7242f1e2d",
    "color" : "#FFFA00",
    "position" : {
      "x" : -2.9953995,
      "y" : 2.9953995,
      "z" : -2.9953995
    }
  }, {
    "shape" : "f4898168-7c19-44d0-9368-2bfc5aaa9b2c",
    "color" : "#FF0000",
    "position" : {
      "x" : 4.846658,
      "y" : 0.0,
      "z" : -1.8512588
    },
    "orientation" : 48
  }, {
    "shape" : "f4898168-7c19-44d0-9368-2bfc5aaa9b2c",
    "color" : "#FF0000",
    "position" : {
      "x" : -2.9953995,
      "y" : -2.9953995,
      "z" : -2.9953995
    },
    "orientation" : 13
  }, {
    "shape" : "f4898168-7c19-44d0-9368-2bfc5aaa9b2c",
    "color" : "#000000",
    "position" : {
      "x" : 1.8512588,
      "y" : 4.846658,
      "z" : 0.0
    },
    "orientation" : 19
  }, {
    "shape" : "771b0284-9b81-4a3b-badf-7da7242f1e2d",
    "color" : "#808080",
    "position" : {
      "x" : 1.8512588,
      "y" : -4.846658,
      "z" : 0.0
    }
  }, {
    "shape" : "f4898168-7c19-44d0-9368-2bfc5aaa9b2c",
    "color" : "#808080",
    "position" : {
      "x" : 1.8512588,
      "y" : -4.846658,
      "z" : 0.0
    },
    "orientation" : 4
  }, {
    "shape" : "f4898168-7c19-44d0-9368-2bfc5aaa9b2c",
    "color" : "#808080",
    "position" : {
      "x" : -4.846658,
      "y" : 0.0,
      "z" : -1.8512588
    },
    "orientation" : 18
  }, {
    "shape" : "f4898168-7c19-44d0-9368-2bfc5aaa9b2c",
    "color" : "#FFFFFF",
    "position" : {
      "x" : -1.8512588,
      "y" : -4.846658,
      "z" : 0.0
    },
    "orientation" : 1
  }, {
    "shape" : "771b0284-9b81-4a3b-badf-7da7242f1e2d",
    "color" : "#FFFFFF",
    "position" : {
      "x" : -1.8512588,
      "y" : -4.846658,
      "z" : 0.0
    }
  }, {
    "shape" : "f4898168-7c19-44d0-9368-2bfc5aaa9b2c",
    "color" : "#808080",
    "position" : {
      "x" : -4.846658,
      "y" : 0.0,
      "z" : -1.8512588
    },
    "orientation" : 0
  }, {
    "shape" : "f4898168-7c19-44d0-9368-2bfc5aaa9b2c",
    "color" : "#FFFA00",
    "position" : {
      "x" : 2.9953995,
      "y" : -2.9953995,
      "z" : -2.9953995
    },
    "orientation" : 38
  }, {
    "shape" : "771b0284-9b81-4a3b-badf-7da7242f1e2d",
    "color" : "#FF0000",
    "position" : {
      "x" : 0.0,
      "y" : -1.8512588,
      "z" : 4.846658
    }
  }, {
    "shape" : "f4898168-7c19-44d0-9368-2bfc5aaa9b2c",
    "color" : "#FFFA00",
    "position" : {
      "x" : -2.9953995,
      "y" : 2.9953995,
      "z" : -2.9953995
    },
    "orientation" : 21
  }, {
    "shape" : "771b0284-9b81-4a3b-badf-7da7242f1e2d",
    "color" : "#808080",
    "position" : {
      "x" : -4.846658,
      "y" : 0.0,
      "z" : -1.8512588
    }
  }, {
    "shape" : "f4898168-7c19-44d0-9368-2bfc5aaa9b2c",
    "color" : "#FF0000",
    "position" : {
      "x" : 0.0,
      "y" : -1.8512588,
      "z" : 4.846658
    },
    "orientation" : 20
  }, {
    "shape" : "771b0284-9b81-4a3b-badf-7da7242f1e2d",
    "color" : "#FF0000",
    "position" : {
      "x" : -2.9953995,
      "y" : -2.9953995,
      "z" : -2.9953995
    }
  }, {
    "shape" : "f4898168-7c19-44d0-9368-2bfc5aaa9b2c",
    "color" : "#FFFA00",
    "position" : {
      "x" : -2.9953995,
      "y" : -2.9953995,
      "z" : 2.9953995
    },
    "orientation" : 6
  }, {
    "shape" : "f4898168-7c19-44d0-9368-2bfc5aaa9b2c",
    "color" : "#000000",
    "position" : {
      "x" : 0.0,
      "y" : -1.8512588,
      "z" : -4.846658
    },
    "orientation" : 2
  }, {
    "shape" : "f4898168-7c19-44d0-9368-2bfc5aaa9b2c",
    "color" : "#000000",
    "position" : {
      "x" : 0.0,
      "y" : -1.8512588,
      "z" : -4.846658
    },
    "orientation" : 35
  }, {
    "shape" : "771b0284-9b81-4a3b-badf-7da7242f1e2d",
    "color" : "#FFFFFF",
    "position" : {
      "x" : 4.846658,
      "y" : 0.0,
      "z" : 1.8512588
    }
  }, {
    "shape" : "771b0284-9b81-4a3b-badf-7da7242f1e2d",
    "color" : "#808080",
    "position" : {
      "x" : 0.0,
      "y" : 1.8512588,
      "z" : 4.846658
    }
  }, {
    "shape" : "f4898168-7c19-44d0-9368-2bfc5aaa9b2c",
    "color" : "#FFFA00",
    "position" : {
      "x" : -2.9953995,
      "y" : -2.9953995,
      "z" : 2.9953995
    },
    "orientation" : 52
  }, {
    "shape" : "771b0284-9b81-4a3b-badf-7da7242f1e2d",
    "color" : "#000000",
    "position" : {
      "x" : 1.8512588,
      "y" : 4.846658,
      "z" : 0.0
    }
  }, {
    "shape" : "f4898168-7c19-44d0-9368-2bfc5aaa9b2c",
    "color" : "#FFFFFF",
    "position" : {
      "x" : 4.846658,
      "y" : 0.0,
      "z" : 1.8512588
    },
    "orientation" : 33
  }, {
    "shape" : "771b0284-9b81-4a3b-badf-7da7242f1e2d",
    "color" : "#FFFA00",
    "position" : {
      "x" : -2.9953995,
      "y" : -2.9953995,
      "z" : 2.9953995
    }
  }, {
    "shape" : "f4898168-7c19-44d0-9368-2bfc5aaa9b2c",
    "color" : "#FF0000",
    "position" : {
      "x" : -2.9953995,
      "y" : -2.9953995,
      "z" : -2.9953995
    },
    "orientation" : 12
  }, {
    "shape" : "f4898168-7c19-44d0-9368-2bfc5aaa9b2c",
    "color" : "#FF0000",
    "position" : {
      "x" : -1.8512588,
      "y" : 4.846658,
      "z" : 0.0
    },
    "orientation" : 34
  }, {
    "shape" : "f4898168-7c19-44d0-9368-2bfc5aaa9b2c",
    "color" : "#FFFA00",
    "position" : {
      "x" : 2.9953995,
      "y" : 2.9953995,
      "z" : 2.9953995
    },
    "orientation" : 22
  }, {
    "shape" : "f4898168-7c19-44d0-9368-2bfc5aaa9b2c",
    "color" : "#FFFFFF",
    "position" : {
      "x" : 0.0,
      "y" : 1.8512588,
      "z" : -4.846658
    },
    "orientation" : 5
  }, {
    "shape" : "f4898168-7c19-44d0-9368-2bfc5aaa9b2c",
    "color" : "#FF0000",
    "position" : {
      "x" : -2.9953995,
      "y" : -2.9953995,
      "z" : -2.9953995
    },
    "orientation" : 14
  } ],
  "scenes" : [ {
    "title" : "",
    "content" : "",
    "view" : {
      "position" : {
        "x" : -31.827288,
        "y" : -149.04184,
        "z" : -10.473367
      },
      "width" : 68.7428,
      "lookDirectionRV" : {
        "x" : 0.20834592,
        "y" : 0.97564894,
        "z" : 0.06856014,
        "zero" : false
      },
      "viewDistance" : 152.76175,
      "upDirectionRV" : {
        "x" : -0.4384652,
        "y" : 0.030511986,
        "z" : 0.8982301,
        "zero" : false
      },
      "perspective" : true,
      "fieldOfView" : 0.44262895,
      "lookAtPointRV" : {
        "x" : 0.0,
        "y" : 0.0,
        "z" : 0.0,
        "zero" : true
      },
      "nearClipDistance" : 0.3819044,
      "upDirection" : {
        "x" : -0.4384652,
        "y" : 0.030511986,
        "z" : 0.8982301
      },
      "lookDirection" : {
        "x" : 0.20834592,
        "y" : 0.97564894,
        "z" : 0.06856014
      },
      "lookAtPoint" : {
        "x" : 0.0,
        "y" : 0.0,
        "z" : 0.0
      },
      "farClipDistance" : 305.5234,
      "stereo" : false
    },
    "snapshot" : 55
  }, {
    "title" : "",
    "content" : "",
    "view" : {
      "position" : {
        "x" : -31.827288,
        "y" : -149.04184,
        "z" : -10.473367
      },
      "width" : 68.7428,
      "lookDirectionRV" : {
        "x" : 0.20834592,
        "y" : 0.97564894,
        "z" : 0.06856014,
        "zero" : false
      },
      "viewDistance" : 152.76175,
      "upDirectionRV" : {
        "x" : -0.4384652,
        "y" : 0.030511986,
        "z" : 0.8982301,
        "zero" : false
      },
      "perspective" : true,
      "fieldOfView" : 0.44262895,
      "lookAtPointRV" : {
        "x" : 0.0,
        "y" : 0.0,
        "z" : 0.0,
        "zero" : true
      },
      "nearClipDistance" : 0.3819044,
      "upDirection" : {
        "x" : -0.4384652,
        "y" : 0.030511986,
        "z" : 0.8982301
      },
      "lookDirection" : {
        "x" : 0.20834592,
        "y" : 0.97564894,
        "z" : 0.06856014
      },
      "lookAtPoint" : {
        "x" : 0.0,
        "y" : 0.0,
        "z" : 0.0
      },
      "farClipDistance" : 305.5234,
      "stereo" : false
    },
    "snapshot" : 54
  }, {
    "title" : "",
    "content" : "",
    "view" : {
      "position" : {
        "x" : -31.827288,
        "y" : -149.04184,
        "z" : -10.473367
      },
      "width" : 68.7428,
      "lookDirectionRV" : {
        "x" : 0.20834592,
        "y" : 0.97564894,
        "z" : 0.06856014,
        "zero" : false
      },
      "viewDistance" : 152.76175,
      "upDirectionRV" : {
        "x" : -0.4384652,
        "y" : 0.030511986,
        "z" : 0.8982301,
        "zero" : false
      },
      "perspective" : true,
      "fieldOfView" : 0.44262895,
      "lookAtPointRV" : {
        "x" : 0.0,
        "y" : 0.0,
        "z" : 0.0,
        "zero" : true
      },
      "nearClipDistance" : 0.3819044,
      "upDirection" : {
        "x" : -0.4384652,
        "y" : 0.030511986,
        "z" : 0.8982301
      },
      "lookDirection" : {
        "x" : 0.20834592,
        "y" : 0.97564894,
        "z" : 0.06856014
      },
      "lookAtPoint" : {
        "x" : 0.0,
        "y" : 0.0,
        "z" : 0.0
      },
      "farClipDistance" : 305.5234,
      "stereo" : false
    },
    "snapshot" : 53
  }, {
    "title" : "",
    "content" : "",
    "view" : {
      "position" : {
        "x" : -31.827288,
        "y" : -149.04184,
        "z" : -10.473367
      },
      "width" : 68.7428,
      "lookDirectionRV" : {
        "x" : 0.20834592,
        "y" : 0.97564894,
        "z" : 0.06856014,
        "zero" : false
      },
      "viewDistance" : 152.76175,
      "upDirectionRV" : {
        "x" : -0.4384652,
        "y" : 0.030511986,
        "z" : 0.8982301,
        "zero" : false
      },
      "perspective" : true,
      "fieldOfView" : 0.44262895,
      "lookAtPointRV" : {
        "x" : 0.0,
        "y" : 0.0,
        "z" : 0.0,
        "zero" : true
      },
