{
  "polygons" : "true",
  "field" : "golden",
  "symmetry" : "icosahedral",
  "orientations" : [ [ 1.0, 0.0, 0.0, 0.0, 0.0, 1.0, 0.0, 0.0, 0.0, 0.0, 1.0, 0.0, 0.0, 0.0, 0.0, 1.0 ], [ 0.0, 0.0, 1.0, 0.0, 1.0, 0.0, 0.0, 0.0, 0.0, 1.0, 0.0, 0.0, 0.0, 0.0, 0.0, 1.0 ], [ 0.0, 1.0, 0.0, 0.0, 0.0, 0.0, 1.0, 0.0, 1.0, 0.0, 0.0, 0.0, 0.0, 0.0, 0.0, 1.0 ], [ 0.809017, 0.309017, 0.5, 0.0, 0.309017, 0.5, -0.809017, 0.0, -0.5, 0.809017, 0.309017, 0.0, 0.0, 0.0, 0.0, 1.0 ], [ -0.5, 0.809017, 0.309017, 0.0, 0.809017, 0.309017, 0.5, 0.0, 0.309017, 0.5, -0.809017, 0.0, 0.0, 0.0, 0.0, 1.0 ], [ 0.309017, 0.5, -0.809017, 0.0, -0.5, 0.809017, 0.309017, 0.0, 0.809017, 0.309017, 0.5, 0.0, 0.0, 0.0, 0.0, 1.0 ], [ 0.5, 0.809017, 0.309017, 0.0, 0.809017, -0.309017, -0.5, 0.0, -0.309017, 0.5, -0.809017, 0.0, 0.0, 0.0, 0.0, 1.0 ], [ -0.309017, 0.5, -0.809017, 0.0, 0.5, 0.809017, 0.309017, 0.0, 0.809017, -0.309017, -0.5, 0.0, 0.0, 0.0, 0.0, 1.0 ], [ 0.809017, -0.309017, -0.5, 0.0, -0.309017, 0.5, -0.809017, 0.0, 0.5, 0.809017, 0.309017, 0.0, 0.0, 0.0, 0.0, 1.0 ], [ 0.5, 0.809017, -0.309017, 0.0, 0.809017, -0.309017, 0.5, 0.0, 0.309017, -0.5, -0.809017, 0.0, 0.0, 0.0, 0.0, 1.0 ], [ 0.309017, -0.5, -0.809017, 0.0, 0.5, 0.809017, -0.309017, 0.0, 0.809017, -0.309017, 0.5, 0.0, 0.0, 0.0, 0.0, 1.0 ], [ 0.809017, -0.309017, 0.5, 0.0, 0.309017, -0.5, -0.809017, 0.0, 0.5, 0.809017, -0.309017, 0.0, 0.0, 0.0, 0.0, 1.0 ], [ 0.809017, 0.309017, -0.5, 0.0, 0.309017, 0.5, 0.809017, 0.0, 0.5, -0.809017, 0.309017, 0.0, 0.0, 0.0, 0.0, 1.0 ], [ 0.5, -0.809017, 0.309017, 0.0, 0.809017, 0.309017, -0.5, 0.0, 0.309017, 0.5, 0.809017, 0.0, 0.0, 0.0, 0.0, 1.0 ], [ 0.309017, 0.5, 0.809017, 0.0, 0.5, -0.809017, 0.309017, 0.0, 0.809017, 0.309017, -0.5, 0.0, 0.0, 0.0, 0.0, 1.0 ], [ 1.0, 0.0, 0.0, 0.0, 0.0, -1.0, 0.0, 0.0, 0.0, 0.0, -1.0, 0.0, 0.0, 0.0, 0.0, 1.0 ], [ 0.0, 0.0, 1.0, 0.0, -1.0, 0.0, 0.0, 0.0, 0.0, -1.0, 0.0, 0.0, 0.0, 0.0, 0.0, 1.0 ], [ 0.0, 1.0, 0.0, 0.0, 0.0, 0.0, -1.0, 0.0, -1.0, 0.0, 0.0, 0.0, 0.0, 0.0, 0.0, 1.0 ], [ 0.809017, 0.309017, 0.5, 0.0, -0.309017, -0.5, 0.809017, 0.0, 0.5, -0.809017, -0.309017, 0.0, 0.0, 0.0, 0.0, 1.0 ], [ -0.5, 0.809017, 0.309017, 0.0, -0.809017, -0.309017, -0.5, 0.0, -0.309017, -0.5, 0.809017, 0.0, 0.0, 0.0, 0.0, 1.0 ], [ 0.309017, 0.5, -0.809017, 0.0, 0.5, -0.809017, -0.309017, 0.0, -0.809017, -0.309017, -0.5, 0.0, 0.0, 0.0, 0.0, 1.0 ], [ 0.5, 0.809017, 0.309017, 0.0, -0.809017, 0.309017, 0.5, 0.0, 0.309017, -0.5, 0.809017, 0.0, 0.0, 0.0, 0.0, 1.0 ], [ -0.309017, 0.5, -0.809017, 0.0, -0.5, -0.809017, -0.309017, 0.0, -0.809017, 0.309017, 0.5, 0.0, 0.0, 0.0, 0.0, 1.0 ], [ 0.809017, -0.309017, -0.5, 0.0, 0.309017, -0.5, 0.809017, 0.0, -0.5, -0.809017, -0.309017, 0.0, 0.0, 0.0, 0.0, 1.0 ], [ 0.5, 0.809017, -0.309017, 0.0, -0.809017, 0.309017, -0.5, 0.0, -0.309017, 0.5, 0.809017, 0.0, 0.0, 0.0, 0.0, 1.0 ], [ 0.309017, -0.5, -0.809017, 0.0, -0.5, -0.809017, 0.309017, 0.0, -0.809017, 0.309017, -0.5, 0.0, 0.0, 0.0, 0.0, 1.0 ], [ 0.809017, -0.309017, 0.5, 0.0, -0.309017, 0.5, 0.809017, 0.0, -0.5, -0.809017, 0.309017, 0.0, 0.0, 0.0, 0.0, 1.0 ], [ 0.809017, 0.309017, -0.5, 0.0, -0.309017, -0.5, -0.809017, 0.0, -0.5, 0.809017, -0.309017, 0.0, 0.0, 0.0, 0.0, 1.0 ], [ 0.5, -0.809017, 0.309017, 0.0, -0.809017, -0.309017, 0.5, 0.0, -0.309017, -0.5, -0.809017, 0.0, 0.0, 0.0, 0.0, 1.0 ], [ 0.309017, 0.5, 0.809017, 0.0, -0.5, 0.809017, -0.309017, 0.0, -0.809017, -0.309017, 0.5, 0.0, 0.0, 0.0, 0.0, 1.0 ], [ -1.0, 0.0, 0.0, 0.0, 0.0, -1.0, 0.0, 0.0, 0.0, 0.0, 1.0, 0.0, 0.0, 0.0, 0.0, 1.0 ], [ 0.0, 0.0, -1.0, 0.0, -1.0, 0.0, 0.0, 0.0, 0.0, 1.0, 0.0, 0.0, 0.0, 0.0, 0.0, 1.0 ], [ 0.0, -1.0, 0.0, 0.0, 0.0, 0.0, -1.0, 0.0, 1.0, 0.0, 0.0, 0.0, 0.0, 0.0, 0.0, 1.0 ], [ -0.809017, -0.309017, -0.5, 0.0, -0.309017, -0.5, 0.809017, 0.0, -0.5, 0.809017, 0.309017, 0.0, 0.0, 0.0, 0.0, 1.0 ], [ 0.5, -0.809017, -0.309017, 0.0, -0.809017, -0.309017, -0.5, 0.0, 0.309017, 0.5, -0.809017, 0.0, 0.0, 0.0, 0.0, 1.0 ], [ -0.309017, -0.5, 0.809017, 0.0, 0.5, -0.809017, -0.309017, 0.0, 0.809017, 0.309017, 0.5, 0.0, 0.0, 0.0, 0.0, 1.0 ], [ -0.5, -0.809017, -0.309017, 0.0, -0.809017, 0.309017, 0.5, 0.0, -0.309017, 0.5, -0.809017, 0.0, 0.0, 0.0, 0.0, 1.0 ], [ 0.309017, -0.5, 0.809017, 0.0, -0.5, -0.809017, -0.309017, 0.0, 0.809017, -0.309017, -0.5, 0.0, 0.0, 0.0, 0.0, 1.0 ], [ -0.809017, 0.309017, 0.5, 0.0, 0.309017, -0.5, 0.809017, 0.0, 0.5, 0.809017, 0.309017, 0.0, 0.0, 0.0, 0.0, 1.0 ], [ -0.5, -0.809017, 0.309017, 0.0, -0.809017, 0.309017, -0.5, 0.0, 0.309017, -0.5, -0.809017, 0.0, 0.0, 0.0, 0.0, 1.0 ], [ -0.309017, 0.5, 0.809017, 0.0, -0.5, -0.809017, 0.309017, 0.0, 0.809017, -0.309017, 0.5, 0.0, 0.0, 0.0, 0.0, 1.0 ], [ -0.809017, 0.309017, -0.5, 0.0, -0.309017, 0.5, 0.809017, 0.0, 0.5, 0.809017, -0.309017, 0.0, 0.0, 0.0, 0.0, 1.0 ], [ -0.809017, -0.309017, 0.5, 0.0, -0.309017, -0.5, -0.809017, 0.0, 0.5, -0.809017, 0.309017, 0.0, 0.0, 0.0, 0.0, 1.0 ], [ -0.5, 0.809017, -0.309017, 0.0, -0.809017, -0.309017, 0.5, 0.0, 0.309017, 0.5, 0.809017, 0.0, 0.0, 0.0, 0.0, 1.0 ], [ -0.309017, -0.5, -0.809017, 0.0, -0.5, 0.809017, -0.309017, 0.0, 0.809017, 0.309017, -0.5, 0.0, 0.0, 0.0, 0.0, 1.0 ], [ -1.0, 0.0, 0.0, 0.0, 0.0, 1.0, 0.0, 0.0, 0.0, 0.0, -1.0, 0.0, 0.0, 0.0, 0.0, 1.0 ], [ 0.0, 0.0, -1.0, 0.0, 1.0, 0.0, 0.0, 0.0, 0.0, -1.0, 0.0, 0.0, 0.0, 0.0, 0.0, 1.0 ], [ 0.0, -1.0, 0.0, 0.0, 0.0, 0.0, 1.0, 0.0, -1.0, 0.0, 0.0, 0.0, 0.0, 0.0, 0.0, 1.0 ], [ -0.809017, -0.309017, -0.5, 0.0, 0.309017, 0.5, -0.809017, 0.0, 0.5, -0.809017, -0.309017, 0.0, 0.0, 0.0, 0.0, 1.0 ], [ 0.5, -0.809017, -0.309017, 0.0, 0.809017, 0.309017, 0.5, 0.0, -0.309017, -0.5, 0.809017, 0.0, 0.0, 0.0, 0.0, 1.0 ], [ -0.309017, -0.5, 0.809017, 0.0, -0.5, 0.809017, 0.309017, 0.0, -0.809017, -0.309017, -0.5, 0.0, 0.0, 0.0, 0.0, 1.0 ], [ -0.5, -0.809017, -0.309017, 0.0, 0.809017, -0.309017, -0.5, 0.0, 0.309017, -0.5, 0.809017, 0.0, 0.0, 0.0, 0.0, 1.0 ], [ 0.309017, -0.5, 0.809017, 0.0, 0.5, 0.809017, 0.309017, 0.0, -0.809017, 0.309017, 0.5, 0.0, 0.0, 0.0, 0.0, 1.0 ], [ -0.809017, 0.309017, 0.5, 0.0, -0.309017, 0.5, -0.809017, 0.0, -0.5, -0.809017, -0.309017, 0.0, 0.0, 0.0, 0.0, 1.0 ], [ -0.5, -0.809017, 0.309017, 0.0, 0.809017, -0.309017, 0.5, 0.0, -0.309017, 0.5, 0.809017, 0.0, 0.0, 0.0, 0.0, 1.0 ], [ -0.309017, 0.5, 0.809017, 0.0, 0.5, 0.809017, -0.309017, 0.0, -0.809017, 0.309017, -0.5, 0.0, 0.0, 0.0, 0.0, 1.0 ], [ -0.809017, 0.309017, -0.5, 0.0, 0.309017, -0.5, -0.809017, 0.0, -0.5, -0.809017, 0.309017, 0.0, 0.0, 0.0, 0.0, 1.0 ], [ -0.809017, -0.309017, 0.5, 0.0, 0.309017, 0.5, 0.809017, 0.0, -0.5, 0.809017, -0.309017, 0.0, 0.0, 0.0, 0.0, 1.0 ], [ -0.5, 0.809017, -0.309017, 0.0, 0.809017, 0.309017, -0.5, 0.0, -0.309017, -0.5, -0.809017, 0.0, 0.0, 0.0, 0.0, 1.0 ], [ -0.309017, -0.5, -0.809017, 0.0, 0.5, -0.809017, 0.309017, 0.0, -0.809017, -0.309017, 0.5, 0.0, 0.0, 0.0, 0.0, 1.0 ] ],
  "lights" : {
    "directionalLights" : [ {
      "direction" : [ 1.0, -1.0, -1.0 ],
      "color" : "#EBEBE4"
    }, {
      "direction" : [ -1.0, 0.0, 0.0 ],
      "color" : "#E4E4EB"
    }, {
      "direction" : [ 0.0, 0.0, -1.0 ],
      "color" : "#1E1E1E"
    } ],
    "ambientColor" : "#292929",
    "backgroundColor" : "#AFC8DC"
  },
  "camera" : {
    "width" : 106.73733,
    "position" : {
      "x" : 185.41551,
      "y" : 44.89683,
      "z" : 140.94775
    },
    "lookDirection" : {
      "x" : -0.78170323,
      "y" : -0.18928297,
      "z" : -0.5942292
    },
    "upDirection" : {
      "x" : 0.27846384,
      "y" : -0.9585068,
      "z" : -0.060997237
    },
    "farClipDistance" : 474.3879,
    "lookAtPoint" : {
      "x" : 0.0,
      "y" : 0.0,
      "z" : 0.0
    },
    "stereo" : false,
    "perspective" : true,
    "viewDistance" : 237.19424,
    "fieldOfView" : 0.44262856,
    "upDirectionRV" : {
      "x" : 0.27846384,
      "y" : -0.9585068,
      "z" : -0.060997237,
      "zero" : false
    },
    "lookAtPointRV" : {
      "x" : 0.0,
      "y" : 0.0,
      "z" : 0.0,
      "zero" : true
    },
    "lookDirectionRV" : {
      "x" : -0.78170323,
      "y" : -0.18928297,
      "z" : -0.5942292,
      "zero" : false
    },
    "nearClipDistance" : 0.5929855
  },
  "embedding" : [ 1.0, 0.0, 0.0, 0.0, 0.0, 1.0, 0.0, 0.0, 0.0, 0.0, 1.0, 0.0, 0.0, 0.0, 0.0, 1.0 ],
  "shapes" : [ {
    "id" : "25b4a6f3-772b-4740-9da3-18371b080fd4",
    "orbit" : "green",
    "orbitC" : "[[2,-1,1],[5,-3,1]]",
    "length" : "[2,1,10]",
    "name" : " :1/5 +1/10*phi",
    "vertices" : [ {
      "x" : 2.2989357,
      "y" : 0.6871323,
      "z" : -0.45344418
    }, {
      "x" : 3.3214781,
      "y" : 0.7236068,
      "z" : -0.5854102
    }, {
      "x" : 2.2989357,
      "y" : 0.6871323,
      "z" : -0.07147817
    }, {
      "x" : 2.1079526,
      "y" : 0.9961493,
      "z" : -0.5714782
    }, {
      "x" : 2.1079526,
      "y" : 0.9961493,
      "z" : -0.18951216
    }, {
      "x" : 0.809017,
      "y" : 0.618034,
      "z" : 0.309017
    }, {
      "x" : 1.0,
      "y" : 0.309017,
      "z" : 0.19098301
    }, {
      "x" : 1.9045085,
      "y" : 0.5364745,
      "z" : -0.013932022
    }, {
      "x" : 3.0124612,
      "y" : 1.2236068,
      "z" : -0.7763932
    }, {
      "x" : 3.2034442,
      "y" : 0.9145898,
      "z" : -0.8944272
    }, {
      "x" : 3.2034442,
      "y" : 0.9145898,
      "z" : -0.2763932
    }, {
      "x" : 3.0124612,
      "y" : 1.2236068,
      "z" : -0.39442718
    }, {
      "x" : 1.7135255,
      "y" : 0.8454915,
      "z" : -0.13196601
    }, {
      "x" : 0.690983,
      "y" : 0.809017,
      "z" : 0.0
    }, {
      "x" : 1.9045085,
      "y" : 0.5364745,
      "z" : -0.39589804
    }, {
      "x" : 1.7135255,
      "y" : 0.8454915,
      "z" : -0.51393205
    }, {
      "x" : 0.809017,
      "y" : 0.618034,
      "z" : -0.309017
    }, {
      "x" : 1.0,
      "y" : 0.309017,
      "z" : -0.19098301
    }, {
      "x" : 4.012461,
      "y" : 1.5326238,
      "z" : -0.5854102
    } ],
    "faces" : [ {
      "vertices" : [ 0, 14, 15, 3 ]
    }, {
      "vertices" : [ 3, 15, 12, 4 ]
    }, {
      "vertices" : [ 0, 1, 2 ]
    }, {
      "vertices" : [ 12, 15, 13 ]
    }, {
      "vertices" : [ 0, 9, 1 ]
    }, {
      "vertices" : [ 0, 3, 9 ]
    }, {
      "vertices" : [ 13, 15, 16 ]
    }, {
      "vertices" : [ 6, 17, 14, 7 ]
    }, {
      "vertices" : [ 1, 10, 2 ]
    }, {
      "vertices" : [ 5, 6, 7 ]
    }, {
      "vertices" : [ 3, 8, 9 ]
    }, {
      "vertices" : [ 0, 2, 7, 14 ]
    }, {
      "vertices" : [ 5, 7, 12 ]
    }, {
      "vertices" : [ 2, 4, 12, 7 ]
    }, {
      "vertices" : [ 3, 4, 11, 8 ]
    }, {
      "vertices" : [ 2, 10, 11, 4 ]
    }, {
      "vertices" : [ 5, 12, 13 ]
    }, {
      "vertices" : [ 14, 17, 16, 15 ]
    } ]
  }, {
    "id" : "8eb66c79-680a-4cb5-b474-d5dc408af5da",
    "orbit" : "yellow",
    "orbitC" : "[[0,0,1],[2,-1,1]]",
    "length" : "[1,3,5]",
    "name" : " :1/5 +3/5*phi",
    "vertices" : [ {
      "x" : 0.809017,
      "y" : 0.0,
      "z" : -0.690983
    }, {
      "x" : 1.0,
      "y" : 0.309017,
      "z" : -0.19098301
    }, {
      "x" : 3.2034442,
      "y" : 0.309017,
      "z" : -1.0326238
    }, {
      "x" : 3.0124612,
      "y" : 0.0,
      "z" : -1.5326238
    }, {
      "x" : 7.0249224,
      "y" : 0.309017,
      "z" : -2.8742645
    }, {
      "x" : 1.0,
      "y" : -0.309017,
      "z" : -0.19098301
    }, {
      "x" : 3.2034442,
      "y" : -0.309017,
      "z" : -1.0326238
    }, {
      "x" : 4.8214784,
      "y" : 0.309017,
      "z" : -2.0326238
    }, {
      "x" : 5.012461,
      "y" : 0.0,
      "z" : -1.5326238
    }, {
      "x" : 8.024922,
      "y" : 0.0,
      "z" : -3.0652475
    }, {
      "x" : 4.8214784,
      "y" : -0.309017,
      "z" : -2.0326238
    }, {
      "x" : 7.215905,
      "y" : 0.0,
      "z" : -2.3742645
    }, {
      "x" : 7.0249224,
      "y" : -0.309017,
      "z" : -2.8742645
    } ],
    "faces" : [ {
      "vertices" : [ 2, 6, 8 ]
    }, {
      "vertices" : [ 4, 12, 10, 7 ]
    }, {
      "vertices" : [ 2, 8, 7 ]
    }, {
      "vertices" : [ 3, 10, 6 ]
    }, {
      "vertices" : [ 3, 7, 10 ]
    }, {
      "vertices" : [ 0, 1, 2, 3 ]
    }, {
      "vertices" : [ 6, 10, 8 ]
    }, {
      "vertices" : [ 8, 10, 12, 11 ]
    }, {
      "vertices" : [ 2, 7, 3 ]
    }, {
      "vertices" : [ 0, 3, 6, 5 ]
    }, {
      "vertices" : [ 1, 5, 6, 2 ]
    }, {
      "vertices" : [ 4, 7, 8, 11 ]
    } ]
  }, {
    "id" : "48c2b938-7561-40b1-b44d-2f42fc5f39e2",
    "name" : "ball",
    "vertices" : [ {
      "x" : 0.309017,
      "y" : -0.809017,
      "z" : 0.618034
    }, {
      "x" : 0.809017,
      "y" : -0.618034,
      "z" : 0.309017
    }, {
      "x" : 0.618034,
      "y" : -0.309017,
      "z" : 0.809017
    }, {
      "x" : 1.0,
      "y" : 0.309017,
      "z" : 0.19098301
    }, {
      "x" : 0.809017,
      "y" : 0.618034,
      "z" : 0.309017
    }, {
      "x" : 0.618034,
      "y" : 0.309017,
      "z" : 0.809017
    }, {
      "x" : 0.809017,
      "y" : 0.0,
      "z" : 0.690983
    }, {
      "x" : 0.19098301,
      "y" : -1.0,
      "z" : 0.309017
    }, {
      "x" : -0.19098301,
      "y" : -1.0,
      "z" : 0.309017
    }, {
      "x" : -0.19098301,
      "y" : -1.0,
      "z" : -0.309017
    }, {
      "x" : 0.19098301,
      "y" : -1.0,
      "z" : -0.309017
    }, {
      "x" : 1.0,
      "y" : -0.309017,
      "z" : -0.19098301
    }, {
      "x" : 0.809017,
      "y" : -0.618034,
      "z" : -0.309017
    }, {
      "x" : 0.618034,
      "y" : -0.309017,
      "z" : -0.809017
    }, {
      "x" : 0.809017,
      "y" : 0.0,
      "z" : -0.690983
    }, {
      "x" : 0.0,
      "y" : 0.690983,
      "z" : -0.809017
    }, {
      "x" : 0.309017,
      "y" : 0.809017,
      "z" : -0.618034
    }, {
      "x" : 0.618034,
      "y" : 0.309017,
      "z" : -0.809017
    }, {
      "x" : 0.309017,
      "y" : 0.19098301,
      "z" : -1.0
    }, {
      "x" : 1.0,
      "y" : 0.309017,
      "z" : -0.19098301
    }, {
      "x" : -0.309017,
      "y" : -0.809017,
      "z" : 0.618034
    }, {
      "x" : 0.0,
      "y" : -0.690983,
      "z" : 0.809017
    }, {
      "x" : 0.809017,
      "y" : 0.618034,
      "z" : -0.309017
    }, {
      "x" : 0.690983,
      "y" : 0.809017,
      "z" : 0.0
    }, {
      "x" : -0.690983,
      "y" : 0.809017,
      "z" : 0.0
    }, {
      "x" : -0.809017,
      "y" : 0.618034,
      "z" : 0.309017
    }, {
      "x" : -0.309017,
      "y" : 0.809017,
      "z" : 0.618034
    }, {
      "x" : -0.19098301,
      "y" : 1.0,
      "z" : 0.309017
    }, {
      "x" : 0.309017,
      "y" : -0.19098301,
      "z" : -1.0
    }, {
      "x" : 0.19098301,
      "y" : 1.0,
      "z" : 0.309017
    }, {
      "x" : 0.309017,
      "y" : 0.809017,
      "z" : 0.618034
    }, {
      "x" : -0.809017,
      "y" : -0.618034,
      "z" : 0.309017
    }, {
      "x" : -0.690983,
      "y" : -0.809017,
      "z" : 0.0
    }, {
      "x" : 0.0,
      "y" : 0.690983,
      "z" : 0.809017
    }, {
      "x" : 0.309017,
      "y" : -0.809017,
      "z" : -0.618034
    }, {
      "x" : 0.0,
      "y" : -0.690983,
      "z" : -0.809017
    }, {
      "x" : -1.0,
      "y" : 0.309017,
      "z" : 0.19098301
    }, {
      "x" : -0.809017,
      "y" : 0.0,
      "z" : 0.690983
    }, {
      "x" : -0.618034,
      "y" : 0.309017,
      "z" : 0.809017
    }, {
      "x" : 1.0,
      "y" : -0.309017,
      "z" : 0.19098301
    }, {
      "x" : -0.309017,
      "y" : -0.809017,
      "z" : -0.618034
    }, {
      "x" : -1.0,
      "y" : 0.309017,
      "z" : -0.19098301
    }, {
      "x" : -1.0,
      "y" : -0.309017,
      "z" : -0.19098301
    }, {
      "x" : -1.0,
      "y" : -0.309017,
      "z" : 0.19098301
    }, {
      "x" : 0.19098301,
      "y" : 1.0,
      "z" : -0.309017
    }, {
      "x" : -0.809017,
      "y" : 0.618034,
      "z" : -0.309017
    }, {
      "x" : -0.19098301,
      "y" : 1.0,
      "z" : -0.309017
    }, {
      "x" : -0.309017,
      "y" : 0.809017,
      "z" : -0.618034
    }, {
      "x" : -0.618034,
      "y" : -0.309017,
      "z" : 0.809017
    }, {
      "x" : 0.309017,
      "y" : 0.19098301,
      "z" : 1.0
    }, {
      "x" : -0.309017,
      "y" : 0.19098301,
      "z" : -1.0
    }, {
      "x" : -0.309017,
      "y" : 0.19098301,
      "z" : 1.0
    }, {
      "x" : -0.309017,
      "y" : -0.19098301,
      "z" : 1.0
    }, {
      "x" : 0.309017,
      "y" : -0.19098301,
      "z" : 1.0
    }, {
      "x" : 0.690983,
      "y" : -0.809017,
      "z" : 0.0
    }, {
      "x" : -0.809017,
      "y" : 0.0,
      "z" : -0.690983
    }, {
      "x" : -0.618034,
      "y" : -0.309017,
      "z" : -0.809017
    }, {
      "x" : -0.309017,
      "y" : -0.19098301,
      "z" : -1.0
    }, {
      "x" : -0.618034,
      "y" : 0.309017,
      "z" : -0.809017
    }, {
      "x" : -0.809017,
      "y" : -0.618034,
      "z" : -0.309017
    } ],
    "faces" : [ {
      "vertices" : [ 9, 40, 35, 34, 10 ]
    }, {
      "vertices" : [ 0, 1, 2 ]
    }, {
      "vertices" : [ 33, 51, 49 ]
    }, {
      "vertices" : [ 25, 36, 37, 38 ]
    }, {
      "vertices" : [ 41, 55, 42 ]
    }, {
      "vertices" : [ 9, 32, 59, 40 ]
    }, {
      "vertices" : [ 20, 21, 52, 48 ]
    }, {
      "vertices" : [ 26, 33, 30, 29, 27 ]
    }, {
      "vertices" : [ 3, 4, 5, 6 ]
    }, {
      "vertices" : [ 27, 29, 44, 46 ]
    }, {
      "vertices" : [ 50, 57, 56, 55, 58 ]
    }, {
      "vertices" : [ 26, 38, 51, 33 ]
    }, {
      "vertices" : [ 45, 47, 58 ]
    }, {
      "vertices" : [ 18, 28, 57, 50 ]
    }, {
      "vertices" : [ 40, 59, 56 ]
    }, {
      "vertices" : [ 31, 48, 37, 43 ]
    }, {
      "vertices" : [ 7, 8, 9, 10 ]
    }, {
      "vertices" : [ 36, 41, 42, 43 ]
    }, {
      "vertices" : [ 24, 46, 47, 45 ]
    }, {
      "vertices" : [ 4, 30, 5 ]
    }, {
      "vertices" : [ 15, 47, 46, 44, 16 ]
    }, {
      "vertices" : [ 15, 50, 58, 47 ]
    }, {
      "vertices" : [ 24, 45, 41, 36, 25 ]
    }, {
      "vertices" : [ 11, 14, 19 ]
    }, {
      "vertices" : [ 3, 6, 39 ]
    }, {
      "vertices" : [ 1, 39, 6, 2 ]
    }, {
      "vertices" : [ 8, 32, 9 ]
    }, {
      "vertices" : [ 11, 12, 13, 14 ]
    }, {
      "vertices" : [ 16, 22, 17 ]
    }, {
      "vertices" : [ 0, 21, 20, 8, 7 ]
    }, {
      "vertices" : [ 12, 34, 13 ]
    }, {
      "vertices" : [ 35, 40, 56, 57 ]
    }, {
      "vertices" : [ 0, 7, 54, 1 ]
    }, {
      "vertices" : [ 15, 16, 17, 18 ]
    }, {
      "vertices" : [ 3, 19, 22, 23, 4 ]
    }, {
      "vertices" : [ 7, 10, 54 ]
    }, {
      "vertices" : [ 41, 45, 58, 55 ]
    }, {
      "vertices" : [ 3, 39, 11, 19 ]
    }, {
      "vertices" : [ 14, 17, 22, 19 ]
    }, {
      "vertices" : [ 0, 2, 53, 21 ]
    }, {
      "vertices" : [ 49, 51, 52, 53 ]
    }, {
      "vertices" : [ 31, 43, 42, 59, 32 ]
    }, {
      "vertices" : [ 15, 18, 50 ]
    }, {
      "vertices" : [ 42, 55, 56, 59 ]
    }, {
      "vertices" : [ 4, 23, 29, 30 ]
    }, {
      "vertices" : [ 25, 38, 26 ]
    }, {
      "vertices" : [ 13, 28, 18, 17, 14 ]
    }, {
      "vertices" : [ 8, 20, 31, 32 ]
    }, {
      "vertices" : [ 23, 44, 29 ]
    }, {
      "vertices" : [ 24, 27, 46 ]
    }, {
      "vertices" : [ 37, 48, 52, 51, 38 ]
    }, {
      "vertices" : [ 20, 48, 31 ]
    }, {
      "vertices" : [ 24, 25, 26, 27 ]
    }, {
      "vertices" : [ 16, 44, 23, 22 ]
    }, {
      "vertices" : [ 13, 34, 35, 28 ]
    }, {
      "vertices" : [ 10, 34, 12, 54 ]
    }, {
      "vertices" : [ 2, 6, 5, 49, 53 ]
    }, {
      "vertices" : [ 36, 43, 37 ]
    }, {
      "vertices" : [ 5, 30, 33, 49 ]
    }, {
      "vertices" : [ 1, 54, 12, 11, 39 ]
    }, {
      "vertices" : [ 28, 35, 57 ]
    }, {
      "vertices" : [ 21, 53, 52 ]
    } ]
  }, {
    "id" : "d0455e05-e29d-47a8-9052-b88bada88c9d",
    "vertices" : [ {
      "x" : 0.0,
      "y" : 0.0,
      "z" : 0.0
    }, {
      "x" : 0.43743446,
      "y" : -0.7077838,
      "z" : -1.1452183
    }, {
      "x" : 3.314751,
      "y" : 2.4860632,
      "z" : -1.1452183
    } ],
    "faces" : [ {
      "vertices" : [ 0, 1, 2 ]
    }, {
      "vertices" : [ 0, 2, 1 ]
    } ]
  }, {
    "id" : "821c6702-48d9-42aa-9d0a-2a1938267222",
    "orbit" : "green",
    "orbitC" : "[[2,-1,1],[5,-3,1]]",
    "length" : "[111,222,254]",
    "name" : " :111/254 +111/127*phi",
    "vertices" : [ {
      "x" : 18.816542,
      "y" : 6.9962964,
      "z" : -2.8633306
    }, {
      "x" : 19.839085,
      "y" : 7.032771,
      "z" : -2.9952965
    }, {
      "x" : 18.816542,
      "y" : 6.9962964,
      "z" : -2.4813645
    }, {
      "x" : 18.625559,
      "y" : 7.3053136,
      "z" : -2.9813645
    }, {
      "x" : 18.625559,
      "y" : 7.3053136,
      "z" : -2.5993986
    }, {
      "x" : 0.809017,
      "y" : 0.618034,
      "z" : 0.309017
    }, {
      "x" : 1.0,
      "y" : 0.309017,
      "z" : 0.19098301
    }, {
      "x" : 1.9045085,
      "y" : 0.5364745,
      "z" : -0.013932022
    }, {
      "x" : 19.530067,
      "y" : 7.532771,
      "z" : -3.1862795
    }, {
      "x" : 19.72105,
      "y" : 7.223754,
      "z" : -3.3043134
    }, {
      "x" : 19.72105,
      "y" : 7.223754,
      "z" : -2.6862795
    }, {
      "x" : 19.530067,
      "y" : 7.532771,
      "z" : -2.8043134
    }, {
      "x" : 1.7135255,
      "y" : 0.8454915,
      "z" : -0.13196601
    }, {
      "x" : 0.690983,
      "y" : 0.809017,
      "z" : 0.0
    }, {
      "x" : 1.9045085,
      "y" : 0.5364745,
      "z" : -0.39589804
    }, {
      "x" : 1.7135255,
      "y" : 0.8454915,
      "z" : -0.51393205
    }, {
      "x" : 0.809017,
      "y" : 0.618034,
      "z" : -0.309017
    }, {
      "x" : 1.0,
      "y" : 0.309017,
      "z" : -0.19098301
    }, {
      "x" : 20.530067,
      "y" : 7.8417883,
      "z" : -2.9952965
    } ],
    "faces" : [ {
      "vertices" : [ 0, 14, 15, 3 ]
    }, {
      "vertices" : [ 3, 15, 12, 4 ]
    }, {
      "vertices" : [ 0, 1, 2 ]
    }, {
      "vertices" : [ 12, 15, 13 ]
    }, {
      "vertices" : [ 0, 9, 1 ]
    }, {
      "vertices" : [ 0, 3, 9 ]
    }, {
      "vertices" : [ 13, 15, 16 ]
    }, {
      "vertices" : [ 6, 17, 14, 7 ]
    }, {
      "vertices" : [ 1, 10, 2 ]
    }, {
      "vertices" : [ 5, 6, 7 ]
    }, {
      "vertices" : [ 3, 8, 9 ]
    }, {
      "vertices" : [ 0, 2, 7, 14 ]
    }, {
      "vertices" : [ 5, 7, 12 ]
    }, {
      "vertices" : [ 2, 4, 12, 7 ]
    }, {
      "vertices" : [ 3, 4, 11, 8 ]
    }, {
      "vertices" : [ 2, 10, 11, 4 ]
    }, {
      "vertices" : [ 5, 12, 13 ]
    }, {
      "vertices" : [ 14, 17, 16, 15 ]
    } ]
  }, {
    "id" : "dd3eda33-e3e0-475f-b4aa-5add6f0c1d2a",
    "vertices" : [ {
      "x" : 0.0,
      "y" : 0.0,
      "z" : 0.0
    }, {
      "x" : 0.0,
      "y" : 0.0,
      "z" : 1.4155676
    }, {
      "x" : 0.7077838,
      "y" : -1.1452183,
      "z" : 1.8530021
    }, {
      "x" : 1.1452183,
      "y" : -1.8530021,
      "z" : 0.7077838
    }, {
      "x" : 0.7077838,
      "y" : -1.1452183,
      "z" : -0.43743446
    } ],
    "faces" : [ {
      "vertices" : [ 0, 1, 2, 3, 4 ]
    }, {
      "vertices" : [ 0, 4, 3, 2, 1 ]
    } ]
  }, {
    "id" : "907fb808-eb57-4921-8466-0f68f0ae5ea2",
    "vertices" : [ {
      "x" : 0.0,
      "y" : 0.0,
      "z" : 0.0
    }, {
      "x" : -0.43743446,
      "y" : 0.7077838,
      "z" : -1.1452183
    }, {
      "x" : -1.1452183,
      "y" : 1.8530021,
      "z" : -0.7077838
    }, {
      "x" : -1.1452183,
      "y" : 1.8530021,
      "z" : 0.7077838
    }, {
      "x" : -0.43743446,
      "y" : 0.7077838,
      "z" : 1.1452183
    } ],
    "faces" : [ {
      "vertices" : [ 0, 1, 2, 3, 4 ]
    }, {
      "vertices" : [ 0, 4, 3, 2, 1 ]
    } ]
  }, {
    "id" : "ceba5ca0-17c8-4958-a208-92533870170f",
    "orbit" : "red",
    "orbitC" : "[[-1,1,1],[0,0,1]]",
    "length" : "[5,-3,1]",
    "name" : " :5 -3*phi",
    "vertices" : [ {
      "x" : 0.5830745,
      "y" : 0.15735422,
      "z" : -0.26666668
    }, {
      "x" : 0.48307455,
      "y" : 0.057354216,
      "z" : 0.13333334
    }, {
      "x" : 0.41692546,
      "y" : 0.46067977,
      "z" : 0.26666668
    }, {
      "x" : 0.51692545,
      "y" : 0.5606798,
      "z" : -0.13333334
    }, {
      "x" : 0.2497412,
      "y" : 0.35735422,
      "z" : 0.26666668
    }, {
      "x" : 0.3497412,
      "y" : 0.45735422,
      "z" : -0.13333334
    }, {
      "x" : 0.7502588,
      "y" : 0.26067978,
      "z" : -0.26666668
    }, {
      "x" : 0.6502588,
      "y" : 0.16067977,
      "z" : 0.13333334
    } ],
    "faces" : [ {
      "vertices" : [ 2, 3, 6, 7 ]
    }, {
      "vertices" : [ 0, 5, 4, 1 ]
    }, {
      "vertices" : [ 2, 4, 5, 3 ]
    }, {
      "vertices" : [ 0, 6, 3, 5 ]
    }, {
      "vertices" : [ 0, 1, 7, 6 ]
    }, {
      "vertices" : [ 1, 4, 2, 7 ]
    } ]
  }, {
    "id" : "20143c2b-0543-46b0-92fb-6f79f40667dd",
    "vertices" : [ {
      "x" : 0.0,
      "y" : 0.0,
      "z" : 0.0
    }, {
      "x" : 0.7077838,
      "y" : -1.1452183,
      "z" : 0.43743446
    }, {
      "x" : 1.1452183,
      "y" : -1.8530021,
      "z" : -0.7077838
    }, {
      "x" : 0.7077838,
      "y" : -1.1452183,
      "z" : -1.8530021
    }, {
      "x" : 0.0,
      "y" : 0.0,
      "z" : -1.4155676
    } ],
    "faces" : [ {
      "vertices" : [ 0, 1, 2, 3, 4 ]
    }, {
      "vertices" : [ 0, 4, 3, 2, 1 ]
    } ]
  } ],
  "instances" : [ {
    "shape" : "25b4a6f3-772b-4740-9da3-18371b080fd4",
    "color" : "#008D36",
    "position" : {
      "x" : 4.959675,
      "y" : -4.959675,
      "z" : -4.959675
    },
    "orientation" : 31
  }, {
    "shape" : "8eb66c79-680a-4cb5-b474-d5dc408af5da",
    "color" : "#FFFFFF",
    "position" : {
      "x" : 0.0,
      "y" : 0.0,
      "z" : 0.0
    },
    "orientation" : 3
  }, {
    "shape" : "48c2b938-7561-40b1-b44d-2f42fc5f39e2",
    "color" : "#F2F2F2",
    "position" : {
      "x" : 17.944271,
      "y" : 0.0,
      "z" : 29.034441
    }
  }, {
    "shape" : "d0455e05-e29d-47a8-9052-b88bada88c9d",
    "color" : "#008D36",
    "position" : {
      "x" : 0.0,
      "y" : 26.157125,
      "z" : -14.750425
    },
    "orientation" : 49
  }, {
    "shape" : "d0455e05-e29d-47a8-9052-b88bada88c9d",
    "color" : "#008D36",
    "position" : {
      "x" : 15.458209,
      "y" : -1.1452183,
      "z" : -25.71969
    },
    "orientation" : 17
  }, {
    "shape" : "48c2b938-7561-40b1-b44d-2f42fc5f39e2",
    "color" : "#FFFFFF",
    "position" : {
      "x" : -3.0652475,
      "y" : 8.024922,
      "z" : 0.0
    }
  }, {
    "shape" : "48c2b938-7561-40b1-b44d-2f42fc5f39e2",
    "color" : "#F2F2F2",
    "position" : {
      "x" : 8.972136,
      "y" : -3.427051,
      "z" : 5.545085
    }
  }, {
    "shape" : "48c2b938-7561-40b1-b44d-2f42fc5f39e2",
    "color" : "#F2F2F2",
    "position" : {
      "x" : 11.09017,
      "y" : 0.0,
      "z" : 0.0
    }
  }, {
    "shape" : "8eb66c79-680a-4cb5-b474-d5dc408af5da",
    "color" : "#FFFFFF",
    "position" : {
      "x" : 0.0,
      "y" : 0.0,
      "z" : 0.0
    },
    "orientation" : 19
  }, {
    "shape" : "d0455e05-e29d-47a8-9052-b88bada88c9d",
    "color" : "#008D36",
    "position" : {
      "x" : 1.1452183,
      "y" : -25.71969,
      "z" : 15.458209
    },
    "orientation" : 37
  }, {
    "shape" : "25b4a6f3-772b-4740-9da3-18371b080fd4",
    "color" : "#008D36",
    "position" : {
      "x" : 3.0652475,
      "y" : -8.024922,
      "z" : 0.0
    },
    "orientation" : 36
  }, {
    "shape" : "d0455e05-e29d-47a8-9052-b88bada88c9d",
    "color" : "#008D36",
    "position" : {
      "x" : -0.7077838,
      "y" : 25.011908,
      "z" : -16.603428
    },
    "orientation" : 58
  }, {
    "shape" : "48c2b938-7561-40b1-b44d-2f42fc5f39e2",
    "color" : "#F2F2F2",
    "position" : {
      "x" : 0.0,
      "y" : 0.0,
      "z" : 11.09017
    }
  }, {
    "shape" : "d0455e05-e29d-47a8-9052-b88bada88c9d",
    "color" : "#008D36",
    "position" : {
      "x" : -16.603428,
      "y" : -0.7077838,
      "z" : 25.011908
    },
    "orientation" : 44
  }, {
    "shape" : "821c6702-48d9-42aa-9d0a-2a1938267222",
    "color" : "#008D36",
    "position" : {
      "x" : 16.813925,
      "y" : 0.43175444,
      "z" : -26.075153
    },
    "orientation" : 32
  }, {
    "shape" : "48c2b938-7561-40b1-b44d-2f42fc5f39e2",
    "color" : "#F2F2F2",
    "position" : {
      "x" : 5.545085,
      "y" : 8.972136,
      "z" : -3.427051
    }
  }, {
    "shape" : "d0455e05-e29d-47a8-9052-b88bada88c9d",
    "color" : "#008D36",
    "position" : {
      "x" : -25.011908,
      "y" : 16.603428,
      "z" : 0.7077838
    },
    "orientation" : 54
  }, {
    "shape" : "dd3eda33-e3e0-475f-b4aa-5add6f0c1d2a",
    "color" : "#008D36",
    "position" : {
      "x" : 16.603428,
      "y" : -0.7077838,
      "z" : 25.011908
    },
    "orientation" : 2
  }, {
    "shape" : "821c6702-48d9-42aa-9d0a-2a1938267222",
    "color" : "#008D36",
    "position" : {
      "x" : -26.773746,
      "y" : 15.683577,
      "z" : 0.0
    },
    "orientation" : 21
  }, {
    "shape" : "25b4a6f3-772b-4740-9da3-18371b080fd4",
    "color" : "#008D36",
    "position" : {
      "x" : 8.024922,
      "y" : 0.0,
      "z" : 3.0652475
    },
    "orientation" : 23
  }, {
    "shape" : "48c2b938-7561-40b1-b44d-2f42fc5f39e2",
    "color" : "#000000",
    "position" : {
      "x" : 0.0,
      "y" : 0.0,
      "z" : 0.0
    }
  }, {
    "shape" : "48c2b938-7561-40b1-b44d-2f42fc5f39e2",
    "color" : "#F2F2F2",
    "position" : {
      "x" : -5.545085,
      "y" : 8.972136,
      "z" : 3.427051
    }
  }, {
    "shape" : "d0455e05-e29d-47a8-9052-b88bada88c9d",
    "color" : "#008D36",
    "position" : {
      "x" : -1.1452183,
      "y" : -25.71969,
      "z" : 15.458209
    },
    "orientation" : 31
  }, {
    "shape" : "d0455e05-e29d-47a8-9052-b88bada88c9d",
    "color" : "#008D36",
    "position" : {
      "x" : 0.7077838,
      "y" : 25.011908,
      "z" : -16.603428
    },
    "orientation" : 55
  }, {
    "shape" : "d0455e05-e29d-47a8-9052-b88bada88c9d",
    "color" : "#008D36",
    "position" : {
      "x" : 26.157125,
      "y" : -14.750425,
      "z" : 0.0
    },
    "orientation" : 18
  }, {
    "shape" : "8eb66c79-680a-4cb5-b474-d5dc408af5da",
    "color" : "#FFFFFF",
    "position" : {
      "x" : 0.0,
      "y" : 0.0,
      "z" : 0.0
    },
    "orientation" : 4
  }, {
    "shape" : "25b4a6f3-772b-4740-9da3-18371b080fd4",
    "color" : "#008D36",
    "position" : {
      "x" : -4.959675,
      "y" : -4.959675,
      "z" : 4.959675
    },
    "orientation" : 45
  }, {
    "shape" : "821c6702-48d9-42aa-9d0a-2a1938267222",
    "color" : "#008D36",
    "position" : {
      "x" : 26.075153,
      "y" : 16.813925,
      "z" : -0.43175444
    },
    "orientation" : 30
  }, {
    "shape" : "25b4a6f3-772b-4740-9da3-18371b080fd4",
    "color" : "#008D36",
    "position" : {
      "x" : -8.024922,
      "y" : 0.0,
      "z" : 3.0652475
    },
    "orientation" : 53
  }, {
    "shape" : "25b4a6f3-772b-4740-9da3-18371b080fd4",
    "color" : "#008D36",
    "position" : {
      "x" : -3.0652475,
      "y" : -8.024922,
      "z" : 0.0
    },
    "orientation" : 41
  }, {
    "shape" : "8eb66c79-680a-4cb5-b474-d5dc408af5da",
    "color" : "#FFFFFF",
    "position" : {
      "x" : 0.0,
      "y" : 0.0,
      "z" : 0.0
    },
    "orientation" : 30
  }, {
    "shape" : "907fb808-eb57-4921-8466-0f68f0ae5ea2",
    "color" : "#008D36",
    "position" : {
      "x" : -26.157125,
      "y" : 14.750425,
      "z" : 0.0
    },
    "orientation" : 45
  }, {
    "shape" : "821c6702-48d9-42aa-9d0a-2a1938267222",
    "color" : "#008D36",
    "position" : {
      "x" : 0.6985934,
      "y" : -26.506907,
      "z" : -16.11533
    },
    "orientation" : 10
  }, {
    "shape" : "821c6702-48d9-42aa-9d0a-2a1938267222",
    "color" : "#008D36",
    "position" : {
      "x" : -26.506907,
      "y" : -16.11533,
      "z" : -0.6985934
    },
    "orientation" : 3
  }, {
    "shape" : "48c2b938-7561-40b1-b44d-2f42fc5f39e2",
    "color" : "#FFFFFF",
    "position" : {
      "x" : 4.959675,
      "y" : -4.959675,
      "z" : 4.959675
    }
  }, {
    "shape" : "25b4a6f3-772b-4740-9da3-18371b080fd4",
    "color" : "#008D36",
    "position" : {
      "x" : -3.0652475,
      "y" : 8.024922,
      "z" : 0.0
    },
    "orientation" : 56
  }, {
    "shape" : "25b4a6f3-772b-4740-9da3-18371b080fd4",
    "color" : "#008D36",
    "position" : {
      "x" : 4.959675,
      "y" : -4.959675,
      "z" : 4.959675
    },
    "orientation" : 12
  }, {
    "shape" : "48c2b938-7561-40b1-b44d-2f42fc5f39e2",
    "color" : "#FFFFFF",
    "position" : {
      "x" : -4.959675,
      "y" : 4.959675,
      "z" : -4.959675
    }
  }, {
    "shape" : "d0455e05-e29d-47a8-9052-b88bada88c9d",
    "color" : "#008D36",
    "position" : {
      "x" : 14.750425,
      "y" : 0.0,
      "z" : 26.157125
    },
    "orientation" : 5
  }, {
    "shape" : "d0455e05-e29d-47a8-9052-b88bada88c9d",
    "color" : "#008D36",
    "position" : {
      "x" : -25.011908,
      "y" : -16.603428,
      "z" : -0.7077838
    },
    "orientation" : 39
  }, {
    "shape" : "48c2b938-7561-40b1-b44d-2f42fc5f39e2",
    "color" : "#F2F2F2",
    "position" : {
      "x" : 29.034441,
      "y" : -17.944271,
      "z" : 0.0
    }
  }, {
    "shape" : "48c2b938-7561-40b1-b44d-2f42fc5f39e2",
    "color" : "#FFFFFF",
    "position" : {
      "x" : 4.959675,
      "y" : -4.959675,
      "z" : -4.959675
    }
  }, {
    "shape" : "d0455e05-e29d-47a8-9052-b88bada88c9d",
    "color" : "#008D36",
    "position" : {
      "x" : 0.7077838,
      "y" : -25.011908,
      "z" : -16.603428
    },
    "orientation" : 28
  }, {
    "shape" : "821c6702-48d9-42aa-9d0a-2a1938267222",
    "color" : "#008D36",
    "position" : {
      "x" : -15.683577,
      "y" : 0.0,
      "z" : 26.773746
    },
    "orientation" : 23
  }, {
    "shape" : "25b4a6f3-772b-4740-9da3-18371b080fd4",
    "color" : "#008D36",
    "position" : {
      "x" : 0.0,
      "y" : -3.0652475,
      "z" : -8.024922
    },
    "orientation" : 24
  }, {
    "shape" : "d0455e05-e29d-47a8-9052-b88bada88c9d",
    "color" : "#008D36",
    "position" : {
      "x" : 16.603428,
      "y" : 0.7077838,
      "z" : -25.011908
    },
    "orientation" : 26
  }, {
    "shape" : "48c2b938-7561-40b1-b44d-2f42fc5f39e2",
    "color" : "#FFFFFF",
    "position" : {
      "x" : -4.959675,
      "y" : -4.959675,
      "z" : 4.959675
    }
  }, {
    "shape" : "25b4a6f3-772b-4740-9da3-18371b080fd4",
    "color" : "#008D36",
    "position" : {
      "x" : 4.959675,
      "y" : -4.959675,
      "z" : 4.959675
    },
    "orientation" : 44
  }, {
    "shape" : "48c2b938-7561-40b1-b44d-2f42fc5f39e2",
    "color" : "#F2F2F2",
    "position" : {
      "x" : 0.0,
      "y" : 29.034441,
      "z" : -17.944271
    }
  }, {
    "shape" : "25b4a6f3-772b-4740-9da3-18371b080fd4",
    "color" : "#008D36",
    "position" : {
      "x" : 0.0,
      "y" : 3.0652475,
      "z" : 8.024922
    },
    "orientation" : 37
  }, {
    "shape" : "821c6702-48d9-42aa-9d0a-2a1938267222",
    "color" : "#008D36",
    "position" : {
      "x" : -0.6985934,
      "y" : 26.506907,
      "z" : -16.11533
    },
    "orientation" : 40
  }, {
    "shape" : "25b4a6f3-772b-4740-9da3-18371b080fd4",
    "color" : "#008D36",
    "position" : {
      "x" : 3.0652475,
      "y" : -8.024922,
      "z" : 0.0
    },
    "orientation" : 5
  }, {
    "shape" : "d0455e05-e29d-47a8-9052-b88bada88c9d",
    "color" : "#008D36",
    "position" : {
      "x" : -14.750425,
      "y" : 0.0,
      "z" : -26.157125
    },
    "orientation" : 50
  }, {
    "shape" : "821c6702-48d9-42aa-9d0a-2a1938267222",
    "color" : "#008D36",
    "position" : {
      "x" : 16.813925,
      "y" : -0.43175444,
      "z" : 26.075153
    },
    "orientation" : 47
  }, {
    "shape" : "25b4a6f3-772b-4740-9da3-18371b080fd4",
    "color" : "#008D36",
    "position" : {
      "x" : -3.0652475,
      "y" : 8.024922,
      "z" : 0.0
    },
    "orientation" : 6
  }, {
    "shape" : "821c6702-48d9-42aa-9d0a-2a1938267222",
    "color" : "#008D36",
    "position" : {
      "x" : 26.075153,
      "y" : -16.813925,
      "z" : -0.43175444
    },
    "orientation" : 57
  }, {
    "shape" : "25b4a6f3-772b-4740-9da3-18371b080fd4",
    "color" : "#008D36",
    "position" : {
      "x" : -3.0652475,
      "y" : 8.024922,
      "z" : 0.0
    },
    "orientation" : 35
  }, {
    "shape" : "25b4a6f3-772b-4740-9da3-18371b080fd4",
    "color" : "#008D36",
    "position" : {
      "x" : 0.0,
      "y" : 3.0652475,
      "z" : 8.024922
    },
    "orientation" : 9
  }, {
    "shape" : "d0455e05-e29d-47a8-9052-b88bada88c9d",
    "color" : "#008D36",
    "position" : {
      "x" : 15.458209,
      "y" : -1.1452183,
      "z" : 25.71969
    },
    "orientation" : 8
  }, {
    "shape" : "d0455e05-e29d-47a8-9052-b88bada88c9d",
    "color" : "#008D36",
    "position" : {
      "x" : 0.7077838,
      "y" : -25.011908,
      "z" : 16.603428
    },
    "orientation" : 40
  }, {
    "shape" : "ceba5ca0-17c8-4958-a208-92533870170f",
    "color" : "#AF0000",
    "position" : {
      "x" : 0.0,
      "y" : -3.0652475,
      "z" : 8.024922
    },
    "orientation" : 32
  }, {
    "shape" : "48c2b938-7561-40b1-b44d-2f42fc5f39e2",
    "color" : "#FFFFFF",
    "position" : {
      "x" : 3.0652475,
      "y" : 8.024922,
      "z" : 0.0
    }
  }, {
    "shape" : "48c2b938-7561-40b1-b44d-2f42fc5f39e2",
    "color" : "#F2F2F2",
    "position" : {
      "x" : -8.972136,
      "y" : -3.427051,
      "z" : 5.545085
    }
  }, {
    "shape" : "d0455e05-e29d-47a8-9052-b88bada88c9d",
    "color" : "#008D36",
    "position" : {
      "x" : 16.603428,
      "y" : -0.7077838,
      "z" : 25.011908
    },
    "orientation" : 11
  }, {
    "shape" : "d0455e05-e29d-47a8-9052-b88bada88c9d",
    "color" : "#008D36",
    "position" : {
      "x" : 25.71969,
      "y" : -15.458209,
      "z" : -1.1452183
    },
    "orientation" : 15
  }, {
    "shape" : "25b4a6f3-772b-4740-9da3-18371b080fd4",
    "color" : "#008D36",
    "position" : {
      "x" : -8.024922,
      "y" : 0.0,
      "z" : -3.0652475
    },
    "orientation" : 55
  }, {
    "shape" : "25b4a6f3-772b-4740-9da3-18371b080fd4",
    "color" : "#008D36",
    "position" : {
      "x" : 0.0,
      "y" : -3.0652475,
      "z" : -8.024922
    },
    "orientation" : 52
  }, {
    "shape" : "8eb66c79-680a-4cb5-b474-d5dc408af5da",
    "color" : "#FFFFFF",
    "position" : {
      "x" : 0.0,
      "y" : 0.0,
      "z" : 0.0
    },
    "orientation" : 5
  }, {
