{
  "polygons" : "true",
  "field" : "golden",
  "symmetry" : "icosahedral",
  "orientations" : [ [ 1.0, 0.0, 0.0, 0.0, 0.0, 1.0, 0.0, 0.0, 0.0, 0.0, 1.0, 0.0, 0.0, 0.0, 0.0, 1.0 ], [ 0.0, 0.0, 1.0, 0.0, 1.0, 0.0, 0.0, 0.0, 0.0, 1.0, 0.0, 0.0, 0.0, 0.0, 0.0, 1.0 ], [ 0.0, 1.0, 0.0, 0.0, 0.0, 0.0, 1.0, 0.0, 1.0, 0.0, 0.0, 0.0, 0.0, 0.0, 0.0, 1.0 ], [ 0.809017, 0.309017, 0.5, 0.0, 0.309017, 0.5, -0.809017, 0.0, -0.5, 0.809017, 0.309017, 0.0, 0.0, 0.0, 0.0, 1.0 ], [ -0.5, 0.809017, 0.309017, 0.0, 0.809017, 0.309017, 0.5, 0.0, 0.309017, 0.5, -0.809017, 0.0, 0.0, 0.0, 0.0, 1.0 ], [ 0.309017, 0.5, -0.809017, 0.0, -0.5, 0.809017, 0.309017, 0.0, 0.809017, 0.309017, 0.5, 0.0, 0.0, 0.0, 0.0, 1.0 ], [ 0.5, 0.809017, 0.309017, 0.0, 0.809017, -0.309017, -0.5, 0.0, -0.309017, 0.5, -0.809017, 0.0, 0.0, 0.0, 0.0, 1.0 ], [ -0.309017, 0.5, -0.809017, 0.0, 0.5, 0.809017, 0.309017, 0.0, 0.809017, -0.309017, -0.5, 0.0, 0.0, 0.0, 0.0, 1.0 ], [ 0.809017, -0.309017, -0.5, 0.0, -0.309017, 0.5, -0.809017, 0.0, 0.5, 0.809017, 0.309017, 0.0, 0.0, 0.0, 0.0, 1.0 ], [ 0.5, 0.809017, -0.309017, 0.0, 0.809017, -0.309017, 0.5, 0.0, 0.309017, -0.5, -0.809017, 0.0, 0.0, 0.0, 0.0, 1.0 ], [ 0.309017, -0.5, -0.809017, 0.0, 0.5, 0.809017, -0.309017, 0.0, 0.809017, -0.309017, 0.5, 0.0, 0.0, 0.0, 0.0, 1.0 ], [ 0.809017, -0.309017, 0.5, 0.0, 0.309017, -0.5, -0.809017, 0.0, 0.5, 0.809017, -0.309017, 0.0, 0.0, 0.0, 0.0, 1.0 ], [ 0.809017, 0.309017, -0.5, 0.0, 0.309017, 0.5, 0.809017, 0.0, 0.5, -0.809017, 0.309017, 0.0, 0.0, 0.0, 0.0, 1.0 ], [ 0.5, -0.809017, 0.309017, 0.0, 0.809017, 0.309017, -0.5, 0.0, 0.309017, 0.5, 0.809017, 0.0, 0.0, 0.0, 0.0, 1.0 ], [ 0.309017, 0.5, 0.809017, 0.0, 0.5, -0.809017, 0.309017, 0.0, 0.809017, 0.309017, -0.5, 0.0, 0.0, 0.0, 0.0, 1.0 ], [ 1.0, 0.0, 0.0, 0.0, 0.0, -1.0, 0.0, 0.0, 0.0, 0.0, -1.0, 0.0, 0.0, 0.0, 0.0, 1.0 ], [ 0.0, 0.0, 1.0, 0.0, -1.0, 0.0, 0.0, 0.0, 0.0, -1.0, 0.0, 0.0, 0.0, 0.0, 0.0, 1.0 ], [ 0.0, 1.0, 0.0, 0.0, 0.0, 0.0, -1.0, 0.0, -1.0, 0.0, 0.0, 0.0, 0.0, 0.0, 0.0, 1.0 ], [ 0.809017, 0.309017, 0.5, 0.0, -0.309017, -0.5, 0.809017, 0.0, 0.5, -0.809017, -0.309017, 0.0, 0.0, 0.0, 0.0, 1.0 ], [ -0.5, 0.809017, 0.309017, 0.0, -0.809017, -0.309017, -0.5, 0.0, -0.309017, -0.5, 0.809017, 0.0, 0.0, 0.0, 0.0, 1.0 ], [ 0.309017, 0.5, -0.809017, 0.0, 0.5, -0.809017, -0.309017, 0.0, -0.809017, -0.309017, -0.5, 0.0, 0.0, 0.0, 0.0, 1.0 ], [ 0.5, 0.809017, 0.309017, 0.0, -0.809017, 0.309017, 0.5, 0.0, 0.309017, -0.5, 0.809017, 0.0, 0.0, 0.0, 0.0, 1.0 ], [ -0.309017, 0.5, -0.809017, 0.0, -0.5, -0.809017, -0.309017, 0.0, -0.809017, 0.309017, 0.5, 0.0, 0.0, 0.0, 0.0, 1.0 ], [ 0.809017, -0.309017, -0.5, 0.0, 0.309017, -0.5, 0.809017, 0.0, -0.5, -0.809017, -0.309017, 0.0, 0.0, 0.0, 0.0, 1.0 ], [ 0.5, 0.809017, -0.309017, 0.0, -0.809017, 0.309017, -0.5, 0.0, -0.309017, 0.5, 0.809017, 0.0, 0.0, 0.0, 0.0, 1.0 ], [ 0.309017, -0.5, -0.809017, 0.0, -0.5, -0.809017, 0.309017, 0.0, -0.809017, 0.309017, -0.5, 0.0, 0.0, 0.0, 0.0, 1.0 ], [ 0.809017, -0.309017, 0.5, 0.0, -0.309017, 0.5, 0.809017, 0.0, -0.5, -0.809017, 0.309017, 0.0, 0.0, 0.0, 0.0, 1.0 ], [ 0.809017, 0.309017, -0.5, 0.0, -0.309017, -0.5, -0.809017, 0.0, -0.5, 0.809017, -0.309017, 0.0, 0.0, 0.0, 0.0, 1.0 ], [ 0.5, -0.809017, 0.309017, 0.0, -0.809017, -0.309017, 0.5, 0.0, -0.309017, -0.5, -0.809017, 0.0, 0.0, 0.0, 0.0, 1.0 ], [ 0.309017, 0.5, 0.809017, 0.0, -0.5, 0.809017, -0.309017, 0.0, -0.809017, -0.309017, 0.5, 0.0, 0.0, 0.0, 0.0, 1.0 ], [ -1.0, 0.0, 0.0, 0.0, 0.0, -1.0, 0.0, 0.0, 0.0, 0.0, 1.0, 0.0, 0.0, 0.0, 0.0, 1.0 ], [ 0.0, 0.0, -1.0, 0.0, -1.0, 0.0, 0.0, 0.0, 0.0, 1.0, 0.0, 0.0, 0.0, 0.0, 0.0, 1.0 ], [ 0.0, -1.0, 0.0, 0.0, 0.0, 0.0, -1.0, 0.0, 1.0, 0.0, 0.0, 0.0, 0.0, 0.0, 0.0, 1.0 ], [ -0.809017, -0.309017, -0.5, 0.0, -0.309017, -0.5, 0.809017, 0.0, -0.5, 0.809017, 0.309017, 0.0, 0.0, 0.0, 0.0, 1.0 ], [ 0.5, -0.809017, -0.309017, 0.0, -0.809017, -0.309017, -0.5, 0.0, 0.309017, 0.5, -0.809017, 0.0, 0.0, 0.0, 0.0, 1.0 ], [ -0.309017, -0.5, 0.809017, 0.0, 0.5, -0.809017, -0.309017, 0.0, 0.809017, 0.309017, 0.5, 0.0, 0.0, 0.0, 0.0, 1.0 ], [ -0.5, -0.809017, -0.309017, 0.0, -0.809017, 0.309017, 0.5, 0.0, -0.309017, 0.5, -0.809017, 0.0, 0.0, 0.0, 0.0, 1.0 ], [ 0.309017, -0.5, 0.809017, 0.0, -0.5, -0.809017, -0.309017, 0.0, 0.809017, -0.309017, -0.5, 0.0, 0.0, 0.0, 0.0, 1.0 ], [ -0.809017, 0.309017, 0.5, 0.0, 0.309017, -0.5, 0.809017, 0.0, 0.5, 0.809017, 0.309017, 0.0, 0.0, 0.0, 0.0, 1.0 ], [ -0.5, -0.809017, 0.309017, 0.0, -0.809017, 0.309017, -0.5, 0.0, 0.309017, -0.5, -0.809017, 0.0, 0.0, 0.0, 0.0, 1.0 ], [ -0.309017, 0.5, 0.809017, 0.0, -0.5, -0.809017, 0.309017, 0.0, 0.809017, -0.309017, 0.5, 0.0, 0.0, 0.0, 0.0, 1.0 ], [ -0.809017, 0.309017, -0.5, 0.0, -0.309017, 0.5, 0.809017, 0.0, 0.5, 0.809017, -0.309017, 0.0, 0.0, 0.0, 0.0, 1.0 ], [ -0.809017, -0.309017, 0.5, 0.0, -0.309017, -0.5, -0.809017, 0.0, 0.5, -0.809017, 0.309017, 0.0, 0.0, 0.0, 0.0, 1.0 ], [ -0.5, 0.809017, -0.309017, 0.0, -0.809017, -0.309017, 0.5, 0.0, 0.309017, 0.5, 0.809017, 0.0, 0.0, 0.0, 0.0, 1.0 ], [ -0.309017, -0.5, -0.809017, 0.0, -0.5, 0.809017, -0.309017, 0.0, 0.809017, 0.309017, -0.5, 0.0, 0.0, 0.0, 0.0, 1.0 ], [ -1.0, 0.0, 0.0, 0.0, 0.0, 1.0, 0.0, 0.0, 0.0, 0.0, -1.0, 0.0, 0.0, 0.0, 0.0, 1.0 ], [ 0.0, 0.0, -1.0, 0.0, 1.0, 0.0, 0.0, 0.0, 0.0, -1.0, 0.0, 0.0, 0.0, 0.0, 0.0, 1.0 ], [ 0.0, -1.0, 0.0, 0.0, 0.0, 0.0, 1.0, 0.0, -1.0, 0.0, 0.0, 0.0, 0.0, 0.0, 0.0, 1.0 ], [ -0.809017, -0.309017, -0.5, 0.0, 0.309017, 0.5, -0.809017, 0.0, 0.5, -0.809017, -0.309017, 0.0, 0.0, 0.0, 0.0, 1.0 ], [ 0.5, -0.809017, -0.309017, 0.0, 0.809017, 0.309017, 0.5, 0.0, -0.309017, -0.5, 0.809017, 0.0, 0.0, 0.0, 0.0, 1.0 ], [ -0.309017, -0.5, 0.809017, 0.0, -0.5, 0.809017, 0.309017, 0.0, -0.809017, -0.309017, -0.5, 0.0, 0.0, 0.0, 0.0, 1.0 ], [ -0.5, -0.809017, -0.309017, 0.0, 0.809017, -0.309017, -0.5, 0.0, 0.309017, -0.5, 0.809017, 0.0, 0.0, 0.0, 0.0, 1.0 ], [ 0.309017, -0.5, 0.809017, 0.0, 0.5, 0.809017, 0.309017, 0.0, -0.809017, 0.309017, 0.5, 0.0, 0.0, 0.0, 0.0, 1.0 ], [ -0.809017, 0.309017, 0.5, 0.0, -0.309017, 0.5, -0.809017, 0.0, -0.5, -0.809017, -0.309017, 0.0, 0.0, 0.0, 0.0, 1.0 ], [ -0.5, -0.809017, 0.309017, 0.0, 0.809017, -0.309017, 0.5, 0.0, -0.309017, 0.5, 0.809017, 0.0, 0.0, 0.0, 0.0, 1.0 ], [ -0.309017, 0.5, 0.809017, 0.0, 0.5, 0.809017, -0.309017, 0.0, -0.809017, 0.309017, -0.5, 0.0, 0.0, 0.0, 0.0, 1.0 ], [ -0.809017, 0.309017, -0.5, 0.0, 0.309017, -0.5, -0.809017, 0.0, -0.5, -0.809017, 0.309017, 0.0, 0.0, 0.0, 0.0, 1.0 ], [ -0.809017, -0.309017, 0.5, 0.0, 0.309017, 0.5, 0.809017, 0.0, -0.5, 0.809017, -0.309017, 0.0, 0.0, 0.0, 0.0, 1.0 ], [ -0.5, 0.809017, -0.309017, 0.0, 0.809017, 0.309017, -0.5, 0.0, -0.309017, -0.5, -0.809017, 0.0, 0.0, 0.0, 0.0, 1.0 ], [ -0.309017, -0.5, -0.809017, 0.0, 0.5, -0.809017, 0.309017, 0.0, -0.809017, -0.309017, 0.5, 0.0, 0.0, 0.0, 0.0, 1.0 ] ],
  "lights" : {
    "directionalLights" : [ {
      "direction" : [ 1.0, -1.0, -1.0 ],
      "color" : "#EBEBE4"
    }, {
      "direction" : [ -1.0, 0.0, 0.0 ],
      "color" : "#E4E4EB"
    }, {
      "direction" : [ 0.0, 0.0, -1.0 ],
      "color" : "#1E1E1E"
    } ],
    "backgroundColor" : "#AFC8DC",
    "ambientColor" : "#292929"
  },
  "camera" : {
    "width" : 80.67045,
    "position" : {
      "x" : 43.38802,
      "y" : 54.516422,
      "z" : 165.17352
    },
    "perspective" : true,
    "viewDistance" : 179.26756,
    "fieldOfView" : 0.44262913,
    "upDirectionRV" : {
      "x" : -0.14649844,
      "y" : 0.9501753,
      "z" : -0.27514148,
      "zero" : false
    },
    "lookAtPointRV" : {
      "x" : 0.0,
      "y" : 0.0,
      "z" : 0.0,
      "zero" : true
    },
    "lookDirectionRV" : {
      "x" : -0.24202938,
      "y" : -0.30410644,
      "z" : -0.92137986,
      "zero" : false
    },
    "nearClipDistance" : 0.44816902,
    "lookDirection" : {
      "x" : -0.24202938,
      "y" : -0.30410644,
      "z" : -0.92137986
    },
    "lookAtPoint" : {
      "x" : 0.0,
      "y" : 0.0,
      "z" : 0.0
    },
    "stereo" : false,
    "farClipDistance" : 358.5351,
    "upDirection" : {
      "x" : -0.14649844,
      "y" : 0.9501753,
      "z" : -0.27514148
    }
  },
  "embedding" : [ 1.0, 0.0, 0.0, 0.0, 0.0, 1.0, 0.0, 0.0, 0.0, 0.0, 1.0, 0.0, 0.0, 0.0, 0.0, 1.0 ],
  "shapes" : [ {
    "id" : "3b6732dd-f1e0-4621-9e33-017aadfc456d",
    "vertices" : [ {
      "x" : 0.0,
      "y" : 0.0,
      "z" : 0.0
    }, {
      "x" : 0.0,
      "y" : 0.0,
      "z" : 8.472136
    }, {
      "x" : 0.0,
      "y" : -2.618034,
      "z" : 6.854102
    } ],
    "faces" : [ {
      "vertices" : [ 0, 1, 2 ]
    }, {
      "vertices" : [ 0, 2, 1 ]
    } ]
  }, {
    "id" : "89df8ee4-7e94-4f7b-9488-f7a1f634e9a0",
    "vertices" : [ {
      "x" : 0.0,
      "y" : 0.0,
      "z" : 0.0
    }, {
      "x" : 0.0,
      "y" : 0.0,
      "z" : 5.236068
    }, {
      "x" : 0.0,
      "y" : -4.236068,
      "z" : 2.618034
    } ],
    "faces" : [ {
      "vertices" : [ 0, 1, 2 ]
    }, {
      "vertices" : [ 0, 2, 1 ]
    } ]
  }, {
    "id" : "5b818886-12d5-4493-ab50-2d85dd1b97f7",
    "vertices" : [ {
      "x" : 0.0,
      "y" : 0.0,
      "z" : 0.0
    }, {
      "x" : 0.0,
      "y" : 1.618034,
      "z" : -4.236068
    }, {
      "x" : 0.0,
      "y" : 8.472136,
      "z" : 0.0
    } ],
    "faces" : [ {
      "vertices" : [ 0, 1, 2 ]
    }, {
      "vertices" : [ 0, 2, 1 ]
    } ]
  }, {
    "id" : "748fec95-7ed9-423c-9726-dc6e090ea24a",
    "vertices" : [ {
      "x" : 0.0,
      "y" : 0.0,
      "z" : 0.0
    }, {
      "x" : 0.0,
      "y" : 0.0,
      "z" : -5.236068
    }, {
      "x" : 0.0,
      "y" : 4.236068,
      "z" : -2.618034
    } ],
    "faces" : [ {
      "vertices" : [ 0, 1, 2 ]
    }, {
      "vertices" : [ 0, 2, 1 ]
    } ]
  }, {
    "id" : "2070a0ba-a274-4970-97c0-8acfd24e29d6",
    "vertices" : [ {
      "x" : 0.0,
      "y" : 0.0,
      "z" : 0.0
    }, {
      "x" : 0.0,
      "y" : -5.236068,
      "z" : 0.0
    }, {
      "x" : 0.0,
      "y" : -2.618034,
      "z" : -1.618034
    } ],
    "faces" : [ {
      "vertices" : [ 0, 1, 2 ]
    }, {
      "vertices" : [ 0, 2, 1 ]
    } ]
  }, {
    "id" : "4f3247ff-d4ad-4ed9-a0a0-8b70a8707d9f",
    "vertices" : [ {
      "x" : 0.0,
      "y" : 0.0,
      "z" : 0.0
    }, {
      "x" : 0.0,
      "y" : 0.0,
      "z" : -8.472136
    }, {
      "x" : 0.0,
      "y" : 2.618034,
      "z" : -6.854102
    } ],
    "faces" : [ {
      "vertices" : [ 0, 1, 2 ]
    }, {
      "vertices" : [ 0, 2, 1 ]
    } ]
  }, {
    "id" : "27b34b27-8518-486a-946f-19e157186155",
    "vertices" : [ {
      "x" : 0.0,
      "y" : 0.0,
      "z" : 0.0
    }, {
      "x" : 0.0,
      "y" : -1.618034,
      "z" : 4.236068
    }, {
      "x" : 0.0,
      "y" : -8.472136,
      "z" : 0.0
    } ],
    "faces" : [ {
      "vertices" : [ 0, 1, 2 ]
    }, {
      "vertices" : [ 0, 2, 1 ]
    } ]
  }, {
    "id" : "a9742dc5-7fb8-4ff6-9a8d-98e1916c1371",
    "vertices" : [ {
      "x" : 0.0,
      "y" : 0.0,
      "z" : 0.0
    }, {
      "x" : 0.0,
      "y" : 5.236068,
      "z" : 0.0
    }, {
      "x" : 0.0,
      "y" : 2.618034,
      "z" : 1.618034
    } ],
    "faces" : [ {
      "vertices" : [ 0, 1, 2 ]
    }, {
      "vertices" : [ 0, 2, 1 ]
    } ]
  }, {
    "id" : "afb3b9b1-b26e-4e2b-87b0-7a2681cdf593",
    "vertices" : [ {
      "x" : 0.0,
      "y" : 0.0,
      "z" : 0.0
    }, {
      "x" : 0.0,
      "y" : 2.618034,
      "z" : 6.854102
    }, {
      "x" : 0.0,
      "y" : -4.236068,
      "z" : 2.618034
    } ],
    "faces" : [ {
      "vertices" : [ 0, 1, 2 ]
    }, {
      "vertices" : [ 0, 2, 1 ]
    } ]
  }, {
    "id" : "8792954e-c8d8-4741-b112-fb485e5f63c9",
    "vertices" : [ {
      "x" : 0.0,
      "y" : 0.0,
      "z" : 0.0
    }, {
      "x" : 0.0,
      "y" : -2.618034,
      "z" : -6.854102
    }, {
      "x" : 0.0,
      "y" : 4.236068,
      "z" : -2.618034
    } ],
    "faces" : [ {
      "vertices" : [ 0, 1, 2 ]
    }, {
      "vertices" : [ 0, 2, 1 ]
    } ]
  }, {
    "id" : "70740957-d1d0-4a49-9535-558746aabbee",
    "vertices" : [ {
      "x" : 0.0,
      "y" : 0.0,
      "z" : 0.0
    }, {
      "x" : 0.0,
      "y" : 4.236068,
      "z" : 2.618034
    }, {
      "x" : 0.0,
      "y" : 0.0,
      "z" : 5.236068
    }, {
      "x" : 0.0,
      "y" : -4.236068,
      "z" : 2.618034
    } ],
    "faces" : [ {
      "vertices" : [ 0, 1, 2, 3 ]
    }, {
      "vertices" : [ 0, 3, 2, 1 ]
    } ]
  }, {
    "id" : "410a9c47-dd4a-464c-9262-c51f6925a614",
    "vertices" : [ {
      "x" : 0.0,
      "y" : 0.0,
      "z" : 0.0
    }, {
      "x" : 0.0,
      "y" : 2.618034,
      "z" : -6.854102
    }, {
      "x" : 0.0,
      "y" : 4.236068,
      "z" : -2.618034
    } ],
    "faces" : [ {
      "vertices" : [ 0, 1, 2 ]
    }, {
      "vertices" : [ 0, 2, 1 ]
    } ]
  }, {
    "id" : "c42f9660-5128-42db-9059-46929edb9e3a",
    "vertices" : [ {
      "x" : 0.0,
      "y" : 0.0,
      "z" : 0.0
    }, {
      "x" : 0.0,
      "y" : -2.618034,
      "z" : 6.854102
    }, {
      "x" : 0.0,
      "y" : -4.236068,
      "z" : 2.618034
    } ],
    "faces" : [ {
      "vertices" : [ 0, 1, 2 ]
    }, {
      "vertices" : [ 0, 2, 1 ]
    } ]
  }, {
    "id" : "14e4f7ee-064f-4296-a93d-4a308eb3fadb",
    "vertices" : [ {
      "x" : 0.0,
      "y" : 0.0,
      "z" : 0.0
    }, {
      "x" : 0.0,
      "y" : -4.236068,
      "z" : -2.618034
    }, {
      "x" : 0.0,
      "y" : 0.0,
      "z" : -5.236068
    }, {
      "x" : 0.0,
      "y" : 4.236068,
      "z" : -2.618034
    } ],
    "faces" : [ {
      "vertices" : [ 0, 1, 2, 3 ]
    }, {
      "vertices" : [ 0, 3, 2, 1 ]
    } ]
  }, {
    "id" : "7a4ad91c-493d-47e7-9384-74ea3693e05c",
    "vertices" : [ {
      "x" : 0.0,
      "y" : 0.0,
      "z" : 0.0
    }, {
      "x" : 0.0,
      "y" : -2.618034,
      "z" : 1.618034
    }, {
      "x" : 0.0,
      "y" : -4.236068,
      "z" : -2.618034
    } ],
    "faces" : [ {
      "vertices" : [ 0, 1, 2 ]
    }, {
      "vertices" : [ 0, 2, 1 ]
    } ]
  }, {
    "id" : "5a0e7824-4dd0-4e3f-8ff2-aa730c834696",
    "vertices" : [ {
      "x" : 0.0,
      "y" : 0.0,
      "z" : 0.0
    }, {
      "x" : 0.0,
      "y" : 2.618034,
      "z" : -1.618034
    }, {
      "x" : 0.0,
      "y" : 4.236068,
      "z" : 2.618034
    } ],
    "faces" : [ {
      "vertices" : [ 0, 1, 2 ]
    }, {
      "vertices" : [ 0, 2, 1 ]
    } ]
  }, {
    "id" : "c3e9a670-ba4c-476e-a727-fcf1e2d53622",
    "vertices" : [ {
      "x" : 0.0,
      "y" : 0.0,
      "z" : 0.0
    }, {
      "x" : 0.0,
      "y" : -1.618034,
      "z" : 4.236068
    }, {
      "x" : 0.0,
      "y" : -4.236068,
      "z" : 2.618034
    } ],
    "faces" : [ {
      "vertices" : [ 0, 1, 2 ]
    }, {
      "vertices" : [ 0, 2, 1 ]
    } ]
  }, {
    "id" : "dba14379-b764-4e01-b006-3fa2de44d2d6",
    "vertices" : [ {
      "x" : 0.0,
      "y" : 0.0,
      "z" : 0.0
    }, {
      "x" : 0.0,
      "y" : 1.618034,
      "z" : -4.236068
    }, {
      "x" : 0.0,
      "y" : 4.236068,
      "z" : -2.618034
    } ],
    "faces" : [ {
      "vertices" : [ 0, 1, 2 ]
    }, {
      "vertices" : [ 0, 2, 1 ]
    } ]
  }, {
    "id" : "d90b801e-deef-4cc0-b864-126d2d9414d0",
    "vertices" : [ {
      "x" : 0.0,
      "y" : 0.0,
      "z" : 0.0
    }, {
      "x" : 0.0,
      "y" : 6.854102,
      "z" : -4.236068
    }, {
      "x" : 0.0,
      "y" : 4.236068,
      "z" : 2.618034
    } ],
    "faces" : [ {
      "vertices" : [ 0, 1, 2 ]
    }, {
      "vertices" : [ 0, 2, 1 ]
    } ]
  }, {
    "id" : "b56fcef4-de5a-4a58-aaf2-2353fbcdf5c0",
    "vertices" : [ {
      "x" : 0.0,
      "y" : 0.0,
      "z" : 0.0
    }, {
      "x" : 0.0,
      "y" : -6.854102,
      "z" : 4.236068
    }, {
      "x" : 0.0,
      "y" : -4.236068,
      "z" : -2.618034
    } ],
    "faces" : [ {
      "vertices" : [ 0, 1, 2 ]
    }, {
      "vertices" : [ 0, 2, 1 ]
    } ]
  }, {
    "id" : "52467c7c-4576-4629-bb4a-b2dd5039d9ad",
    "vertices" : [ {
      "x" : 0.0,
      "y" : 0.0,
      "z" : 0.0
    }, {
      "x" : 0.0,
      "y" : 2.618034,
      "z" : 6.854102
    }, {
      "x" : 0.0,
      "y" : -2.618034,
      "z" : 6.854102
    } ],
    "faces" : [ {
      "vertices" : [ 0, 1, 2 ]
    }, {
      "vertices" : [ 0, 2, 1 ]
    } ]
  }, {
    "id" : "be5bc944-2e96-46bf-8010-db986a170563",
    "vertices" : [ {
      "x" : 0.0,
      "y" : 0.0,
      "z" : 0.0
    }, {
      "x" : 0.0,
      "y" : -2.618034,
      "z" : -6.854102
    }, {
      "x" : 0.0,
      "y" : 2.618034,
      "z" : -6.854102
    } ],
    "faces" : [ {
      "vertices" : [ 0, 1, 2 ]
    }, {
      "vertices" : [ 0, 2, 1 ]
    } ]
  } ],
  "instances" : [ {
    "shape" : "3b6732dd-f1e0-4621-9e33-017aadfc456d",
    "color" : "#FF0000",
    "position" : {
      "x" : 11.09017,
      "y" : 11.09017,
      "z" : -11.09017
    },
    "orientation" : 0
  }, {
    "shape" : "89df8ee4-7e94-4f7b-9488-f7a1f634e9a0",
    "color" : "#0000FF",
    "position" : {
      "x" : 15.326238,
      "y" : 4.236068,
      "z" : 0.0
    },
    "orientation" : 9
  }, {
    "shape" : "5b818886-12d5-4493-ab50-2d85dd1b97f7",
    "color" : "#FF9900",
    "position" : {
      "x" : -6.854102,
      "y" : 4.236068,
      "z" : 13.708204
    },
    "orientation" : 10
  }, {
    "shape" : "5b818886-12d5-4493-ab50-2d85dd1b97f7",
    "color" : "#FF9900",
    "position" : {
      "x" : 2.618034,
      "y" : 11.09017,
      "z" : -11.09017
    },
    "orientation" : 23
  }, {
    "shape" : "5b818886-12d5-4493-ab50-2d85dd1b97f7",
    "color" : "#0000FF",
    "position" : {
      "x" : -2.618034,
      "y" : 11.09017,
      "z" : 11.09017
    },
    "orientation" : 38
  }, {
    "shape" : "89df8ee4-7e94-4f7b-9488-f7a1f634e9a0",
    "color" : "#00FF00",
    "position" : {
      "x" : -15.326238,
      "y" : -4.236068,
      "z" : 0.0
    },
    "orientation" : 39
  }, {
    "shape" : "748fec95-7ed9-423c-9726-dc6e090ea24a",
    "color" : "#FF0000",
    "position" : {
      "x" : -11.09017,
      "y" : 2.618034,
      "z" : 11.09017
    },
    "orientation" : 2
  }, {
    "shape" : "89df8ee4-7e94-4f7b-9488-f7a1f634e9a0",
    "color" : "#FF0000",
    "position" : {
      "x" : -11.09017,
      "y" : 11.09017,
      "z" : 2.618034
    },
    "orientation" : 45
  }, {
    "shape" : "2070a0ba-a274-4970-97c0-8acfd24e29d6",
    "color" : "#FFFF00",
    "position" : {
      "x" : 4.236068,
      "y" : 0.0,
      "z" : 15.326238
    },
    "orientation" : 52
  }, {
    "shape" : "2070a0ba-a274-4970-97c0-8acfd24e29d6",
    "color" : "#FFFF00",
    "position" : {
      "x" : -6.854102,
      "y" : 4.236068,
      "z" : 13.708204
    },
    "orientation" : 24
  }, {
    "shape" : "4f3247ff-d4ad-4ed9-a0a0-8b70a8707d9f",
    "color" : "#FFFF00",
    "position" : {
      "x" : -17.944271,
      "y" : 0.0,
      "z" : 6.854102
    },
    "orientation" : 24
  }, {
    "shape" : "4f3247ff-d4ad-4ed9-a0a0-8b70a8707d9f",
    "color" : "#FF0000",
    "position" : {
      "x" : -11.09017,
      "y" : -11.09017,
      "z" : 11.09017
    },
    "orientation" : 0
  }, {
    "shape" : "4f3247ff-d4ad-4ed9-a0a0-8b70a8707d9f",
    "color" : "#00FF00",
    "position" : {
      "x" : -11.09017,
      "y" : -11.09017,
      "z" : -11.09017
    },
    "orientation" : 7
  }, {
    "shape" : "4f3247ff-d4ad-4ed9-a0a0-8b70a8707d9f",
    "color" : "#FF9900",
    "position" : {
      "x" : 0.0,
      "y" : 6.854102,
      "z" : -17.944271
    },
    "orientation" : 41
  }, {
    "shape" : "2070a0ba-a274-4970-97c0-8acfd24e29d6",
    "color" : "#00FF00",
    "position" : {
      "x" : -15.326238,
      "y" : -4.236068,
      "z" : 0.0
    },
    "orientation" : 8
  }, {
    "shape" : "27b34b27-8518-486a-946f-19e157186155",
    "color" : "#FFFF00",
    "position" : {
      "x" : -4.236068,
      "y" : 0.0,
      "z" : -15.326238
    },
    "orientation" : 52
  }, {
    "shape" : "748fec95-7ed9-423c-9726-dc6e090ea24a",
    "color" : "#0000FF",
    "position" : {
      "x" : 13.708204,
      "y" : -6.854102,
      "z" : 4.236068
    },
    "orientation" : 26
  }, {
    "shape" : "3b6732dd-f1e0-4621-9e33-017aadfc456d",
    "color" : "#FFFF00",
    "position" : {
      "x" : -17.944271,
      "y" : 0.0,
      "z" : 6.854102
    },
    "orientation" : 11
  }, {
    "shape" : "27b34b27-8518-486a-946f-19e157186155",
    "color" : "#0000FF",
    "position" : {
      "x" : -13.708204,
      "y" : 6.854102,
      "z" : -4.236068
    },
    "orientation" : 55
  }, {
    "shape" : "2070a0ba-a274-4970-97c0-8acfd24e29d6",
    "color" : "#FFFF00",
    "position" : {
      "x" : 4.236068,
      "y" : -13.708204,
      "z" : 6.854102
    },
    "orientation" : 24
  }, {
    "shape" : "4f3247ff-d4ad-4ed9-a0a0-8b70a8707d9f",
    "color" : "#0000FF",
    "position" : {
      "x" : 0.0,
      "y" : -6.854102,
      "z" : -17.944271
    },
    "orientation" : 36
  }, {
    "shape" : "2070a0ba-a274-4970-97c0-8acfd24e29d6",
    "color" : "#FF9900",
    "position" : {
      "x" : 6.854102,
      "y" : -4.236068,
      "z" : 13.708204
    },
    "orientation" : 54
  }, {
    "shape" : "748fec95-7ed9-423c-9726-dc6e090ea24a",
    "color" : "#0000FF",
    "position" : {
      "x" : -6.854102,
      "y" : -4.236068,
      "z" : -13.708204
    },
    "orientation" : 55
  }, {
    "shape" : "a9742dc5-7fb8-4ff6-9a8d-98e1916c1371",
    "color" : "#FF9900",
    "position" : {
      "x" : 0.0,
      "y" : -15.326238,
      "z" : -4.236068
    },
    "orientation" : 21
  }, {
    "shape" : "2070a0ba-a274-4970-97c0-8acfd24e29d6",
    "color" : "#FFFF00",
    "position" : {
      "x" : 11.09017,
      "y" : 11.09017,
      "z" : -2.618034
    },
    "orientation" : 52
  }, {
    "shape" : "27b34b27-8518-486a-946f-19e157186155",
    "color" : "#00FF00",
    "position" : {
      "x" : 0.0,
      "y" : 15.326238,
      "z" : 4.236068
    },
    "orientation" : 6
  }, {
    "shape" : "2070a0ba-a274-4970-97c0-8acfd24e29d6",
    "color" : "#FF0000",
    "position" : {
      "x" : 11.09017,
      "y" : 11.09017,
      "z" : 2.618034
    },
    "orientation" : 1
  }, {
    "shape" : "89df8ee4-7e94-4f7b-9488-f7a1f634e9a0",
    "color" : "#FF9900",
    "position" : {
      "x" : -15.326238,
      "y" : 4.236068,
      "z" : 0.0
    },
    "orientation" : 54
  }, {
    "shape" : "4f3247ff-d4ad-4ed9-a0a0-8b70a8707d9f",
    "color" : "#FFFF00",
    "position" : {
      "x" : 0.0,
      "y" : -6.854102,
      "z" : -17.944271
    },
    "orientation" : 11
  }, {
    "shape" : "3b6732dd-f1e0-4621-9e33-017aadfc456d",
    "color" : "#00FF00",
    "position" : {
      "x" : 11.09017,
      "y" : 11.09017,
      "z" : 11.09017
    },
    "orientation" : 6
  }, {
    "shape" : "5b818886-12d5-4493-ab50-2d85dd1b97f7",
    "color" : "#FF0000",
    "position" : {
      "x" : 2.618034,
      "y" : 11.09017,
      "z" : -11.09017
    },
    "orientation" : 2
  }, {
    "shape" : "a9742dc5-7fb8-4ff6-9a8d-98e1916c1371",
    "color" : "#FFFF00",
    "position" : {
      "x" : 0.0,
      "y" : 15.326238,
      "z" : -4.236068
    },
    "orientation" : 51
  }, {
    "shape" : "3b6732dd-f1e0-4621-9e33-017aadfc456d",
    "color" : "#FF9900",
    "position" : {
      "x" : 11.09017,
      "y" : -11.09017,
      "z" : -11.09017
    },
    "orientation" : 21
  }, {
    "shape" : "3b6732dd-f1e0-4621-9e33-017aadfc456d",
    "color" : "#FF0000",
    "position" : {
      "x" : -11.09017,
      "y" : 11.09017,
      "z" : 11.09017
    },
    "orientation" : 1
  }, {
    "shape" : "5b818886-12d5-4493-ab50-2d85dd1b97f7",
    "color" : "#FFFF00",
    "position" : {
      "x" : 4.236068,
      "y" : -13.708204,
      "z" : 6.854102
    },
    "orientation" : 24
  }, {
    "shape" : "3b6732dd-f1e0-4621-9e33-017aadfc456d",
    "color" : "#0000FF",
    "position" : {
      "x" : 0.0,
      "y" : -6.854102,
      "z" : -17.944271
    },
    "orientation" : 26
  }, {
    "shape" : "27b34b27-8518-486a-946f-19e157186155",
    "color" : "#00FF00",
    "position" : {
      "x" : 6.854102,
      "y" : 4.236068,
      "z" : 13.708204
    },
    "orientation" : 25
  }, {
    "shape" : "27b34b27-8518-486a-946f-19e157186155",
    "color" : "#00FF00",
    "position" : {
      "x" : 15.326238,
      "y" : 4.236068,
      "z" : 0.0
    },
    "orientation" : 8
  }, {
    "shape" : "3b6732dd-f1e0-4621-9e33-017aadfc456d",
    "color" : "#FFFF00",
    "position" : {
      "x" : 6.854102,
      "y" : 17.944271,
      "z" : 0.0
    },
    "orientation" : 24
  }, {
    "shape" : "3b6732dd-f1e0-4621-9e33-017aadfc456d",
    "color" : "#FFFF00",
    "position" : {
      "x" : 0.0,
      "y" : -6.854102,
      "z" : -17.944271
    },
    "orientation" : 40
  }, {
    "shape" : "2070a0ba-a274-4970-97c0-8acfd24e29d6",
    "color" : "#FF0000",
    "position" : {
      "x" : -11.09017,
      "y" : 2.618034,
      "z" : 11.09017
    },
    "orientation" : 0
  }, {
    "shape" : "27b34b27-8518-486a-946f-19e157186155",
    "color" : "#FFFF00",
    "position" : {
      "x" : -13.708204,
      "y" : 6.854102,
      "z" : -4.236068
    },
    "orientation" : 11
  }, {
    "shape" : "5b818886-12d5-4493-ab50-2d85dd1b97f7",
    "color" : "#FF0000",
    "position" : {
      "x" : 11.09017,
      "y" : -11.09017,
      "z" : 2.618034
    },
    "orientation" : 1
  }, {
    "shape" : "3b6732dd-f1e0-4621-9e33-017aadfc456d",
    "color" : "#00FF00",
    "position" : {
      "x" : 0.0,
      "y" : -6.854102,
      "z" : 17.944271
    },
    "orientation" : 6
  }, {
    "shape" : "27b34b27-8518-486a-946f-19e157186155",
    "color" : "#FF0000",
    "position" : {
      "x" : -2.618034,
      "y" : -11.09017,
      "z" : 11.09017
    },
    "orientation" : 2
  }, {
    "shape" : "27b34b27-8518-486a-946f-19e157186155",
    "color" : "#FF0000",
    "position" : {
      "x" : -2.618034,
      "y" : -11.09017,
      "z" : -11.09017
    },
    "orientation" : 2
  }, {
    "shape" : "3b6732dd-f1e0-4621-9e33-017aadfc456d",
    "color" : "#FF9900",
    "position" : {
      "x" : 0.0,
      "y" : 6.854102,
      "z" : -17.944271
    },
    "orientation" : 21
  }, {
    "shape" : "3b6732dd-f1e0-4621-9e33-017aadfc456d",
    "color" : "#FF0000",
    "position" : {
      "x" : -11.09017,
      "y" : 11.09017,
      "z" : -11.09017
    },
    "orientation" : 16
  }, {
    "shape" : "4f3247ff-d4ad-4ed9-a0a0-8b70a8707d9f",
    "color" : "#FF0000",
    "position" : {
      "x" : 11.09017,
      "y" : 11.09017,
      "z" : -11.09017
    },
    "orientation" : 1
  }, {
    "shape" : "27b34b27-8518-486a-946f-19e157186155",
    "color" : "#FFFF00",
    "position" : {
      "x" : 11.09017,
      "y" : -2.618034,
      "z" : -11.09017
    },
    "orientation" : 51
  }, {
    "shape" : "27b34b27-8518-486a-946f-19e157186155",
    "color" : "#FFFF00",
    "position" : {
      "x" : 4.236068,
      "y" : 13.708204,
      "z" : 6.854102
    },
    "orientation" : 11
  }, {
    "shape" : "5b818886-12d5-4493-ab50-2d85dd1b97f7",
    "color" : "#FF9900",
    "position" : {
      "x" : -4.236068,
      "y" : 0.0,
      "z" : 15.326238
    },
    "orientation" : 22
  }, {
    "shape" : "2070a0ba-a274-4970-97c0-8acfd24e29d6",
    "color" : "#FFFF00",
    "position" : {
      "x" : -2.618034,
      "y" : -11.09017,
      "z" : -11.09017
    },
    "orientation" : 53
  }, {
    "shape" : "27b34b27-8518-486a-946f-19e157186155",
    "color" : "#FF9900",
    "position" : {
      "x" : 0.0,
      "y" : -15.326238,
      "z" : -4.236068
    },
    "orientation" : 21
  }, {
    "shape" : "3b6732dd-f1e0-4621-9e33-017aadfc456d",
    "color" : "#FF9900",
    "position" : {
      "x" : 6.854102,
      "y" : 17.944271,
      "z" : 0.0
    },
    "orientation" : 10
  }, {
    "shape" : "2070a0ba-a274-4970-97c0-8acfd24e29d6",
    "color" : "#FFFF00",
    "position" : {
      "x" : 13.708204,
      "y" : -6.854102,
      "z" : 4.236068
    },
    "orientation" : 11
  }, {
    "shape" : "89df8ee4-7e94-4f7b-9488-f7a1f634e9a0",
    "color" : "#FF9900",
    "position" : {
      "x" : 4.236068,
      "y" : -13.708204,
      "z" : -6.854102
    },
    "orientation" : 22
  }, {
    "shape" : "3b6732dd-f1e0-4621-9e33-017aadfc456d",
    "color" : "#FF9900",
    "position" : {
      "x" : -6.854102,
      "y" : -17.944271,
      "z" : 0.0
    },
    "orientation" : 54
  }, {
    "shape" : "89df8ee4-7e94-4f7b-9488-f7a1f634e9a0",
    "color" : "#FF0000",
    "position" : {
      "x" : 11.09017,
      "y" : -2.618034,
      "z" : 11.09017
    },
    "orientation" : 2
  }, {
    "shape" : "89df8ee4-7e94-4f7b-9488-f7a1f634e9a0",
    "color" : "#FFFF00",
    "position" : {
      "x" : 0.0,
      "y" : -15.326238,
      "z" : 4.236068
    },
    "orientation" : 40
  }, {
    "shape" : "3b6732dd-f1e0-4621-9e33-017aadfc456d",
    "color" : "#0000FF",
    "position" : {
      "x" : 17.944271,
      "y" : 0.0,
      "z" : 6.854102
    },
    "orientation" : 9
  }, {
    "shape" : "4f3247ff-d4ad-4ed9-a0a0-8b70a8707d9f",
    "color" : "#FF0000",
    "position" : {
      "x" : 11.09017,
      "y" : -11.09017,
      "z" : -11.09017
    },
    "orientation" : 45
  }, {
    "shape" : "5b818886-12d5-4493-ab50-2d85dd1b97f7",
    "color" : "#FFFF00",
    "position" : {
      "x" : 15.326238,
      "y" : -4.236068,
      "z" : 0.0
    },
    "orientation" : 53
  }, {
    "shape" : "5b818886-12d5-4493-ab50-2d85dd1b97f7",
    "color" : "#0000FF",
    "position" : {
      "x" : -6.854102,
      "y" : -4.236068,
      "z" : -13.708204
    },
    "orientation" : 9
  }, {
    "shape" : "89df8ee4-7e94-4f7b-9488-f7a1f634e9a0",
    "color" : "#FF0000",
    "position" : {
      "x" : -2.618034,
      "y" : 11.09017,
      "z" : 11.09017
    },
    "orientation" : 1
  }, {
    "shape" : "a9742dc5-7fb8-4ff6-9a8d-98e1916c1371",
    "color" : "#FFFF00",
    "position" : {
      "x" : -13.708204,
      "y" : 6.854102,
      "z" : -4.236068
    },
    "orientation" : 11
  }, {
    "shape" : "3b6732dd-f1e0-4621-9e33-017aadfc456d",
    "color" : "#FF0000",
    "position" : {
      "x" : -11.09017,
      "y" : -11.09017,
      "z" : -11.09017
    },
    "orientation" : 47
  }, {
    "shape" : "5b818886-12d5-4493-ab50-2d85dd1b97f7",
    "color" : "#00FF00",
    "position" : {
      "x" : 6.854102,
      "y" : 4.236068,
      "z" : -13.708204
    },
    "orientation" : 39
  }, {
    "shape" : "748fec95-7ed9-423c-9726-dc6e090ea24a",
    "color" : "#00FF00",
    "position" : {
      "x" : -13.708204,
      "y" : 6.854102,
      "z" : 4.236068
    },
    "orientation" : 56
  }, {
    "shape" : "4f3247ff-d4ad-4ed9-a0a0-8b70a8707d9f",
    "color" : "#00FF00",
    "position" : {
      "x" : -6.854102,
      "y" : 17.944271,
      "z" : 0.0
    },
    "orientation" : 25
  }, {
    "shape" : "2070a0ba-a274-4970-97c0-8acfd24e29d6",
    "color" : "#0000FF",
    "position" : {
      "x" : 4.236068,
      "y" : 13.708204,
      "z" : -6.854102
    },
    "orientation" : 9
  }, {
    "shape" : "4f3247ff-d4ad-4ed9-a0a0-8b70a8707d9f",
    "color" : "#FFFF00",
    "position" : {
      "x" : -6.854102,
      "y" : -17.944271,
      "z" : 0.0
    },
    "orientation" : 53
  }, {
    "shape" : "748fec95-7ed9-423c-9726-dc6e090ea24a",
    "color" : "#FFFF00",
    "position" : {
      "x" : -11.09017,
      "y" : -11.09017,
      "z" : 2.618034
    },
    "orientation" : 53
  }, {
    "shape" : "5b818886-12d5-4493-ab50-2d85dd1b97f7",
    "color" : "#0000FF",
    "position" : {
      "x" : 4.236068,
      "y" : 13.708204,
      "z" : -6.854102
    },
    "orientation" : 9
  }, {
    "shape" : "3b6732dd-f1e0-4621-9e33-017aadfc456d",
    "color" : "#FF0000",
    "position" : {
      "x" : -11.09017,
      "y" : -11.09017,
      "z" : 11.09017
    },
    "orientation" : 47
  }, {
    "shape" : "3b6732dd-f1e0-4621-9e33-017aadfc456d",
    "color" : "#0000FF",
    "position" : {
      "x" : -6.854102,
      "y" : 17.944271,
      "z" : 0.0
    },
    "orientation" : 55
  }, {
    "shape" : "27b34b27-8518-486a-946f-19e157186155",
    "color" : "#FF0000",
    "position" : {
      "x" : -11.09017,
      "y" : 11.09017,
      "z" : -2.618034
    },
    "orientation" : 1
  }, {
    "shape" : "748fec95-7ed9-423c-9726-dc6e090ea24a",
    "color" : "#FFFF00",
    "position" : {
      "x" : 2.618034,
      "y" : 11.09017,
      "z" : 11.09017
    },
    "orientation" : 51
  }, {
    "shape" : "5b818886-12d5-4493-ab50-2d85dd1b97f7",
    "color" : "#00FF00",
    "position" : {
      "x" : 4.236068,
      "y" : -13.708204,
      "z" : 6.854102
    },
    "orientation" : 56
  }, {
    "shape" : "3b6732dd-f1e0-4621-9e33-017aadfc456d",
    "color" : "#00FF00",
    "position" : {
      "x" : 11.09017,
      "y" : 11.09017,
      "z" : 11.09017
    },
    "orientation" : 8
  }, {
    "shape" : "a9742dc5-7fb8-4ff6-9a8d-98e1916c1371",
    "color" : "#FF0000",
    "position" : {
      "x" : -11.09017,
      "y" : 11.09017,
      "z" : 2.618034
    },
    "orientation" : 16
  }, {
    "shape" : "3b6732dd-f1e0-4621-9e33-017aadfc456d",
    "color" : "#FF0000",
    "position" : {
      "x" : -11.09017,
      "y" : 11.09017,
      "z" : -11.09017
    },
    "orientation" : 0
  }, {
    "shape" : "a9742dc5-7fb8-4ff6-9a8d-98e1916c1371",
    "color" : "#FFFF00",
    "position" : {
      "x" : 11.09017,
      "y" : -2.618034,
      "z" : -11.09017
    },
    "orientation" : 51
  }, {
    "shape" : "5b818886-12d5-4493-ab50-2d85dd1b97f7",
    "color" : "#0000FF",
    "position" : {
      "x" : -11.09017,
      "y" : -2.618034,
      "z" : -11.09017
    },
    "orientation" : 36
  }, {
    "shape" : "27b34b27-8518-486a-946f-19e157186155",
    "color" : "#00FF00",
    "position" : {
      "x" : -6.854102,
      "y" : -4.236068,
      "z" : 13.708204
    },
    "orientation" : 39
  }, {
    "shape" : "a9742dc5-7fb8-4ff6-9a8d-98e1916c1371",
    "color" : "#FF0000",
    "position" : {
      "x" : 2.618034,
      "y" : -11.09017,
      "z" : -11.09017
    },
    "orientation" : 47
  }, {
    "shape" : "4f3247ff-d4ad-4ed9-a0a0-8b70a8707d9f",
    "color" : "#00FF00",
    "position" : {
      "x" : 17.944271,
      "y" : 0.0,
      "z" : -6.854102
    },
    "orientation" : 39
  }, {
    "shape" : "5b818886-12d5-4493-ab50-2d85dd1b97f7",
    "color" : "#0000FF",
    "position" : {
      "x" : 15.326238,
      "y" : 4.236068,
      "z" : 0.0
    },
    "orientation" : 38
  }, {
    "shape" : "27b34b27-8518-486a-946f-19e157186155",
    "color" : "#FF0000",
    "position" : {
      "x" : 2.618034,
      "y" : -11.09017,
      "z" : 11.09017
    },
    "orientation" : 47
  }, {
    "shape" : "5b818886-12d5-4493-ab50-2d85dd1b97f7",
    "color" : "#FFFF00",
    "position" : {
      "x" : -4.236068,
      "y" : -13.708204,
      "z" : -6.854102
    },
    "orientation" : 11
  }, {
    "shape" : "4f3247ff-d4ad-4ed9-a0a0-8b70a8707d9f",
    "color" : "#FFFF00",
    "position" : {
      "x" : 0.0,
      "y" : 6.854102,
      "z" : 17.944271
    },
    "orientation" : 40
  }, {
    "shape" : "2070a0ba-a274-4970-97c0-8acfd24e29d6",
    "color" : "#00FF00",
    "position" : {
      "x" : 4.236068,
      "y" : -13.708204,
      "z" : 6.854102
    },
    "orientation" : 56
  }, {
    "shape" : "5b818886-12d5-4493-ab50-2d85dd1b97f7",
    "color" : "#FF9900",
    "position" : {
      "x" : 11.09017,
      "y" : -2.618034,
      "z" : 11.09017
    },
    "orientation" : 21
  }, {
    "shape" : "4f3247ff-d4ad-4ed9-a0a0-8b70a8707d9f",
    "color" : "#FF0000",
    "position" : {
      "x" : 11.09017,
      "y" : 11.09017,
      "z" : 11.09017
    },
    "orientation" : 16
  }, {
    "shape" : "3b6732dd-f1e0-4621-9e33-017aadfc456d",
    "color" : "#0000FF",
    "position" : {
      "x" : -11.09017,
      "y" : -11.09017,
      "z" : 11.09017
    },
    "orientation" : 36
  }, {
    "shape" : "5b818886-12d5-4493-ab50-2d85dd1b97f7",
    "color" : "#FFFF00",
    "position" : {
      "x" : 6.854102,
      "y" : -4.236068,
      "z" : 13.708204
    },
    "orientation" : 40
  }, {
    "shape" : "5b818886-12d5-4493-ab50-2d85dd1b97f7",
    "color" : "#FF0000",
    "position" : {
      "x" : 11.09017,
      "y" : 2.618034,
      "z" : -11.09017
    },
    "orientation" : 45
  }, {
    "shape" : "4f3247ff-d4ad-4ed9-a0a0-8b70a8707d9f",
    "color" : "#0000FF",
    "position" : {
      "x" : 6.854102,
      "y" : -17.944271,
      "z" : 0.0
    },
    "orientation" : 55
  }, {
    "shape" : "2070a0ba-a274-4970-97c0-8acfd24e29d6",
    "color" : "#FF0000",
    "position" : {
      "x" : -11.09017,
      "y" : 2.618034,
      "z" : -11.09017
    },
    "orientation" : 45
  }, {
    "shape" : "27b34b27-8518-486a-946f-19e157186155",
    "color" : "#FFFF00",
    "position" : {
      "x" : -13.708204,
      "y" : -6.854102,
      "z" : 4.236068
    },
    "orientation" : 40
  }, {
    "shape" : "4f3247ff-d4ad-4ed9-a0a0-8b70a8707d9f",
    "color" : "#FF9900",
    "position" : {
      "x" : 6.854102,
      "y" : 17.944271,
      "z" : 0.0
    },
    "orientation" : 23
  }, {
    "shape" : "5b818886-12d5-4493-ab50-2d85dd1b97f7",
    "color" : "#FFFF00",
    "position" : {
      "x" : 13.708204,
      "y" : -6.854102,
      "z" : 4.236068
    },
    "orientation" : 11
  }, {
    "shape" : "a9742dc5-7fb8-4ff6-9a8d-98e1916c1371",
    "color" : "#00FF00",
    "position" : {
      "x" : -4.236068,
      "y" : 13.708204,
      "z" : -6.854102
    },
    "orientation" : 56
  }, {
    "shape" : "5b818886-12d5-4493-ab50-2d85dd1b97f7",
    "color" : "#00FF00",
    "position" : {
      "x" : -6.854102,
      "y" : -4.236068,
      "z" : -13.708204
    },
    "orientation" : 25
  }, {
    "shape" : "4f3247ff-d4ad-4ed9-a0a0-8b70a8707d9f",
    "color" : "#0000FF",
    "position" : {
      "x" : 11.09017,
      "y" : 11.09017,
      "z" : -11.09017
    },
    "orientation" : 37
  }, {
    "shape" : "5b818886-12d5-4493-ab50-2d85dd1b97f7",
    "color" : "#0000FF",
    "position" : {
      "x" : 13.708204,
      "y" : -6.854102,
      "z" : 4.236068
    },
    "orientation" : 55
  }, {
    "shape" : "3b6732dd-f1e0-4621-9e33-017aadfc456d",
    "color" : "#FFFF00",
    "position" : {
      "x" : 0.0,
      "y" : -6.854102,
      "z" : -17.944271
    },
    "orientation" : 51
  }, {
    "shape" : "4f3247ff-d4ad-4ed9-a0a0-8b70a8707d9f",
    "color" : "#0000FF",
    "position" : {
      "x" : 0.0,
      "y" : 6.854102,
      "z" : 17.944271
    },
    "orientation" : 26
  }, {
    "shape" : "2070a0ba-a274-4970-97c0-8acfd24e29d6",
    "color" : "#0000FF",
    "position" : {
      "x" : 4.236068,
      "y" : 0.0,
      "z" : -15.326238
    },
    "orientation" : 37
  }, {
    "shape" : "4f3247ff-d4ad-4ed9-a0a0-8b70a8707d9f",
    "color" : "#FF9900",
    "position" : {
