{
  "polygons" : "true",
  "field" : "golden",
  "symmetry" : "icosahedral",
  "orientations" : [ [ 1.0, 0.0, 0.0, 0.0, 0.0, 1.0, 0.0, 0.0, 0.0, 0.0, 1.0, 0.0, 0.0, 0.0, 0.0, 1.0 ], [ 0.0, 0.0, 1.0, 0.0, 1.0, 0.0, 0.0, 0.0, 0.0, 1.0, 0.0, 0.0, 0.0, 0.0, 0.0, 1.0 ], [ 0.0, 1.0, 0.0, 0.0, 0.0, 0.0, 1.0, 0.0, 1.0, 0.0, 0.0, 0.0, 0.0, 0.0, 0.0, 1.0 ], [ 0.809017, 0.309017, 0.5, 0.0, 0.309017, 0.5, -0.809017, 0.0, -0.5, 0.809017, 0.309017, 0.0, 0.0, 0.0, 0.0, 1.0 ], [ -0.5, 0.809017, 0.309017, 0.0, 0.809017, 0.309017, 0.5, 0.0, 0.309017, 0.5, -0.809017, 0.0, 0.0, 0.0, 0.0, 1.0 ], [ 0.309017, 0.5, -0.809017, 0.0, -0.5, 0.809017, 0.309017, 0.0, 0.809017, 0.309017, 0.5, 0.0, 0.0, 0.0, 0.0, 1.0 ], [ 0.5, 0.809017, 0.309017, 0.0, 0.809017, -0.309017, -0.5, 0.0, -0.309017, 0.5, -0.809017, 0.0, 0.0, 0.0, 0.0, 1.0 ], [ -0.309017, 0.5, -0.809017, 0.0, 0.5, 0.809017, 0.309017, 0.0, 0.809017, -0.309017, -0.5, 0.0, 0.0, 0.0, 0.0, 1.0 ], [ 0.809017, -0.309017, -0.5, 0.0, -0.309017, 0.5, -0.809017, 0.0, 0.5, 0.809017, 0.309017, 0.0, 0.0, 0.0, 0.0, 1.0 ], [ 0.5, 0.809017, -0.309017, 0.0, 0.809017, -0.309017, 0.5, 0.0, 0.309017, -0.5, -0.809017, 0.0, 0.0, 0.0, 0.0, 1.0 ], [ 0.309017, -0.5, -0.809017, 0.0, 0.5, 0.809017, -0.309017, 0.0, 0.809017, -0.309017, 0.5, 0.0, 0.0, 0.0, 0.0, 1.0 ], [ 0.809017, -0.309017, 0.5, 0.0, 0.309017, -0.5, -0.809017, 0.0, 0.5, 0.809017, -0.309017, 0.0, 0.0, 0.0, 0.0, 1.0 ], [ 0.809017, 0.309017, -0.5, 0.0, 0.309017, 0.5, 0.809017, 0.0, 0.5, -0.809017, 0.309017, 0.0, 0.0, 0.0, 0.0, 1.0 ], [ 0.5, -0.809017, 0.309017, 0.0, 0.809017, 0.309017, -0.5, 0.0, 0.309017, 0.5, 0.809017, 0.0, 0.0, 0.0, 0.0, 1.0 ], [ 0.309017, 0.5, 0.809017, 0.0, 0.5, -0.809017, 0.309017, 0.0, 0.809017, 0.309017, -0.5, 0.0, 0.0, 0.0, 0.0, 1.0 ], [ 1.0, 0.0, 0.0, 0.0, 0.0, -1.0, 0.0, 0.0, 0.0, 0.0, -1.0, 0.0, 0.0, 0.0, 0.0, 1.0 ], [ 0.0, 0.0, 1.0, 0.0, -1.0, 0.0, 0.0, 0.0, 0.0, -1.0, 0.0, 0.0, 0.0, 0.0, 0.0, 1.0 ], [ 0.0, 1.0, 0.0, 0.0, 0.0, 0.0, -1.0, 0.0, -1.0, 0.0, 0.0, 0.0, 0.0, 0.0, 0.0, 1.0 ], [ 0.809017, 0.309017, 0.5, 0.0, -0.309017, -0.5, 0.809017, 0.0, 0.5, -0.809017, -0.309017, 0.0, 0.0, 0.0, 0.0, 1.0 ], [ -0.5, 0.809017, 0.309017, 0.0, -0.809017, -0.309017, -0.5, 0.0, -0.309017, -0.5, 0.809017, 0.0, 0.0, 0.0, 0.0, 1.0 ], [ 0.309017, 0.5, -0.809017, 0.0, 0.5, -0.809017, -0.309017, 0.0, -0.809017, -0.309017, -0.5, 0.0, 0.0, 0.0, 0.0, 1.0 ], [ 0.5, 0.809017, 0.309017, 0.0, -0.809017, 0.309017, 0.5, 0.0, 0.309017, -0.5, 0.809017, 0.0, 0.0, 0.0, 0.0, 1.0 ], [ -0.309017, 0.5, -0.809017, 0.0, -0.5, -0.809017, -0.309017, 0.0, -0.809017, 0.309017, 0.5, 0.0, 0.0, 0.0, 0.0, 1.0 ], [ 0.809017, -0.309017, -0.5, 0.0, 0.309017, -0.5, 0.809017, 0.0, -0.5, -0.809017, -0.309017, 0.0, 0.0, 0.0, 0.0, 1.0 ], [ 0.5, 0.809017, -0.309017, 0.0, -0.809017, 0.309017, -0.5, 0.0, -0.309017, 0.5, 0.809017, 0.0, 0.0, 0.0, 0.0, 1.0 ], [ 0.309017, -0.5, -0.809017, 0.0, -0.5, -0.809017, 0.309017, 0.0, -0.809017, 0.309017, -0.5, 0.0, 0.0, 0.0, 0.0, 1.0 ], [ 0.809017, -0.309017, 0.5, 0.0, -0.309017, 0.5, 0.809017, 0.0, -0.5, -0.809017, 0.309017, 0.0, 0.0, 0.0, 0.0, 1.0 ], [ 0.809017, 0.309017, -0.5, 0.0, -0.309017, -0.5, -0.809017, 0.0, -0.5, 0.809017, -0.309017, 0.0, 0.0, 0.0, 0.0, 1.0 ], [ 0.5, -0.809017, 0.309017, 0.0, -0.809017, -0.309017, 0.5, 0.0, -0.309017, -0.5, -0.809017, 0.0, 0.0, 0.0, 0.0, 1.0 ], [ 0.309017, 0.5, 0.809017, 0.0, -0.5, 0.809017, -0.309017, 0.0, -0.809017, -0.309017, 0.5, 0.0, 0.0, 0.0, 0.0, 1.0 ], [ -1.0, 0.0, 0.0, 0.0, 0.0, -1.0, 0.0, 0.0, 0.0, 0.0, 1.0, 0.0, 0.0, 0.0, 0.0, 1.0 ], [ 0.0, 0.0, -1.0, 0.0, -1.0, 0.0, 0.0, 0.0, 0.0, 1.0, 0.0, 0.0, 0.0, 0.0, 0.0, 1.0 ], [ 0.0, -1.0, 0.0, 0.0, 0.0, 0.0, -1.0, 0.0, 1.0, 0.0, 0.0, 0.0, 0.0, 0.0, 0.0, 1.0 ], [ -0.809017, -0.309017, -0.5, 0.0, -0.309017, -0.5, 0.809017, 0.0, -0.5, 0.809017, 0.309017, 0.0, 0.0, 0.0, 0.0, 1.0 ], [ 0.5, -0.809017, -0.309017, 0.0, -0.809017, -0.309017, -0.5, 0.0, 0.309017, 0.5, -0.809017, 0.0, 0.0, 0.0, 0.0, 1.0 ], [ -0.309017, -0.5, 0.809017, 0.0, 0.5, -0.809017, -0.309017, 0.0, 0.809017, 0.309017, 0.5, 0.0, 0.0, 0.0, 0.0, 1.0 ], [ -0.5, -0.809017, -0.309017, 0.0, -0.809017, 0.309017, 0.5, 0.0, -0.309017, 0.5, -0.809017, 0.0, 0.0, 0.0, 0.0, 1.0 ], [ 0.309017, -0.5, 0.809017, 0.0, -0.5, -0.809017, -0.309017, 0.0, 0.809017, -0.309017, -0.5, 0.0, 0.0, 0.0, 0.0, 1.0 ], [ -0.809017, 0.309017, 0.5, 0.0, 0.309017, -0.5, 0.809017, 0.0, 0.5, 0.809017, 0.309017, 0.0, 0.0, 0.0, 0.0, 1.0 ], [ -0.5, -0.809017, 0.309017, 0.0, -0.809017, 0.309017, -0.5, 0.0, 0.309017, -0.5, -0.809017, 0.0, 0.0, 0.0, 0.0, 1.0 ], [ -0.309017, 0.5, 0.809017, 0.0, -0.5, -0.809017, 0.309017, 0.0, 0.809017, -0.309017, 0.5, 0.0, 0.0, 0.0, 0.0, 1.0 ], [ -0.809017, 0.309017, -0.5, 0.0, -0.309017, 0.5, 0.809017, 0.0, 0.5, 0.809017, -0.309017, 0.0, 0.0, 0.0, 0.0, 1.0 ], [ -0.809017, -0.309017, 0.5, 0.0, -0.309017, -0.5, -0.809017, 0.0, 0.5, -0.809017, 0.309017, 0.0, 0.0, 0.0, 0.0, 1.0 ], [ -0.5, 0.809017, -0.309017, 0.0, -0.809017, -0.309017, 0.5, 0.0, 0.309017, 0.5, 0.809017, 0.0, 0.0, 0.0, 0.0, 1.0 ], [ -0.309017, -0.5, -0.809017, 0.0, -0.5, 0.809017, -0.309017, 0.0, 0.809017, 0.309017, -0.5, 0.0, 0.0, 0.0, 0.0, 1.0 ], [ -1.0, 0.0, 0.0, 0.0, 0.0, 1.0, 0.0, 0.0, 0.0, 0.0, -1.0, 0.0, 0.0, 0.0, 0.0, 1.0 ], [ 0.0, 0.0, -1.0, 0.0, 1.0, 0.0, 0.0, 0.0, 0.0, -1.0, 0.0, 0.0, 0.0, 0.0, 0.0, 1.0 ], [ 0.0, -1.0, 0.0, 0.0, 0.0, 0.0, 1.0, 0.0, -1.0, 0.0, 0.0, 0.0, 0.0, 0.0, 0.0, 1.0 ], [ -0.809017, -0.309017, -0.5, 0.0, 0.309017, 0.5, -0.809017, 0.0, 0.5, -0.809017, -0.309017, 0.0, 0.0, 0.0, 0.0, 1.0 ], [ 0.5, -0.809017, -0.309017, 0.0, 0.809017, 0.309017, 0.5, 0.0, -0.309017, -0.5, 0.809017, 0.0, 0.0, 0.0, 0.0, 1.0 ], [ -0.309017, -0.5, 0.809017, 0.0, -0.5, 0.809017, 0.309017, 0.0, -0.809017, -0.309017, -0.5, 0.0, 0.0, 0.0, 0.0, 1.0 ], [ -0.5, -0.809017, -0.309017, 0.0, 0.809017, -0.309017, -0.5, 0.0, 0.309017, -0.5, 0.809017, 0.0, 0.0, 0.0, 0.0, 1.0 ], [ 0.309017, -0.5, 0.809017, 0.0, 0.5, 0.809017, 0.309017, 0.0, -0.809017, 0.309017, 0.5, 0.0, 0.0, 0.0, 0.0, 1.0 ], [ -0.809017, 0.309017, 0.5, 0.0, -0.309017, 0.5, -0.809017, 0.0, -0.5, -0.809017, -0.309017, 0.0, 0.0, 0.0, 0.0, 1.0 ], [ -0.5, -0.809017, 0.309017, 0.0, 0.809017, -0.309017, 0.5, 0.0, -0.309017, 0.5, 0.809017, 0.0, 0.0, 0.0, 0.0, 1.0 ], [ -0.309017, 0.5, 0.809017, 0.0, 0.5, 0.809017, -0.309017, 0.0, -0.809017, 0.309017, -0.5, 0.0, 0.0, 0.0, 0.0, 1.0 ], [ -0.809017, 0.309017, -0.5, 0.0, 0.309017, -0.5, -0.809017, 0.0, -0.5, -0.809017, 0.309017, 0.0, 0.0, 0.0, 0.0, 1.0 ], [ -0.809017, -0.309017, 0.5, 0.0, 0.309017, 0.5, 0.809017, 0.0, -0.5, 0.809017, -0.309017, 0.0, 0.0, 0.0, 0.0, 1.0 ], [ -0.5, 0.809017, -0.309017, 0.0, 0.809017, 0.309017, -0.5, 0.0, -0.309017, -0.5, -0.809017, 0.0, 0.0, 0.0, 0.0, 1.0 ], [ -0.309017, -0.5, -0.809017, 0.0, 0.5, -0.809017, 0.309017, 0.0, -0.809017, -0.309017, 0.5, 0.0, 0.0, 0.0, 0.0, 1.0 ] ],
  "lights" : {
    "directionalLights" : [ {
      "direction" : [ 1.0, -1.0, -1.0 ],
      "color" : "#EBEBE4"
    }, {
      "direction" : [ -1.0, 0.0, 0.0 ],
      "color" : "#E4E4EB"
    }, {
      "direction" : [ 0.0, 0.0, -1.0 ],
      "color" : "#1E1E1E"
    } ],
    "ambientColor" : "#292929",
    "backgroundColor" : "#AFC8DC"
  },
  "camera" : {
    "position" : {
      "x" : 121.95007,
      "y" : -61.120594,
      "z" : -236.29059
    },
    "width" : 122.777245,
    "perspective" : true,
    "viewDistance" : 272.83835,
    "lookAtPointRV" : {
      "x" : 0.0,
      "y" : 0.0,
      "z" : 0.0,
      "zero" : true
    },
    "lookDirectionRV" : {
      "x" : -0.44696823,
      "y" : 0.2240176,
      "z" : 0.86604613,
      "zero" : false
    },
    "fieldOfView" : 0.44262883,
    "upDirectionRV" : {
      "x" : 0.024954565,
      "y" : 0.97088045,
      "z" : -0.23825578,
      "zero" : false
    },
    "nearClipDistance" : 0.6820961,
    "lookAtPoint" : {
      "x" : 0.0,
      "y" : 0.0,
      "z" : 0.0
    },
    "stereo" : false,
    "lookDirection" : {
      "x" : -0.44696823,
      "y" : 0.2240176,
      "z" : 0.86604613
    },
    "upDirection" : {
      "x" : 0.024954565,
      "y" : 0.97088045,
      "z" : -0.23825578
    },
    "farClipDistance" : 545.67645
  },
  "embedding" : [ 1.0, 0.0, 0.0, 0.0, 0.0, 1.0, 0.0, 0.0, 0.0, 0.0, 1.0, 0.0, 0.0, 0.0, 0.0, 1.0 ],
  "shapes" : [ {
    "id" : "84a1e034-a104-4f39-b49b-aef117a5f15c",
    "orbit" : "blue",
    "orbitC" : "[[0,0,1],[0,0,1]]",
    "length" : "[1,0,1]",
    "name" : "b1",
    "vertices" : [ {
      "x" : 7.472136,
      "y" : 0.309017,
      "z" : 0.19098301
    }, {
      "x" : 7.472136,
      "y" : 0.309017,
      "z" : -0.19098301
    }, {
      "x" : 1.0,
      "y" : 0.309017,
      "z" : -0.19098301
    }, {
      "x" : 1.0,
      "y" : 0.309017,
      "z" : 0.19098301
    }, {
      "x" : 7.472136,
      "y" : -0.309017,
      "z" : 0.19098301
    }, {
      "x" : 1.0,
      "y" : -0.309017,
      "z" : 0.19098301
    }, {
      "x" : 1.0,
      "y" : -0.309017,
      "z" : -0.19098301
    }, {
      "x" : 7.472136,
      "y" : -0.309017,
      "z" : -0.19098301
    }, {
      "x" : 8.472136,
      "y" : 0.0,
      "z" : 0.0
    } ],
    "faces" : [ {
      "vertices" : [ 1, 7, 6, 2 ]
    }, {
      "vertices" : [ 0, 1, 2, 3 ]
    }, {
      "vertices" : [ 4, 5, 6, 7 ]
    }, {
      "vertices" : [ 0, 3, 5, 4 ]
    } ]
  }, {
    "id" : "df9b51cc-036b-43a9-a5fe-38a86bdc2678",
    "name" : "ball",
    "vertices" : [ {
      "x" : 0.309017,
      "y" : -0.809017,
      "z" : 0.618034
    }, {
      "x" : 0.809017,
      "y" : -0.618034,
      "z" : 0.309017
    }, {
      "x" : 0.618034,
      "y" : -0.309017,
      "z" : 0.809017
    }, {
      "x" : 1.0,
      "y" : 0.309017,
      "z" : 0.19098301
    }, {
      "x" : 0.809017,
      "y" : 0.618034,
      "z" : 0.309017
    }, {
      "x" : 0.618034,
      "y" : 0.309017,
      "z" : 0.809017
    }, {
      "x" : 0.809017,
      "y" : 0.0,
      "z" : 0.690983
    }, {
      "x" : 0.19098301,
      "y" : -1.0,
      "z" : 0.309017
    }, {
      "x" : -0.19098301,
      "y" : -1.0,
      "z" : 0.309017
    }, {
      "x" : -0.19098301,
      "y" : -1.0,
      "z" : -0.309017
    }, {
      "x" : 0.19098301,
      "y" : -1.0,
      "z" : -0.309017
    }, {
      "x" : 1.0,
      "y" : -0.309017,
      "z" : -0.19098301
    }, {
      "x" : 0.809017,
      "y" : -0.618034,
      "z" : -0.309017
    }, {
      "x" : 0.618034,
      "y" : -0.309017,
      "z" : -0.809017
    }, {
      "x" : 0.809017,
      "y" : 0.0,
      "z" : -0.690983
    }, {
      "x" : 0.0,
      "y" : 0.690983,
      "z" : -0.809017
    }, {
      "x" : 0.309017,
      "y" : 0.809017,
      "z" : -0.618034
    }, {
      "x" : 0.618034,
      "y" : 0.309017,
      "z" : -0.809017
    }, {
      "x" : 0.309017,
      "y" : 0.19098301,
      "z" : -1.0
    }, {
      "x" : 1.0,
      "y" : 0.309017,
      "z" : -0.19098301
    }, {
      "x" : -0.309017,
      "y" : -0.809017,
      "z" : 0.618034
    }, {
      "x" : 0.0,
      "y" : -0.690983,
      "z" : 0.809017
    }, {
      "x" : 0.809017,
      "y" : 0.618034,
      "z" : -0.309017
    }, {
      "x" : 0.690983,
      "y" : 0.809017,
      "z" : 0.0
    }, {
      "x" : -0.690983,
      "y" : 0.809017,
      "z" : 0.0
    }, {
      "x" : -0.809017,
      "y" : 0.618034,
      "z" : 0.309017
    }, {
      "x" : -0.309017,
      "y" : 0.809017,
      "z" : 0.618034
    }, {
      "x" : -0.19098301,
      "y" : 1.0,
      "z" : 0.309017
    }, {
      "x" : 0.309017,
      "y" : -0.19098301,
      "z" : -1.0
    }, {
      "x" : 0.19098301,
      "y" : 1.0,
      "z" : 0.309017
    }, {
      "x" : 0.309017,
      "y" : 0.809017,
      "z" : 0.618034
    }, {
      "x" : -0.809017,
      "y" : -0.618034,
      "z" : 0.309017
    }, {
      "x" : -0.690983,
      "y" : -0.809017,
      "z" : 0.0
    }, {
      "x" : 0.0,
      "y" : 0.690983,
      "z" : 0.809017
    }, {
      "x" : 0.309017,
      "y" : -0.809017,
      "z" : -0.618034
    }, {
      "x" : 0.0,
      "y" : -0.690983,
      "z" : -0.809017
    }, {
      "x" : -1.0,
      "y" : 0.309017,
      "z" : 0.19098301
    }, {
      "x" : -0.809017,
      "y" : 0.0,
      "z" : 0.690983
    }, {
      "x" : -0.618034,
      "y" : 0.309017,
      "z" : 0.809017
    }, {
      "x" : 1.0,
      "y" : -0.309017,
      "z" : 0.19098301
    }, {
      "x" : -0.309017,
      "y" : -0.809017,
      "z" : -0.618034
    }, {
      "x" : -1.0,
      "y" : 0.309017,
      "z" : -0.19098301
    }, {
      "x" : -1.0,
      "y" : -0.309017,
      "z" : -0.19098301
    }, {
      "x" : -1.0,
      "y" : -0.309017,
      "z" : 0.19098301
    }, {
      "x" : 0.19098301,
      "y" : 1.0,
      "z" : -0.309017
    }, {
      "x" : -0.809017,
      "y" : 0.618034,
      "z" : -0.309017
    }, {
      "x" : -0.19098301,
      "y" : 1.0,
      "z" : -0.309017
    }, {
      "x" : -0.309017,
      "y" : 0.809017,
      "z" : -0.618034
    }, {
      "x" : -0.618034,
      "y" : -0.309017,
      "z" : 0.809017
    }, {
      "x" : 0.309017,
      "y" : 0.19098301,
      "z" : 1.0
    }, {
      "x" : -0.309017,
      "y" : 0.19098301,
      "z" : -1.0
    }, {
      "x" : -0.309017,
      "y" : 0.19098301,
      "z" : 1.0
    }, {
      "x" : -0.309017,
      "y" : -0.19098301,
      "z" : 1.0
    }, {
      "x" : 0.309017,
      "y" : -0.19098301,
      "z" : 1.0
    }, {
      "x" : 0.690983,
      "y" : -0.809017,
      "z" : 0.0
    }, {
      "x" : -0.809017,
      "y" : 0.0,
      "z" : -0.690983
    }, {
      "x" : -0.618034,
      "y" : -0.309017,
      "z" : -0.809017
    }, {
      "x" : -0.309017,
      "y" : -0.19098301,
      "z" : -1.0
    }, {
      "x" : -0.618034,
      "y" : 0.309017,
      "z" : -0.809017
    }, {
      "x" : -0.809017,
      "y" : -0.618034,
      "z" : -0.309017
    } ],
    "faces" : [ {
      "vertices" : [ 9, 40, 35, 34, 10 ]
    }, {
      "vertices" : [ 0, 1, 2 ]
    }, {
      "vertices" : [ 33, 51, 49 ]
    }, {
      "vertices" : [ 25, 36, 37, 38 ]
    }, {
      "vertices" : [ 41, 55, 42 ]
    }, {
      "vertices" : [ 9, 32, 59, 40 ]
    }, {
      "vertices" : [ 20, 21, 52, 48 ]
    }, {
      "vertices" : [ 26, 33, 30, 29, 27 ]
    }, {
      "vertices" : [ 3, 4, 5, 6 ]
    }, {
      "vertices" : [ 27, 29, 44, 46 ]
    }, {
      "vertices" : [ 50, 57, 56, 55, 58 ]
    }, {
      "vertices" : [ 26, 38, 51, 33 ]
    }, {
      "vertices" : [ 45, 47, 58 ]
    }, {
      "vertices" : [ 18, 28, 57, 50 ]
    }, {
      "vertices" : [ 40, 59, 56 ]
    }, {
      "vertices" : [ 31, 48, 37, 43 ]
    }, {
      "vertices" : [ 7, 8, 9, 10 ]
    }, {
      "vertices" : [ 36, 41, 42, 43 ]
    }, {
      "vertices" : [ 24, 46, 47, 45 ]
    }, {
      "vertices" : [ 4, 30, 5 ]
    }, {
      "vertices" : [ 15, 47, 46, 44, 16 ]
    }, {
      "vertices" : [ 15, 50, 58, 47 ]
    }, {
      "vertices" : [ 24, 45, 41, 36, 25 ]
    }, {
      "vertices" : [ 11, 14, 19 ]
    }, {
      "vertices" : [ 3, 6, 39 ]
    }, {
      "vertices" : [ 1, 39, 6, 2 ]
    }, {
      "vertices" : [ 8, 32, 9 ]
    }, {
      "vertices" : [ 11, 12, 13, 14 ]
    }, {
      "vertices" : [ 16, 22, 17 ]
    }, {
      "vertices" : [ 0, 21, 20, 8, 7 ]
    }, {
      "vertices" : [ 12, 34, 13 ]
    }, {
      "vertices" : [ 35, 40, 56, 57 ]
    }, {
      "vertices" : [ 0, 7, 54, 1 ]
    }, {
      "vertices" : [ 15, 16, 17, 18 ]
    }, {
      "vertices" : [ 3, 19, 22, 23, 4 ]
    }, {
      "vertices" : [ 7, 10, 54 ]
    }, {
      "vertices" : [ 41, 45, 58, 55 ]
    }, {
      "vertices" : [ 3, 39, 11, 19 ]
    }, {
      "vertices" : [ 14, 17, 22, 19 ]
    }, {
      "vertices" : [ 0, 2, 53, 21 ]
    }, {
      "vertices" : [ 49, 51, 52, 53 ]
    }, {
      "vertices" : [ 31, 43, 42, 59, 32 ]
    }, {
      "vertices" : [ 15, 18, 50 ]
    }, {
      "vertices" : [ 42, 55, 56, 59 ]
    }, {
      "vertices" : [ 4, 23, 29, 30 ]
    }, {
      "vertices" : [ 25, 38, 26 ]
    }, {
      "vertices" : [ 13, 28, 18, 17, 14 ]
    }, {
      "vertices" : [ 8, 20, 31, 32 ]
    }, {
      "vertices" : [ 23, 44, 29 ]
    }, {
      "vertices" : [ 24, 27, 46 ]
    }, {
      "vertices" : [ 37, 48, 52, 51, 38 ]
    }, {
      "vertices" : [ 20, 48, 31 ]
    }, {
      "vertices" : [ 24, 25, 26, 27 ]
    }, {
      "vertices" : [ 16, 44, 23, 22 ]
    }, {
      "vertices" : [ 13, 34, 35, 28 ]
    }, {
      "vertices" : [ 10, 34, 12, 54 ]
    }, {
      "vertices" : [ 2, 6, 5, 49, 53 ]
    }, {
      "vertices" : [ 36, 43, 37 ]
    }, {
      "vertices" : [ 5, 30, 33, 49 ]
    }, {
      "vertices" : [ 1, 54, 12, 11, 39 ]
    }, {
      "vertices" : [ 28, 35, 57 ]
    }, {
      "vertices" : [ 21, 53, 52 ]
    } ]
  }, {
    "id" : "01aca803-3119-4903-a24a-aa6bacf105e8",
    "vertices" : [ {
      "x" : 0.0,
      "y" : 0.0,
      "z" : 0.0
    }, {
      "x" : 2.618034,
      "y" : -4.236068,
      "z" : 6.854102
    }, {
      "x" : 0.0,
      "y" : -8.472136,
      "z" : 0.0
    } ],
    "faces" : [ {
      "vertices" : [ 0, 1, 2 ]
    }, {
      "vertices" : [ 0, 2, 1 ]
    } ]
  }, {
    "id" : "3cf7447f-cbd1-47a2-93a2-76d7f762e2b4",
    "vertices" : [ {
      "x" : 0.0,
      "y" : 0.0,
      "z" : 0.0
    }, {
      "x" : 2.618034,
      "y" : 4.236068,
      "z" : 6.854102
    }, {
      "x" : 2.618034,
      "y" : -4.236068,
      "z" : 6.854102
    } ],
    "faces" : [ {
      "vertices" : [ 0, 1, 2 ]
    }, {
      "vertices" : [ 0, 2, 1 ]
    } ]
  }, {
    "id" : "fad1acb7-a2b9-48ed-9f33-cc3039d039d2",
    "vertices" : [ {
      "x" : 0.0,
      "y" : 0.0,
      "z" : 0.0
    }, {
      "x" : 0.0,
      "y" : 8.472136,
      "z" : 0.0
    }, {
      "x" : 0.0,
      "y" : 8.472136,
      "z" : 8.472136
    }, {
      "x" : 0.0,
      "y" : 0.0,
      "z" : 8.472136
    } ],
    "faces" : [ {
      "vertices" : [ 0, 1, 2, 3 ]
    }, {
      "vertices" : [ 0, 3, 2, 1 ]
    } ]
  }, {
    "id" : "8f49af58-a95a-4b13-9b60-63cdf31bc7c7",
    "vertices" : [ {
      "x" : 0.0,
      "y" : 0.0,
      "z" : 0.0
    }, {
      "x" : 0.0,
      "y" : 8.472136,
      "z" : 0.0
    }, {
      "x" : 2.618034,
      "y" : 4.236068,
      "z" : 6.854102
    } ],
    "faces" : [ {
      "vertices" : [ 0, 1, 2 ]
    }, {
      "vertices" : [ 0, 2, 1 ]
    } ]
  }, {
    "id" : "5acac093-5a9c-4034-8968-160671453612",
    "vertices" : [ {
      "x" : 0.0,
      "y" : 0.0,
      "z" : 0.0
    }, {
      "x" : 0.0,
      "y" : -8.472136,
      "z" : 0.0
    }, {
      "x" : 0.0,
      "y" : -8.472136,
      "z" : -8.472136
    }, {
      "x" : 0.0,
      "y" : 0.0,
      "z" : -8.472136
    } ],
    "faces" : [ {
      "vertices" : [ 0, 1, 2, 3 ]
    }, {
      "vertices" : [ 0, 3, 2, 1 ]
    } ]
  }, {
    "id" : "618ba321-3502-4b87-ba74-a10338be4968",
    "vertices" : [ {
      "x" : 0.0,
      "y" : 0.0,
      "z" : 0.0
    }, {
      "x" : 0.0,
      "y" : 0.0,
      "z" : 8.472136
    }, {
      "x" : 0.0,
      "y" : -8.472136,
      "z" : 8.472136
    }, {
      "x" : 0.0,
      "y" : -8.472136,
      "z" : 0.0
    } ],
    "faces" : [ {
      "vertices" : [ 0, 1, 2, 3 ]
    }, {
      "vertices" : [ 0, 3, 2, 1 ]
    } ]
  }, {
    "id" : "3e3b5526-f66c-4512-8595-5ac86f78362f",
    "vertices" : [ {
      "x" : 0.0,
      "y" : 0.0,
      "z" : 0.0
    }, {
      "x" : -2.618034,
      "y" : -4.236068,
      "z" : -6.854102
    }, {
      "x" : -2.618034,
      "y" : 4.236068,
      "z" : -6.854102
    } ],
    "faces" : [ {
      "vertices" : [ 0, 1, 2 ]
    }, {
      "vertices" : [ 0, 2, 1 ]
    } ]
  }, {
    "id" : "5cbb053d-68f7-4fd9-9098-e543ca4e34e7",
    "vertices" : [ {
      "x" : 0.0,
      "y" : 0.0,
      "z" : 0.0
    }, {
      "x" : 0.0,
      "y" : 8.472136,
      "z" : 0.0
    }, {
      "x" : 2.618034,
      "y" : 12.708204,
      "z" : 6.854102
    }, {
      "x" : 5.236068,
      "y" : 8.472136,
      "z" : 13.708204
    }, {
      "x" : 5.236068,
      "y" : 0.0,
      "z" : 13.708204
    }, {
      "x" : 2.618034,
      "y" : -4.236068,
      "z" : 6.854102
    } ],
    "faces" : [ {
      "vertices" : [ 0, 1, 2, 3, 4, 5 ]
    }, {
      "vertices" : [ 0, 5, 4, 3, 2, 1 ]
    } ]
  }, {
    "id" : "71828b7b-99a9-48a8-b063-824d0db22983",
    "vertices" : [ {
      "x" : 0.0,
      "y" : 0.0,
      "z" : 0.0
    }, {
      "x" : 0.0,
      "y" : -8.472136,
      "z" : 0.0
    }, {
      "x" : -2.618034,
      "y" : -4.236068,
      "z" : -6.854102
    } ],
    "faces" : [ {
      "vertices" : [ 0, 1, 2 ]
    }, {
      "vertices" : [ 0, 2, 1 ]
    } ]
  }, {
    "id" : "0210b1af-5630-401a-8de2-06c5631ff54e",
    "vertices" : [ {
      "x" : 0.0,
      "y" : 0.0,
      "z" : 0.0
    }, {
      "x" : -2.618034,
      "y" : 4.236068,
      "z" : -6.854102
    }, {
      "x" : -2.618034,
      "y" : 12.708204,
      "z" : -6.854102
    }, {
      "x" : 0.0,
      "y" : 16.944271,
      "z" : 0.0
    }, {
      "x" : 2.618034,
      "y" : 12.708204,
      "z" : 6.854102
    }, {
      "x" : 2.618034,
      "y" : 4.236068,
      "z" : 6.854102
    } ],
    "faces" : [ {
      "vertices" : [ 0, 1, 2, 3, 4, 5 ]
    }, {
      "vertices" : [ 0, 5, 4, 3, 2, 1 ]
    } ]
  }, {
    "id" : "935e0ac4-a2b2-47fe-8ca3-b426c1f7da4b",
    "vertices" : [ {
      "x" : 0.0,
      "y" : 0.0,
      "z" : 0.0
    }, {
      "x" : 0.0,
      "y" : 0.0,
      "z" : -8.472136
    }, {
      "x" : 0.0,
      "y" : 8.472136,
      "z" : -8.472136
    }, {
      "x" : 0.0,
      "y" : 8.472136,
      "z" : 0.0
    } ],
    "faces" : [ {
      "vertices" : [ 0, 1, 2, 3 ]
    }, {
      "vertices" : [ 0, 3, 2, 1 ]
    } ]
  }, {
    "id" : "97a4f7ab-c204-4805-a63e-783be138aa91",
    "vertices" : [ {
      "x" : 0.0,
      "y" : 0.0,
      "z" : 0.0
    }, {
      "x" : 2.618034,
      "y" : 4.236068,
      "z" : 6.854102
    }, {
      "x" : 5.236068,
      "y" : 0.0,
      "z" : 13.708204
    }, {
      "x" : 5.236068,
      "y" : -8.472136,
      "z" : 13.708204
    }, {
      "x" : 2.618034,
      "y" : -12.708204,
      "z" : 6.854102
    }, {
      "x" : 0.0,
      "y" : -8.472136,
      "z" : 0.0
    } ],
    "faces" : [ {
      "vertices" : [ 0, 1, 2, 3, 4, 5 ]
    }, {
      "vertices" : [ 0, 5, 4, 3, 2, 1 ]
    } ]
  }, {
    "id" : "db1f1891-526e-46f7-88b8-8f3854990ac5",
    "vertices" : [ {
      "x" : 0.0,
      "y" : 0.0,
      "z" : 0.0
    }, {
      "x" : -2.618034,
      "y" : -4.236068,
      "z" : -6.854102
    }, {
      "x" : -5.236068,
      "y" : 0.0,
      "z" : -13.708204
    }, {
      "x" : -5.236068,
      "y" : 8.472136,
      "z" : -13.708204
    }, {
      "x" : -2.618034,
      "y" : 12.708204,
      "z" : -6.854102
    }, {
      "x" : 0.0,
      "y" : 8.472136,
      "z" : 0.0
    } ],
    "faces" : [ {
      "vertices" : [ 0, 1, 2, 3, 4, 5 ]
    }, {
      "vertices" : [ 0, 5, 4, 3, 2, 1 ]
    } ]
  }, {
    "id" : "9a11bb71-8a05-4b52-adde-7d98746e4b79",
    "vertices" : [ {
      "x" : 0.0,
      "y" : 0.0,
      "z" : 0.0
    }, {
      "x" : 0.0,
      "y" : -8.472136,
      "z" : 0.0
    }, {
      "x" : -2.618034,
      "y" : -12.708204,
      "z" : -6.854102
    }, {
      "x" : -5.236068,
      "y" : -8.472136,
      "z" : -13.708204
    }, {
      "x" : -5.236068,
      "y" : 0.0,
      "z" : -13.708204
    }, {
      "x" : -2.618034,
      "y" : 4.236068,
      "z" : -6.854102
    } ],
    "faces" : [ {
      "vertices" : [ 0, 1, 2, 3, 4, 5 ]
    }, {
      "vertices" : [ 0, 5, 4, 3, 2, 1 ]
    } ]
  }, {
    "id" : "7bb5bd94-1299-4904-a3c3-a82965a86d5c",
    "vertices" : [ {
      "x" : 0.0,
      "y" : 0.0,
      "z" : 0.0
    }, {
      "x" : -2.618034,
      "y" : 4.236068,
      "z" : -6.854102
    }, {
      "x" : 0.0,
      "y" : 8.472136,
      "z" : 0.0
    } ],
    "faces" : [ {
      "vertices" : [ 0, 1, 2 ]
    }, {
      "vertices" : [ 0, 2, 1 ]
    } ]
  }, {
    "id" : "3eda677c-97c9-4c05-af0f-aca6045edf84",
    "vertices" : [ {
      "x" : 0.0,
      "y" : 0.0,
      "z" : 0.0
    }, {
      "x" : 2.618034,
      "y" : -4.236068,
      "z" : 6.854102
    }, {
      "x" : 2.618034,
      "y" : -12.708204,
      "z" : 6.854102
    }, {
      "x" : 0.0,
      "y" : -16.944271,
      "z" : 0.0
    }, {
      "x" : -2.618034,
      "y" : -12.708204,
      "z" : -6.854102
    }, {
      "x" : -2.618034,
      "y" : -4.236068,
      "z" : -6.854102
    } ],
    "faces" : [ {
      "vertices" : [ 0, 1, 2, 3, 4, 5 ]
    }, {
      "vertices" : [ 0, 5, 4, 3, 2, 1 ]
    } ]
  } ],
  "instances" : [ {
    "shape" : "84a1e034-a104-4f39-b49b-aef117a5f15c",
    "color" : "#008EC2",
    "position" : {
      "x" : 0.0,
      "y" : -11.09017,
      "z" : -15.326238
    },
    "orientation" : 6
  }, {
    "shape" : "df9b51cc-036b-43a9-a5fe-38a86bdc2678",
    "color" : "#F2F2F2",
    "position" : {
      "x" : 6.854102,
      "y" : 13.708204,
      "z" : 11.09017
    }
  }, {
    "shape" : "01aca803-3119-4903-a24a-aa6bacf105e8",
    "color" : "#00FFFF",
    "position" : {
      "x" : -4.236068,
      "y" : -4.236068,
      "z" : -17.944271
    },
    "orientation" : 4
  }, {
    "shape" : "84a1e034-a104-4f39-b49b-aef117a5f15c",
    "color" : "#008EC2",
    "position" : {
      "x" : -4.236068,
      "y" : -17.944271,
      "z" : -4.236068
    },
    "orientation" : 38
  }, {
    "shape" : "df9b51cc-036b-43a9-a5fe-38a86bdc2678",
    "color" : "#F2F2F2",
    "position" : {
      "x" : -4.236068,
      "y" : -31.652475,
      "z" : -4.236068
    }
  }, {
    "shape" : "84a1e034-a104-4f39-b49b-aef117a5f15c",
    "color" : "#008EC2",
    "position" : {
      "x" : 4.236068,
      "y" : 31.652475,
      "z" : -4.236068
    },
    "orientation" : 36
  }, {
    "shape" : "3cf7447f-cbd1-47a2-93a2-76d7f762e2b4",
    "color" : "#00FFFF",
    "position" : {
      "x" : -17.944271,
      "y" : -4.236068,
      "z" : 4.236068
    },
    "orientation" : 38
  }, {
    "shape" : "df9b51cc-036b-43a9-a5fe-38a86bdc2678",
    "color" : "#F2F2F2",
    "position" : {
      "x" : 4.236068,
      "y" : 17.944271,
      "z" : 26.416409
    }
  }, {
    "shape" : "84a1e034-a104-4f39-b49b-aef117a5f15c",
    "color" : "#008EC2",
    "position" : {
      "x" : -24.798374,
      "y" : 6.854102,
      "z" : 0.0
    },
    "orientation" : 52
  }, {
    "shape" : "fad1acb7-a2b9-48ed-9f33-cc3039d039d2",
    "color" : "#00FFFF",
    "position" : {
      "x" : -17.944271,
      "y" : -17.944271,
      "z" : -4.236068
    },
    "orientation" : 23
  }, {
    "shape" : "84a1e034-a104-4f39-b49b-aef117a5f15c",
    "color" : "#008EC2",
    "position" : {
      "x" : 0.0,
      "y" : 11.09017,
      "z" : 15.326238
    },
    "orientation" : 51
  }, {
    "shape" : "84a1e034-a104-4f39-b49b-aef117a5f15c",
    "color" : "#008EC2",
    "position" : {
      "x" : 11.09017,
      "y" : 6.854102,
      "z" : 22.18034
    },
    "orientation" : 26
  }, {
    "shape" : "8f49af58-a95a-4b13-9b60-63cdf31bc7c7",
    "color" : "#00FFFF",
    "position" : {
      "x" : -22.18034,
      "y" : 11.09017,
      "z" : -20.562305
    },
    "orientation" : 22
  }, {
    "shape" : "5acac093-5a9c-4034-8968-160671453612",
    "color" : "#00FFFF",
    "position" : {
      "x" : 4.236068,
      "y" : -17.944271,
      "z" : -17.944271
    },
    "orientation" : 1
  }, {
    "shape" : "84a1e034-a104-4f39-b49b-aef117a5f15c",
    "color" : "#008EC2",
    "position" : {
      "x" : -11.09017,
      "y" : 6.854102,
      "z" : 22.18034
    },
    "orientation" : 26
  }, {
    "shape" : "df9b51cc-036b-43a9-a5fe-38a86bdc2678",
    "color" : "#F2F2F2",
    "position" : {
      "x" : 0.0,
      "y" : 24.798374,
      "z" : -6.854102
    }
  }, {
    "shape" : "84a1e034-a104-4f39-b49b-aef117a5f15c",
    "color" : "#008EC2",
    "position" : {
      "x" : 31.652475,
      "y" : -4.236068,
      "z" : -4.236068
    },
    "orientation" : 22
  }, {
    "shape" : "5acac093-5a9c-4034-8968-160671453612",
    "color" : "#00FFFF",
    "position" : {
      "x" : 22.18034,
      "y" : 11.09017,
      "z" : -6.854102
    },
    "orientation" : 36
  }, {
    "shape" : "84a1e034-a104-4f39-b49b-aef117a5f15c",
    "color" : "#008EC2",
    "position" : {
      "x" : -4.236068,
      "y" : 17.944271,
      "z" : 4.236068
    },
    "orientation" : 9
  }, {
    "shape" : "84a1e034-a104-4f39-b49b-aef117a5f15c",
    "color" : "#008EC2",
    "position" : {
      "x" : 17.944271,
      "y" : 4.236068,
      "z" : 4.236068
    },
    "orientation" : 9
  }, {
    "shape" : "01aca803-3119-4903-a24a-aa6bacf105e8",
    "color" : "#00FFFF",
    "position" : {
      "x" : 29.034441,
      "y" : -8.472136,
      "z" : -11.09017
    },
    "orientation" : 5
  }, {
    "shape" : "618ba321-3502-4b87-ba74-a10338be4968",
    "color" : "#00FFFF",
    "position" : {
      "x" : 4.236068,
      "y" : -17.944271,
      "z" : 26.416409
    },
    "orientation" : 37
  }, {
    "shape" : "8f49af58-a95a-4b13-9b60-63cdf31bc7c7",
    "color" : "#00FFFF",
    "position" : {
      "x" : 15.326238,
      "y" : 0.0,
      "z" : 11.09017
    },
    "orientation" : 38
  }, {
    "shape" : "84a1e034-a104-4f39-b49b-aef117a5f15c",
    "color" : "#008EC2",
    "position" : {
      "x" : 17.944271,
      "y" : 26.416409,
      "z" : 4.236068
    },
    "orientation" : 16
  }, {
    "shape" : "df9b51cc-036b-43a9-a5fe-38a86bdc2678",
    "color" : "#F2F2F2",
    "position" : {
      "x" : -17.944271,
      "y" : 17.944271,
      "z" : 4.236068
    }
  }, {
    "shape" : "df9b51cc-036b-43a9-a5fe-38a86bdc2678",
    "color" : "#F2F2F2",
    "position" : {
      "x" : -6.854102,
      "y" : 13.708204,
      "z" : -11.09017
    }
  }, {
    "shape" : "84a1e034-a104-4f39-b49b-aef117a5f15c",
    "color" : "#008EC2",
    "position" : {
      "x" : -11.09017,
      "y" : -29.034441,
      "z" : -8.472136
    },
    "orientation" : 8
  }, {
    "shape" : "84a1e034-a104-4f39-b49b-aef117a5f15c",
    "color" : "#008EC2",
    "position" : {
      "x" : -17.944271,
      "y" : 17.944271,
      "z" : -4.236068
    },
    "orientation" : 2
  }, {
    "shape" : "df9b51cc-036b-43a9-a5fe-38a86bdc2678",
    "color" : "#F2F2F2",
    "position" : {
      "x" : -4.236068,
      "y" : -17.944271,
      "z" : 17.944271
    }
  }, {
    "shape" : "8f49af58-a95a-4b13-9b60-63cdf31bc7c7",
    "color" : "#00FFFF",
    "position" : {
      "x" : 11.09017,
      "y" : 6.854102,
      "z" : -13.708204
    },
    "orientation" : 19
  }, {
    "shape" : "84a1e034-a104-4f39-b49b-aef117a5f15c",
    "color" : "#008EC2",
    "position" : {
      "x" : -22.18034,
      "y" : 11.09017,
      "z" : 6.854102
    },
    "orientation" : 24
  }, {
    "shape" : "84a1e034-a104-4f39-b49b-aef117a5f15c",
    "color" : "#008EC2",
    "position" : {
      "x" : -26.416409,
      "y" : 4.236068,
      "z" : -17.944271
    },
    "orientation" : 16
  }, {
    "shape" : "df9b51cc-036b-43a9-a5fe-38a86bdc2678",
    "color" : "#F2F2F2",
    "position" : {
      "x" : 22.18034,
      "y" : -11.09017,
      "z" : 6.854102
    }
  }, {
    "shape" : "84a1e034-a104-4f39-b49b-aef117a5f15c",
    "color" : "#008EC2",
    "position" : {
      "x" : -6.854102,
      "y" : -22.18034,
      "z" : -11.09017
    },
    "orientation" : 10
  }, {
    "shape" : "3e3b5526-f66c-4512-8595-5ac86f78362f",
    "color" : "#00FFFF",
    "position" : {
      "x" : 15.326238,
      "y" : 0.0,
      "z" : -11.09017
    },
    "orientation" : 30
  }, {
    "shape" : "84a1e034-a104-4f39-b49b-aef117a5f15c",
    "color" : "#008EC2",
    "position" : {
      "x" : -26.416409,
      "y" : -4.236068,
      "z" : -17.944271
    },
    "orientation" : 40
  }, {
    "shape" : "84a1e034-a104-4f39-b49b-aef117a5f15c",
    "color" : "#008EC2",
    "position" : {
      "x" : -8.472136,
      "y" : 11.09017,
      "z" : 29.034441
    },
    "orientation" : 22
  }, {
    "shape" : "84a1e034-a104-4f39-b49b-aef117a5f15c",
    "color" : "#008EC2",
    "position" : {
      "x" : 0.0,
      "y" : 24.798374,
      "z" : -6.854102
    },
    "orientation" : 53
  }, {
    "shape" : "8f49af58-a95a-4b13-9b60-63cdf31bc7c7",
    "color" : "#00FFFF",
    "position" : {
      "x" : 4.236068,
      "y" : -17.944271,
      "z" : 26.416409
    },
    "orientation" : 16
  }, {
    "shape" : "df9b51cc-036b-43a9-a5fe-38a86bdc2678",
    "color" : "#F2F2F2",
    "position" : {
      "x" : 24.798374,
      "y" : 15.326238,
      "z" : 13.708204
    }
  }, {
    "shape" : "3e3b5526-f66c-4512-8595-5ac86f78362f",
    "color" : "#00FFFF",
    "position" : {
      "x" : 11.09017,
      "y" : -29.034441,
      "z" : -8.472136
    },
    "orientation" : 19
  }, {
    "shape" : "fad1acb7-a2b9-48ed-9f33-cc3039d039d2",
    "color" : "#00FFFF",
    "position" : {
      "x" : -4.236068,
      "y" : -31.652475,
      "z" : 4.236068
    },
    "orientation" : 16
  }, {
    "shape" : "df9b51cc-036b-43a9-a5fe-38a86bdc2678",
    "color" : "#F2F2F2",
    "position" : {
      "x" : 4.236068,
      "y" : 4.236068,
      "z" : -31.652475
    }
  }, {
    "shape" : "df9b51cc-036b-43a9-a5fe-38a86bdc2678",
    "color" : "#F2F2F2",
    "position" : {
      "x" : -11.09017,
      "y" : -15.326238,
      "z" : 0.0
    }
  }, {
    "shape" : "5acac093-5a9c-4034-8968-160671453612",
    "color" : "#00FFFF",
    "position" : {
      "x" : -15.326238,
      "y" : 0.0,
      "z" : -11.09017
    },
    "orientation" : 56
  }, {
    "shape" : "84a1e034-a104-4f39-b49b-aef117a5f15c",
    "color" : "#008EC2",
    "position" : {
      "x" : 15.326238,
      "y" : 0.0,
      "z" : -11.09017
    },
    "orientation" : 54
  }, {
    "shape" : "84a1e034-a104-4f39-b49b-aef117a5f15c",
    "color" : "#008EC2",
    "position" : {
      "x" : 17.944271,
      "y" : 17.944271,
      "z" : -4.236068
    },
    "orientation" : 24
  }, {
    "shape" : "84a1e034-a104-4f39-b49b-aef117a5f15c",
    "color" : "#008EC2",
    "position" : {
      "x" : 6.854102,
      "y" : -13.708204,
      "z" : -11.09017
    },
    "orientation" : 40
  }, {
    "shape" : "df9b51cc-036b-43a9-a5fe-38a86bdc2678",
    "color" : "#F2F2F2",
    "position" : {
      "x" : -22.18034,
      "y" : 11.09017,
      "z" : 6.854102
    }
  }, {
    "shape" : "84a1e034-a104-4f39-b49b-aef117a5f15c",
    "color" : "#008EC2",
    "position" : {
      "x" : -26.416409,
      "y" : 4.236068,
      "z" : -17.944271
    },
    "orientation" : 6
  }, {
    "shape" : "84a1e034-a104-4f39-b49b-aef117a5f15c",
    "color" : "#008EC2",
    "position" : {
      "x" : -6.854102,
      "y" : 13.708204,
      "z" : 11.09017
    },
    "orientation" : 1
  }, {
    "shape" : "618ba321-3502-4b87-ba74-a10338be4968",
    "color" : "#00FFFF",
    "position" : {
      "x" : -22.18034,
      "y" : -11.09017,
      "z" : 20.562305
    },
    "orientation" : 41
  }, {
    "shape" : "84a1e034-a104-4f39-b49b-aef117a5f15c",
    "color" : "#008EC2",
    "position" : {
      "x" : -4.236068,
      "y" : 17.944271,
      "z" : -26.416409
    },
    "orientation" : 36
  }, {
    "shape" : "df9b51cc-036b-43a9-a5fe-38a86bdc2678",
    "color" : "#F2F2F2",
    "position" : {
      "x" : 22.18034,
      "y" : 11.09017,
      "z" : -6.854102
    }
  }, {
    "shape" : "84a1e034-a104-4f39-b49b-aef117a5f15c",
    "color" : "#008EC2",
    "position" : {
      "x" : 13.708204,
      "y" : -11.09017,
      "z" : -6.854102
    },
    "orientation" : 21
  }, {
    "shape" : "5cbb053d-68f7-4fd9-9098-e543ca4e34e7",
    "color" : "#00FFFF",
    "position" : {
      "x" : -26.416409,
      "y" : 4.236068,
      "z" : -17.944271
    },
    "orientation" : 30
  }, {
    "shape" : "8f49af58-a95a-4b13-9b60-63cdf31bc7c7",
    "color" : "#00FFFF",
    "position" : {
      "x" : -15.326238,
      "y" : 0.0,
      "z" : 11.09017
    },
    "orientation" : 8
  }, {
    "shape" : "84a1e034-a104-4f39-b49b-aef117a5f15c",
    "color" : "#008EC2",
    "position" : {
      "x" : -4.236068,
      "y" : 17.944271,
      "z" : -4.236068
    },
    "orientation" : 55
  }, {
    "shape" : "5acac093-5a9c-4034-8968-160671453612",
    "color" : "#00FFFF",
    "position" : {
      "x" : -4.236068,
      "y" : 4.236068,
      "z" : -31.652475
    },
    "orientation" : 47
  }, {
    "shape" : "8f49af58-a95a-4b13-9b60-63cdf31bc7c7",
    "color" : "#00FFFF",
    "position" : {
      "x" : 11.09017,
      "y" : -6.854102,
      "z" : 13.708204
    },
    "orientation" : 1
  }, {
    "shape" : "84a1e034-a104-4f39-b49b-aef117a5f15c",
    "color" : "#008EC2",
    "position" : {
      "x" : -11.09017,
      "y" : 20.562305,
      "z" : 22.18034
    },
    "orientation" : 8
  }, {
    "shape" : "df9b51cc-036b-43a9-a5fe-38a86bdc2678",
    "color" : "#F2F2F2",
    "position" : {
      "x" : 11.09017,
      "y" : 6.854102,
      "z" : 22.18034
    }
  }, {
    "shape" : "84a1e034-a104-4f39-b49b-aef117a5f15c",
    "color" : "#008EC2",
    "position" : {
      "x" : -26.416409,
      "y" : -4.236068,
      "z" : 17.944271
    },
    "orientation" : 0
  }, {
    "shape" : "01aca803-3119-4903-a24a-aa6bacf105e8",
    "color" : "#00FFFF",
    "position" : {
      "x" : -6.854102,
      "y" : -13.708204,
      "z" : 11.09017
    },
    "orientation" : 8
  }, {
    "shape" : "84a1e034-a104-4f39-b49b-aef117a5f15c",
    "color" : "#008EC2",
    "position" : {
      "x" : -15.326238,
      "y" : -13.708204,
      "z" : 24.798374
    },
    "orientation" : 6
  }, {
    "shape" : "84a1e034-a104-4f39-b49b-aef117a5f15c",
    "color" : "#008EC2",
    "position" : {
      "x" : -26.416409,
      "y" : 4.236068,
      "z" : -17.944271
    },
    "orientation" : 0
  }, {
    "shape" : "df9b51cc-036b-43a9-a5fe-38a86bdc2678",
    "color" : "#F2F2F2",
    "position" : {
      "x" : 6.854102,
      "y" : -22.18034,
      "z" : 11.09017
    }
  }, {
    "shape" : "84a1e034-a104-4f39-b49b-aef117a5f15c",
    "color" : "#008EC2",
    "position" : {
      "x" : 4.236068,
      "y" : 4.236068,
      "z" : -17.944271
    },
    "orientation" : 16
  }, {
    "shape" : "84a1e034-a104-4f39-b49b-aef117a5f15c",
    "color" : "#008EC2",
    "position" : {
      "x" : 31.652475,
      "y" : 4.236068,
      "z" : 4.236068
    },
    "orientation" : 16
  }, {
    "shape" : "fad1acb7-a2b9-48ed-9f33-cc3039d039d2",
    "color" : "#00FFFF",
    "position" : {
      "x" : -17.944271,
      "y" : -4.236068,
      "z" : 4.236068
    },
    "orientation" : 45
  }, {
    "shape" : "84a1e034-a104-4f39-b49b-aef117a5f15c",
    "color" : "#008EC2",
    "position" : {
      "x" : 4.236068,
      "y" : -17.944271,
      "z" : 4.236068
    },
    "orientation" : 39
  }, {
    "shape" : "df9b51cc-036b-43a9-a5fe-38a86bdc2678",
    "color" : "#F2F2F2",
    "position" : {
      "x" : 17.944271,
