{
  "polygons" : "true",
  "field" : "golden",
  "symmetry" : "icosahedral",
  "orientations" : [ [ 1.0, 0.0, 0.0, 0.0, 0.0, 1.0, 0.0, 0.0, 0.0, 0.0, 1.0, 0.0, 0.0, 0.0, 0.0, 1.0 ], [ 0.0, 0.0, 1.0, 0.0, 1.0, 0.0, 0.0, 0.0, 0.0, 1.0, 0.0, 0.0, 0.0, 0.0, 0.0, 1.0 ], [ 0.0, 1.0, 0.0, 0.0, 0.0, 0.0, 1.0, 0.0, 1.0, 0.0, 0.0, 0.0, 0.0, 0.0, 0.0, 1.0 ], [ 0.809017, 0.309017, 0.5, 0.0, 0.309017, 0.5, -0.809017, 0.0, -0.5, 0.809017, 0.309017, 0.0, 0.0, 0.0, 0.0, 1.0 ], [ -0.5, 0.809017, 0.309017, 0.0, 0.809017, 0.309017, 0.5, 0.0, 0.309017, 0.5, -0.809017, 0.0, 0.0, 0.0, 0.0, 1.0 ], [ 0.309017, 0.5, -0.809017, 0.0, -0.5, 0.809017, 0.309017, 0.0, 0.809017, 0.309017, 0.5, 0.0, 0.0, 0.0, 0.0, 1.0 ], [ 0.5, 0.809017, 0.309017, 0.0, 0.809017, -0.309017, -0.5, 0.0, -0.309017, 0.5, -0.809017, 0.0, 0.0, 0.0, 0.0, 1.0 ], [ -0.309017, 0.5, -0.809017, 0.0, 0.5, 0.809017, 0.309017, 0.0, 0.809017, -0.309017, -0.5, 0.0, 0.0, 0.0, 0.0, 1.0 ], [ 0.809017, -0.309017, -0.5, 0.0, -0.309017, 0.5, -0.809017, 0.0, 0.5, 0.809017, 0.309017, 0.0, 0.0, 0.0, 0.0, 1.0 ], [ 0.5, 0.809017, -0.309017, 0.0, 0.809017, -0.309017, 0.5, 0.0, 0.309017, -0.5, -0.809017, 0.0, 0.0, 0.0, 0.0, 1.0 ], [ 0.309017, -0.5, -0.809017, 0.0, 0.5, 0.809017, -0.309017, 0.0, 0.809017, -0.309017, 0.5, 0.0, 0.0, 0.0, 0.0, 1.0 ], [ 0.809017, -0.309017, 0.5, 0.0, 0.309017, -0.5, -0.809017, 0.0, 0.5, 0.809017, -0.309017, 0.0, 0.0, 0.0, 0.0, 1.0 ], [ 0.809017, 0.309017, -0.5, 0.0, 0.309017, 0.5, 0.809017, 0.0, 0.5, -0.809017, 0.309017, 0.0, 0.0, 0.0, 0.0, 1.0 ], [ 0.5, -0.809017, 0.309017, 0.0, 0.809017, 0.309017, -0.5, 0.0, 0.309017, 0.5, 0.809017, 0.0, 0.0, 0.0, 0.0, 1.0 ], [ 0.309017, 0.5, 0.809017, 0.0, 0.5, -0.809017, 0.309017, 0.0, 0.809017, 0.309017, -0.5, 0.0, 0.0, 0.0, 0.0, 1.0 ], [ 1.0, 0.0, 0.0, 0.0, 0.0, -1.0, 0.0, 0.0, 0.0, 0.0, -1.0, 0.0, 0.0, 0.0, 0.0, 1.0 ], [ 0.0, 0.0, 1.0, 0.0, -1.0, 0.0, 0.0, 0.0, 0.0, -1.0, 0.0, 0.0, 0.0, 0.0, 0.0, 1.0 ], [ 0.0, 1.0, 0.0, 0.0, 0.0, 0.0, -1.0, 0.0, -1.0, 0.0, 0.0, 0.0, 0.0, 0.0, 0.0, 1.0 ], [ 0.809017, 0.309017, 0.5, 0.0, -0.309017, -0.5, 0.809017, 0.0, 0.5, -0.809017, -0.309017, 0.0, 0.0, 0.0, 0.0, 1.0 ], [ -0.5, 0.809017, 0.309017, 0.0, -0.809017, -0.309017, -0.5, 0.0, -0.309017, -0.5, 0.809017, 0.0, 0.0, 0.0, 0.0, 1.0 ], [ 0.309017, 0.5, -0.809017, 0.0, 0.5, -0.809017, -0.309017, 0.0, -0.809017, -0.309017, -0.5, 0.0, 0.0, 0.0, 0.0, 1.0 ], [ 0.5, 0.809017, 0.309017, 0.0, -0.809017, 0.309017, 0.5, 0.0, 0.309017, -0.5, 0.809017, 0.0, 0.0, 0.0, 0.0, 1.0 ], [ -0.309017, 0.5, -0.809017, 0.0, -0.5, -0.809017, -0.309017, 0.0, -0.809017, 0.309017, 0.5, 0.0, 0.0, 0.0, 0.0, 1.0 ], [ 0.809017, -0.309017, -0.5, 0.0, 0.309017, -0.5, 0.809017, 0.0, -0.5, -0.809017, -0.309017, 0.0, 0.0, 0.0, 0.0, 1.0 ], [ 0.5, 0.809017, -0.309017, 0.0, -0.809017, 0.309017, -0.5, 0.0, -0.309017, 0.5, 0.809017, 0.0, 0.0, 0.0, 0.0, 1.0 ], [ 0.309017, -0.5, -0.809017, 0.0, -0.5, -0.809017, 0.309017, 0.0, -0.809017, 0.309017, -0.5, 0.0, 0.0, 0.0, 0.0, 1.0 ], [ 0.809017, -0.309017, 0.5, 0.0, -0.309017, 0.5, 0.809017, 0.0, -0.5, -0.809017, 0.309017, 0.0, 0.0, 0.0, 0.0, 1.0 ], [ 0.809017, 0.309017, -0.5, 0.0, -0.309017, -0.5, -0.809017, 0.0, -0.5, 0.809017, -0.309017, 0.0, 0.0, 0.0, 0.0, 1.0 ], [ 0.5, -0.809017, 0.309017, 0.0, -0.809017, -0.309017, 0.5, 0.0, -0.309017, -0.5, -0.809017, 0.0, 0.0, 0.0, 0.0, 1.0 ], [ 0.309017, 0.5, 0.809017, 0.0, -0.5, 0.809017, -0.309017, 0.0, -0.809017, -0.309017, 0.5, 0.0, 0.0, 0.0, 0.0, 1.0 ], [ -1.0, 0.0, 0.0, 0.0, 0.0, -1.0, 0.0, 0.0, 0.0, 0.0, 1.0, 0.0, 0.0, 0.0, 0.0, 1.0 ], [ 0.0, 0.0, -1.0, 0.0, -1.0, 0.0, 0.0, 0.0, 0.0, 1.0, 0.0, 0.0, 0.0, 0.0, 0.0, 1.0 ], [ 0.0, -1.0, 0.0, 0.0, 0.0, 0.0, -1.0, 0.0, 1.0, 0.0, 0.0, 0.0, 0.0, 0.0, 0.0, 1.0 ], [ -0.809017, -0.309017, -0.5, 0.0, -0.309017, -0.5, 0.809017, 0.0, -0.5, 0.809017, 0.309017, 0.0, 0.0, 0.0, 0.0, 1.0 ], [ 0.5, -0.809017, -0.309017, 0.0, -0.809017, -0.309017, -0.5, 0.0, 0.309017, 0.5, -0.809017, 0.0, 0.0, 0.0, 0.0, 1.0 ], [ -0.309017, -0.5, 0.809017, 0.0, 0.5, -0.809017, -0.309017, 0.0, 0.809017, 0.309017, 0.5, 0.0, 0.0, 0.0, 0.0, 1.0 ], [ -0.5, -0.809017, -0.309017, 0.0, -0.809017, 0.309017, 0.5, 0.0, -0.309017, 0.5, -0.809017, 0.0, 0.0, 0.0, 0.0, 1.0 ], [ 0.309017, -0.5, 0.809017, 0.0, -0.5, -0.809017, -0.309017, 0.0, 0.809017, -0.309017, -0.5, 0.0, 0.0, 0.0, 0.0, 1.0 ], [ -0.809017, 0.309017, 0.5, 0.0, 0.309017, -0.5, 0.809017, 0.0, 0.5, 0.809017, 0.309017, 0.0, 0.0, 0.0, 0.0, 1.0 ], [ -0.5, -0.809017, 0.309017, 0.0, -0.809017, 0.309017, -0.5, 0.0, 0.309017, -0.5, -0.809017, 0.0, 0.0, 0.0, 0.0, 1.0 ], [ -0.309017, 0.5, 0.809017, 0.0, -0.5, -0.809017, 0.309017, 0.0, 0.809017, -0.309017, 0.5, 0.0, 0.0, 0.0, 0.0, 1.0 ], [ -0.809017, 0.309017, -0.5, 0.0, -0.309017, 0.5, 0.809017, 0.0, 0.5, 0.809017, -0.309017, 0.0, 0.0, 0.0, 0.0, 1.0 ], [ -0.809017, -0.309017, 0.5, 0.0, -0.309017, -0.5, -0.809017, 0.0, 0.5, -0.809017, 0.309017, 0.0, 0.0, 0.0, 0.0, 1.0 ], [ -0.5, 0.809017, -0.309017, 0.0, -0.809017, -0.309017, 0.5, 0.0, 0.309017, 0.5, 0.809017, 0.0, 0.0, 0.0, 0.0, 1.0 ], [ -0.309017, -0.5, -0.809017, 0.0, -0.5, 0.809017, -0.309017, 0.0, 0.809017, 0.309017, -0.5, 0.0, 0.0, 0.0, 0.0, 1.0 ], [ -1.0, 0.0, 0.0, 0.0, 0.0, 1.0, 0.0, 0.0, 0.0, 0.0, -1.0, 0.0, 0.0, 0.0, 0.0, 1.0 ], [ 0.0, 0.0, -1.0, 0.0, 1.0, 0.0, 0.0, 0.0, 0.0, -1.0, 0.0, 0.0, 0.0, 0.0, 0.0, 1.0 ], [ 0.0, -1.0, 0.0, 0.0, 0.0, 0.0, 1.0, 0.0, -1.0, 0.0, 0.0, 0.0, 0.0, 0.0, 0.0, 1.0 ], [ -0.809017, -0.309017, -0.5, 0.0, 0.309017, 0.5, -0.809017, 0.0, 0.5, -0.809017, -0.309017, 0.0, 0.0, 0.0, 0.0, 1.0 ], [ 0.5, -0.809017, -0.309017, 0.0, 0.809017, 0.309017, 0.5, 0.0, -0.309017, -0.5, 0.809017, 0.0, 0.0, 0.0, 0.0, 1.0 ], [ -0.309017, -0.5, 0.809017, 0.0, -0.5, 0.809017, 0.309017, 0.0, -0.809017, -0.309017, -0.5, 0.0, 0.0, 0.0, 0.0, 1.0 ], [ -0.5, -0.809017, -0.309017, 0.0, 0.809017, -0.309017, -0.5, 0.0, 0.309017, -0.5, 0.809017, 0.0, 0.0, 0.0, 0.0, 1.0 ], [ 0.309017, -0.5, 0.809017, 0.0, 0.5, 0.809017, 0.309017, 0.0, -0.809017, 0.309017, 0.5, 0.0, 0.0, 0.0, 0.0, 1.0 ], [ -0.809017, 0.309017, 0.5, 0.0, -0.309017, 0.5, -0.809017, 0.0, -0.5, -0.809017, -0.309017, 0.0, 0.0, 0.0, 0.0, 1.0 ], [ -0.5, -0.809017, 0.309017, 0.0, 0.809017, -0.309017, 0.5, 0.0, -0.309017, 0.5, 0.809017, 0.0, 0.0, 0.0, 0.0, 1.0 ], [ -0.309017, 0.5, 0.809017, 0.0, 0.5, 0.809017, -0.309017, 0.0, -0.809017, 0.309017, -0.5, 0.0, 0.0, 0.0, 0.0, 1.0 ], [ -0.809017, 0.309017, -0.5, 0.0, 0.309017, -0.5, -0.809017, 0.0, -0.5, -0.809017, 0.309017, 0.0, 0.0, 0.0, 0.0, 1.0 ], [ -0.809017, -0.309017, 0.5, 0.0, 0.309017, 0.5, 0.809017, 0.0, -0.5, 0.809017, -0.309017, 0.0, 0.0, 0.0, 0.0, 1.0 ], [ -0.5, 0.809017, -0.309017, 0.0, 0.809017, 0.309017, -0.5, 0.0, -0.309017, -0.5, -0.809017, 0.0, 0.0, 0.0, 0.0, 1.0 ], [ -0.309017, -0.5, -0.809017, 0.0, 0.5, -0.809017, 0.309017, 0.0, -0.809017, -0.309017, 0.5, 0.0, 0.0, 0.0, 0.0, 1.0 ] ],
  "lights" : {
    "directionalLights" : [ {
      "direction" : [ 1.0, -1.0, -1.0 ],
      "color" : "#EBEBE4"
    }, {
      "direction" : [ -1.0, 0.0, 0.0 ],
      "color" : "#E4E4EB"
    }, {
      "direction" : [ 0.0, 0.0, -1.0 ],
      "color" : "#1E1E1E"
    } ],
    "ambientColor" : "#292929",
    "backgroundColor" : "#AFC8DC"
  },
  "camera" : {
    "position" : {
      "x" : -104.77324,
      "y" : 162.14964,
      "z" : -288.1497
    },
    "width" : 156.08037,
    "viewDistance" : 346.84546,
    "lookDirectionRV" : {
      "x" : 0.3020747,
      "y" : -0.46749824,
      "z" : 0.8307725,
      "zero" : false
    },
    "lookAtPointRV" : {
      "x" : 0.0,
      "y" : 0.0,
      "z" : 0.0,
      "zero" : true
    },
    "fieldOfView" : 0.44262865,
    "perspective" : true,
    "upDirectionRV" : {
      "x" : -0.7285359,
      "y" : -0.6752627,
      "z" : -0.115097836,
      "zero" : false
    },
    "nearClipDistance" : 0.8671141,
    "lookAtPoint" : {
      "x" : 0.0,
      "y" : 0.0,
      "z" : 0.0
    },
    "lookDirection" : {
      "x" : 0.3020747,
      "y" : -0.46749824,
      "z" : 0.8307725
    },
    "farClipDistance" : 693.6898,
    "upDirection" : {
      "x" : -0.7285359,
      "y" : -0.6752627,
      "z" : -0.115097836
    },
    "stereo" : false
  },
  "embedding" : [ 1.0, 0.0, 0.0, 0.0, 0.0, 1.0, 0.0, 0.0, 0.0, 0.0, 1.0, 0.0, 0.0, 0.0, 0.0, 1.0 ],
  "shapes" : [ {
    "id" : "daa0e351-5804-4db3-b9f9-e9d564f6844d",
    "orbit" : "blue",
    "orbitC" : "[[0,0,1],[0,0,1]]",
    "length" : "[1,0,1]",
    "name" : "b1",
    "vertices" : [ {
      "x" : 7.472136,
      "y" : 0.309017,
      "z" : 0.19098301
    }, {
      "x" : 7.472136,
      "y" : 0.309017,
      "z" : -0.19098301
    }, {
      "x" : 1.0,
      "y" : 0.309017,
      "z" : -0.19098301
    }, {
      "x" : 1.0,
      "y" : 0.309017,
      "z" : 0.19098301
    }, {
      "x" : 7.472136,
      "y" : -0.309017,
      "z" : 0.19098301
    }, {
      "x" : 1.0,
      "y" : -0.309017,
      "z" : 0.19098301
    }, {
      "x" : 1.0,
      "y" : -0.309017,
      "z" : -0.19098301
    }, {
      "x" : 7.472136,
      "y" : -0.309017,
      "z" : -0.19098301
    }, {
      "x" : 8.472136,
      "y" : 0.0,
      "z" : 0.0
    } ],
    "faces" : [ {
      "vertices" : [ 1, 7, 6, 2 ]
    }, {
      "vertices" : [ 0, 1, 2, 3 ]
    }, {
      "vertices" : [ 4, 5, 6, 7 ]
    }, {
      "vertices" : [ 0, 3, 5, 4 ]
    } ]
  }, {
    "id" : "7b299abb-6b94-4989-a2ec-1643c7d21df8",
    "vertices" : [ {
      "x" : 0.0,
      "y" : 0.0,
      "z" : 0.0
    }, {
      "x" : -2.618034,
      "y" : 4.236068,
      "z" : -6.854102
    }, {
      "x" : 0.0,
      "y" : 8.472136,
      "z" : 0.0
    } ],
    "faces" : [ {
      "vertices" : [ 0, 1, 2 ]
    }, {
      "vertices" : [ 0, 2, 1 ]
    } ]
  }, {
    "id" : "0b813be0-3174-4147-bf8f-6a18fe4f9aef",
    "name" : "ball",
    "vertices" : [ {
      "x" : 0.309017,
      "y" : -0.809017,
      "z" : 0.618034
    }, {
      "x" : 0.809017,
      "y" : -0.618034,
      "z" : 0.309017
    }, {
      "x" : 0.618034,
      "y" : -0.309017,
      "z" : 0.809017
    }, {
      "x" : 1.0,
      "y" : 0.309017,
      "z" : 0.19098301
    }, {
      "x" : 0.809017,
      "y" : 0.618034,
      "z" : 0.309017
    }, {
      "x" : 0.618034,
      "y" : 0.309017,
      "z" : 0.809017
    }, {
      "x" : 0.809017,
      "y" : 0.0,
      "z" : 0.690983
    }, {
      "x" : 0.19098301,
      "y" : -1.0,
      "z" : 0.309017
    }, {
      "x" : -0.19098301,
      "y" : -1.0,
      "z" : 0.309017
    }, {
      "x" : -0.19098301,
      "y" : -1.0,
      "z" : -0.309017
    }, {
      "x" : 0.19098301,
      "y" : -1.0,
      "z" : -0.309017
    }, {
      "x" : 1.0,
      "y" : -0.309017,
      "z" : -0.19098301
    }, {
      "x" : 0.809017,
      "y" : -0.618034,
      "z" : -0.309017
    }, {
      "x" : 0.618034,
      "y" : -0.309017,
      "z" : -0.809017
    }, {
      "x" : 0.809017,
      "y" : 0.0,
      "z" : -0.690983
    }, {
      "x" : 0.0,
      "y" : 0.690983,
      "z" : -0.809017
    }, {
      "x" : 0.309017,
      "y" : 0.809017,
      "z" : -0.618034
    }, {
      "x" : 0.618034,
      "y" : 0.309017,
      "z" : -0.809017
    }, {
      "x" : 0.309017,
      "y" : 0.19098301,
      "z" : -1.0
    }, {
      "x" : 1.0,
      "y" : 0.309017,
      "z" : -0.19098301
    }, {
      "x" : -0.309017,
      "y" : -0.809017,
      "z" : 0.618034
    }, {
      "x" : 0.0,
      "y" : -0.690983,
      "z" : 0.809017
    }, {
      "x" : 0.809017,
      "y" : 0.618034,
      "z" : -0.309017
    }, {
      "x" : 0.690983,
      "y" : 0.809017,
      "z" : 0.0
    }, {
      "x" : -0.690983,
      "y" : 0.809017,
      "z" : 0.0
    }, {
      "x" : -0.809017,
      "y" : 0.618034,
      "z" : 0.309017
    }, {
      "x" : -0.309017,
      "y" : 0.809017,
      "z" : 0.618034
    }, {
      "x" : -0.19098301,
      "y" : 1.0,
      "z" : 0.309017
    }, {
      "x" : 0.309017,
      "y" : -0.19098301,
      "z" : -1.0
    }, {
      "x" : 0.19098301,
      "y" : 1.0,
      "z" : 0.309017
    }, {
      "x" : 0.309017,
      "y" : 0.809017,
      "z" : 0.618034
    }, {
      "x" : -0.809017,
      "y" : -0.618034,
      "z" : 0.309017
    }, {
      "x" : -0.690983,
      "y" : -0.809017,
      "z" : 0.0
    }, {
      "x" : 0.0,
      "y" : 0.690983,
      "z" : 0.809017
    }, {
      "x" : 0.309017,
      "y" : -0.809017,
      "z" : -0.618034
    }, {
      "x" : 0.0,
      "y" : -0.690983,
      "z" : -0.809017
    }, {
      "x" : -1.0,
      "y" : 0.309017,
      "z" : 0.19098301
    }, {
      "x" : -0.809017,
      "y" : 0.0,
      "z" : 0.690983
    }, {
      "x" : -0.618034,
      "y" : 0.309017,
      "z" : 0.809017
    }, {
      "x" : 1.0,
      "y" : -0.309017,
      "z" : 0.19098301
    }, {
      "x" : -0.309017,
      "y" : -0.809017,
      "z" : -0.618034
    }, {
      "x" : -1.0,
      "y" : 0.309017,
      "z" : -0.19098301
    }, {
      "x" : -1.0,
      "y" : -0.309017,
      "z" : -0.19098301
    }, {
      "x" : -1.0,
      "y" : -0.309017,
      "z" : 0.19098301
    }, {
      "x" : 0.19098301,
      "y" : 1.0,
      "z" : -0.309017
    }, {
      "x" : -0.809017,
      "y" : 0.618034,
      "z" : -0.309017
    }, {
      "x" : -0.19098301,
      "y" : 1.0,
      "z" : -0.309017
    }, {
      "x" : -0.309017,
      "y" : 0.809017,
      "z" : -0.618034
    }, {
      "x" : -0.618034,
      "y" : -0.309017,
      "z" : 0.809017
    }, {
      "x" : 0.309017,
      "y" : 0.19098301,
      "z" : 1.0
    }, {
      "x" : -0.309017,
      "y" : 0.19098301,
      "z" : -1.0
    }, {
      "x" : -0.309017,
      "y" : 0.19098301,
      "z" : 1.0
    }, {
      "x" : -0.309017,
      "y" : -0.19098301,
      "z" : 1.0
    }, {
      "x" : 0.309017,
      "y" : -0.19098301,
      "z" : 1.0
    }, {
      "x" : 0.690983,
      "y" : -0.809017,
      "z" : 0.0
    }, {
      "x" : -0.809017,
      "y" : 0.0,
      "z" : -0.690983
    }, {
      "x" : -0.618034,
      "y" : -0.309017,
      "z" : -0.809017
    }, {
      "x" : -0.309017,
      "y" : -0.19098301,
      "z" : -1.0
    }, {
      "x" : -0.618034,
      "y" : 0.309017,
      "z" : -0.809017
    }, {
      "x" : -0.809017,
      "y" : -0.618034,
      "z" : -0.309017
    } ],
    "faces" : [ {
      "vertices" : [ 9, 40, 35, 34, 10 ]
    }, {
      "vertices" : [ 0, 1, 2 ]
    }, {
      "vertices" : [ 33, 51, 49 ]
    }, {
      "vertices" : [ 25, 36, 37, 38 ]
    }, {
      "vertices" : [ 41, 55, 42 ]
    }, {
      "vertices" : [ 9, 32, 59, 40 ]
    }, {
      "vertices" : [ 20, 21, 52, 48 ]
    }, {
      "vertices" : [ 26, 33, 30, 29, 27 ]
    }, {
      "vertices" : [ 3, 4, 5, 6 ]
    }, {
      "vertices" : [ 27, 29, 44, 46 ]
    }, {
      "vertices" : [ 50, 57, 56, 55, 58 ]
    }, {
      "vertices" : [ 26, 38, 51, 33 ]
    }, {
      "vertices" : [ 45, 47, 58 ]
    }, {
      "vertices" : [ 18, 28, 57, 50 ]
    }, {
      "vertices" : [ 40, 59, 56 ]
    }, {
      "vertices" : [ 31, 48, 37, 43 ]
    }, {
      "vertices" : [ 7, 8, 9, 10 ]
    }, {
      "vertices" : [ 36, 41, 42, 43 ]
    }, {
      "vertices" : [ 24, 46, 47, 45 ]
    }, {
      "vertices" : [ 4, 30, 5 ]
    }, {
      "vertices" : [ 15, 47, 46, 44, 16 ]
    }, {
      "vertices" : [ 15, 50, 58, 47 ]
    }, {
      "vertices" : [ 24, 45, 41, 36, 25 ]
    }, {
      "vertices" : [ 11, 14, 19 ]
    }, {
      "vertices" : [ 3, 6, 39 ]
    }, {
      "vertices" : [ 1, 39, 6, 2 ]
    }, {
      "vertices" : [ 8, 32, 9 ]
    }, {
      "vertices" : [ 11, 12, 13, 14 ]
    }, {
      "vertices" : [ 16, 22, 17 ]
    }, {
      "vertices" : [ 0, 21, 20, 8, 7 ]
    }, {
      "vertices" : [ 12, 34, 13 ]
    }, {
      "vertices" : [ 35, 40, 56, 57 ]
    }, {
      "vertices" : [ 0, 7, 54, 1 ]
    }, {
      "vertices" : [ 15, 16, 17, 18 ]
    }, {
      "vertices" : [ 3, 19, 22, 23, 4 ]
    }, {
      "vertices" : [ 7, 10, 54 ]
    }, {
      "vertices" : [ 41, 45, 58, 55 ]
    }, {
      "vertices" : [ 3, 39, 11, 19 ]
    }, {
      "vertices" : [ 14, 17, 22, 19 ]
    }, {
      "vertices" : [ 0, 2, 53, 21 ]
    }, {
      "vertices" : [ 49, 51, 52, 53 ]
    }, {
      "vertices" : [ 31, 43, 42, 59, 32 ]
    }, {
      "vertices" : [ 15, 18, 50 ]
    }, {
      "vertices" : [ 42, 55, 56, 59 ]
    }, {
      "vertices" : [ 4, 23, 29, 30 ]
    }, {
      "vertices" : [ 25, 38, 26 ]
    }, {
      "vertices" : [ 13, 28, 18, 17, 14 ]
    }, {
      "vertices" : [ 8, 20, 31, 32 ]
    }, {
      "vertices" : [ 23, 44, 29 ]
    }, {
      "vertices" : [ 24, 27, 46 ]
    }, {
      "vertices" : [ 37, 48, 52, 51, 38 ]
    }, {
      "vertices" : [ 20, 48, 31 ]
    }, {
      "vertices" : [ 24, 25, 26, 27 ]
    }, {
      "vertices" : [ 16, 44, 23, 22 ]
    }, {
      "vertices" : [ 13, 34, 35, 28 ]
    }, {
      "vertices" : [ 10, 34, 12, 54 ]
    }, {
      "vertices" : [ 2, 6, 5, 49, 53 ]
    }, {
      "vertices" : [ 36, 43, 37 ]
    }, {
      "vertices" : [ 5, 30, 33, 49 ]
    }, {
      "vertices" : [ 1, 54, 12, 11, 39 ]
    }, {
      "vertices" : [ 28, 35, 57 ]
    }, {
      "vertices" : [ 21, 53, 52 ]
    } ]
  }, {
    "id" : "f9ce0768-fd55-4001-9c52-ada1c553362d",
    "vertices" : [ {
      "x" : 0.0,
      "y" : 0.0,
      "z" : 0.0
    }, {
      "x" : -2.618034,
      "y" : -4.236068,
      "z" : -6.854102
    }, {
      "x" : -2.618034,
      "y" : 4.236068,
      "z" : -6.854102
    } ],
    "faces" : [ {
      "vertices" : [ 0, 1, 2 ]
    }, {
      "vertices" : [ 0, 2, 1 ]
    } ]
  }, {
    "id" : "4a9c0124-c0f2-4c07-9beb-3068dce9b876",
    "vertices" : [ {
      "x" : 0.0,
      "y" : 0.0,
      "z" : 0.0
    }, {
      "x" : 0.0,
      "y" : -8.472136,
      "z" : 0.0
    }, {
      "x" : 0.0,
      "y" : -8.472136,
      "z" : -8.472136
    }, {
      "x" : 0.0,
      "y" : 0.0,
      "z" : -8.472136
    } ],
    "faces" : [ {
      "vertices" : [ 0, 1, 2, 3 ]
    }, {
      "vertices" : [ 0, 3, 2, 1 ]
    } ]
  }, {
    "id" : "d3946ba5-4ed7-4366-94e5-65753c0ff147",
    "vertices" : [ {
      "x" : 0.0,
      "y" : 0.0,
      "z" : 0.0
    }, {
      "x" : 2.618034,
      "y" : -4.236068,
      "z" : 6.854102
    }, {
      "x" : 0.0,
      "y" : -8.472136,
      "z" : 0.0
    } ],
    "faces" : [ {
      "vertices" : [ 0, 1, 2 ]
    }, {
      "vertices" : [ 0, 2, 1 ]
    } ]
  }, {
    "id" : "50490544-d0af-46e5-a299-4e8b35ca6dd9",
    "vertices" : [ {
      "x" : 0.0,
      "y" : 0.0,
      "z" : 0.0
    }, {
      "x" : 0.0,
      "y" : 8.472136,
      "z" : 0.0
    }, {
      "x" : 2.618034,
      "y" : 4.236068,
      "z" : 6.854102
    } ],
    "faces" : [ {
      "vertices" : [ 0, 1, 2 ]
    }, {
      "vertices" : [ 0, 2, 1 ]
    } ]
  }, {
    "id" : "fab9cf47-ea65-45a9-b111-496b47e3e15a",
    "vertices" : [ {
      "x" : 0.0,
      "y" : 0.0,
      "z" : 0.0
    }, {
      "x" : 0.0,
      "y" : 0.0,
      "z" : 8.472136
    }, {
      "x" : 0.0,
      "y" : -8.472136,
      "z" : 8.472136
    }, {
      "x" : 0.0,
      "y" : -8.472136,
      "z" : 0.0
    } ],
    "faces" : [ {
      "vertices" : [ 0, 1, 2, 3 ]
    }, {
      "vertices" : [ 0, 3, 2, 1 ]
    } ]
  }, {
    "id" : "d78b8a1b-4799-4b97-ab63-a457d4fb3925",
    "vertices" : [ {
      "x" : 0.0,
      "y" : 0.0,
      "z" : 0.0
    }, {
      "x" : 0.0,
      "y" : 8.472136,
      "z" : 0.0
    }, {
      "x" : 0.0,
      "y" : 8.472136,
      "z" : 8.472136
    }, {
      "x" : 0.0,
      "y" : 0.0,
      "z" : 8.472136
    } ],
    "faces" : [ {
      "vertices" : [ 0, 1, 2, 3 ]
    }, {
      "vertices" : [ 0, 3, 2, 1 ]
    } ]
  }, {
    "id" : "247baed6-41ed-4b6f-894c-cc553a9338d9",
    "vertices" : [ {
      "x" : 0.0,
      "y" : 0.0,
      "z" : 0.0
    }, {
      "x" : 0.0,
      "y" : -8.472136,
      "z" : 0.0
    }, {
      "x" : -2.618034,
      "y" : -4.236068,
      "z" : -6.854102
    } ],
    "faces" : [ {
      "vertices" : [ 0, 1, 2 ]
    }, {
      "vertices" : [ 0, 2, 1 ]
    } ]
  }, {
    "id" : "c3254d86-e16e-4d8f-9489-675d99370dec",
    "vertices" : [ {
      "x" : 0.0,
      "y" : 0.0,
      "z" : 0.0
    }, {
      "x" : 0.0,
      "y" : 0.0,
      "z" : -8.472136
    }, {
      "x" : 0.0,
      "y" : 8.472136,
      "z" : -8.472136
    }, {
      "x" : 0.0,
      "y" : 8.472136,
      "z" : 0.0
    } ],
    "faces" : [ {
      "vertices" : [ 0, 1, 2, 3 ]
    }, {
      "vertices" : [ 0, 3, 2, 1 ]
    } ]
  }, {
    "id" : "b9e9277b-aaab-451d-ab2a-f9026304a0e3",
    "vertices" : [ {
      "x" : 0.0,
      "y" : 0.0,
      "z" : 0.0
    }, {
      "x" : -2.618034,
      "y" : 4.236068,
      "z" : -6.854102
    }, {
      "x" : -2.618034,
      "y" : 12.708204,
      "z" : -6.854102
    }, {
      "x" : 0.0,
      "y" : 16.944271,
      "z" : 0.0
    }, {
      "x" : 2.618034,
      "y" : 12.708204,
      "z" : 6.854102
    }, {
      "x" : 2.618034,
      "y" : 4.236068,
      "z" : 6.854102
    } ],
    "faces" : [ {
      "vertices" : [ 0, 1, 2, 3, 4, 5 ]
    }, {
      "vertices" : [ 0, 5, 4, 3, 2, 1 ]
    } ]
  }, {
    "id" : "0bc65371-4303-4d94-84eb-c4901aa2500d",
    "vertices" : [ {
      "x" : 0.0,
      "y" : 0.0,
      "z" : 0.0
    }, {
      "x" : 2.618034,
      "y" : 4.236068,
      "z" : 6.854102
    }, {
      "x" : 2.618034,
      "y" : -4.236068,
      "z" : 6.854102
    } ],
    "faces" : [ {
      "vertices" : [ 0, 1, 2 ]
    }, {
      "vertices" : [ 0, 2, 1 ]
    } ]
  }, {
    "id" : "012cedfb-f1f0-45e8-8993-f45d5f74a79a",
    "vertices" : [ {
      "x" : 0.0,
      "y" : 0.0,
      "z" : 0.0
    }, {
      "x" : 2.618034,
      "y" : 4.236068,
      "z" : 6.854102
    }, {
      "x" : 5.236068,
      "y" : 0.0,
      "z" : 13.708204
    }, {
      "x" : 5.236068,
      "y" : -8.472136,
      "z" : 13.708204
    }, {
      "x" : 2.618034,
      "y" : -12.708204,
      "z" : 6.854102
    }, {
      "x" : 0.0,
      "y" : -8.472136,
      "z" : 0.0
    } ],
    "faces" : [ {
      "vertices" : [ 0, 1, 2, 3, 4, 5 ]
    }, {
      "vertices" : [ 0, 5, 4, 3, 2, 1 ]
    } ]
  }, {
    "id" : "54e1fdc6-77b3-4b0b-8b55-f9a5248256bb",
    "vertices" : [ {
      "x" : 0.0,
      "y" : 0.0,
      "z" : 0.0
    }, {
      "x" : -2.618034,
      "y" : -4.236068,
      "z" : -6.854102
    }, {
      "x" : -5.236068,
      "y" : 0.0,
      "z" : -13.708204
    }, {
      "x" : -5.236068,
      "y" : 8.472136,
      "z" : -13.708204
    }, {
      "x" : -2.618034,
      "y" : 12.708204,
      "z" : -6.854102
    }, {
      "x" : 0.0,
      "y" : 8.472136,
      "z" : 0.0
    } ],
    "faces" : [ {
      "vertices" : [ 0, 1, 2, 3, 4, 5 ]
    }, {
      "vertices" : [ 0, 5, 4, 3, 2, 1 ]
    } ]
  }, {
    "id" : "03839f95-fd48-4400-a7ef-e68dfbce6867",
    "vertices" : [ {
      "x" : 0.0,
      "y" : 0.0,
      "z" : 0.0
    }, {
      "x" : 2.618034,
      "y" : -4.236068,
      "z" : 6.854102
    }, {
      "x" : 2.618034,
      "y" : -12.708204,
      "z" : 6.854102
    }, {
      "x" : 0.0,
      "y" : -16.944271,
      "z" : 0.0
    }, {
      "x" : -2.618034,
      "y" : -12.708204,
      "z" : -6.854102
    }, {
      "x" : -2.618034,
      "y" : -4.236068,
      "z" : -6.854102
    } ],
    "faces" : [ {
      "vertices" : [ 0, 1, 2, 3, 4, 5 ]
    }, {
      "vertices" : [ 0, 5, 4, 3, 2, 1 ]
    } ]
  }, {
    "id" : "4814c645-2a14-4f66-b206-4f3df6ac145d",
    "vertices" : [ {
      "x" : 0.0,
      "y" : 0.0,
      "z" : 0.0
    }, {
      "x" : 0.0,
      "y" : 8.472136,
      "z" : 0.0
    }, {
      "x" : 2.618034,
      "y" : 12.708204,
      "z" : 6.854102
    }, {
      "x" : 5.236068,
      "y" : 8.472136,
      "z" : 13.708204
    }, {
      "x" : 5.236068,
      "y" : 0.0,
      "z" : 13.708204
    }, {
      "x" : 2.618034,
      "y" : -4.236068,
      "z" : 6.854102
    } ],
    "faces" : [ {
      "vertices" : [ 0, 1, 2, 3, 4, 5 ]
    }, {
      "vertices" : [ 0, 5, 4, 3, 2, 1 ]
    } ]
  }, {
    "id" : "a5ea94cf-e60e-441d-bd5f-e45f65cc1151",
    "vertices" : [ {
      "x" : 0.0,
      "y" : 0.0,
      "z" : 0.0
    }, {
      "x" : 0.0,
      "y" : -8.472136,
      "z" : 0.0
    }, {
      "x" : -2.618034,
      "y" : -12.708204,
      "z" : -6.854102
    }, {
      "x" : -5.236068,
      "y" : -8.472136,
      "z" : -13.708204
    }, {
      "x" : -5.236068,
      "y" : 0.0,
      "z" : -13.708204
    }, {
      "x" : -2.618034,
      "y" : 4.236068,
      "z" : -6.854102
    } ],
    "faces" : [ {
      "vertices" : [ 0, 1, 2, 3, 4, 5 ]
    }, {
      "vertices" : [ 0, 5, 4, 3, 2, 1 ]
    } ]
  } ],
  "instances" : [ {
    "shape" : "daa0e351-5804-4db3-b9f9-e9d564f6844d",
    "color" : "#008EC2",
    "position" : {
      "x" : -13.708204,
      "y" : -11.09017,
      "z" : -6.854102
    },
    "orientation" : 51
  }, {
    "shape" : "7b299abb-6b94-4989-a2ec-1643c7d21df8",
    "color" : "#00FFFF",
    "position" : {
      "x" : -4.236068,
      "y" : 4.236068,
      "z" : -17.944271
    },
    "orientation" : 17
  }, {
    "shape" : "daa0e351-5804-4db3-b9f9-e9d564f6844d",
    "color" : "#008EC2",
    "position" : {
      "x" : -15.326238,
      "y" : 13.708204,
      "z" : -24.798374
    },
    "orientation" : 26
  }, {
    "shape" : "daa0e351-5804-4db3-b9f9-e9d564f6844d",
    "color" : "#008EC2",
    "position" : {
      "x" : -24.798374,
      "y" : 15.326238,
      "z" : 13.708204
    },
    "orientation" : 25
  }, {
    "shape" : "0b813be0-3174-4147-bf8f-6a18fe4f9aef",
    "color" : "#F2F2F2",
    "position" : {
      "x" : 4.236068,
      "y" : -17.944271,
      "z" : -26.416409
    }
  }, {
    "shape" : "0b813be0-3174-4147-bf8f-6a18fe4f9aef",
    "color" : "#F2F2F2",
    "position" : {
      "x" : -20.562305,
      "y" : 22.18034,
      "z" : -11.09017
    }
  }, {
    "shape" : "daa0e351-5804-4db3-b9f9-e9d564f6844d",
    "color" : "#008EC2",
    "position" : {
      "x" : 4.236068,
      "y" : 4.236068,
      "z" : -17.944271
    },
    "orientation" : 16
  }, {
    "shape" : "daa0e351-5804-4db3-b9f9-e9d564f6844d",
    "color" : "#008EC2",
    "position" : {
      "x" : 11.09017,
      "y" : 20.562305,
      "z" : -22.18034
    },
    "orientation" : 53
  }, {
    "shape" : "f9ce0768-fd55-4001-9c52-ada1c553362d",
    "color" : "#00FFFF",
    "position" : {
      "x" : -4.236068,
      "y" : 4.236068,
      "z" : -17.944271
    },
    "orientation" : 38
  }, {
    "shape" : "4a9c0124-c0f2-4c07-9beb-3068dce9b876",
    "color" : "#00FFFF",
    "position" : {
      "x" : 22.18034,
      "y" : 11.09017,
      "z" : -6.854102
    },
    "orientation" : 36
  }, {
    "shape" : "daa0e351-5804-4db3-b9f9-e9d564f6844d",
    "color" : "#008EC2",
    "position" : {
      "x" : -17.944271,
      "y" : -4.236068,
      "z" : -4.236068
    },
    "orientation" : 41
  }, {
    "shape" : "0b813be0-3174-4147-bf8f-6a18fe4f9aef",
    "color" : "#F2F2F2",
    "position" : {
      "x" : -15.326238,
      "y" : -13.708204,
      "z" : 24.798374
    }
  }, {
    "shape" : "daa0e351-5804-4db3-b9f9-e9d564f6844d",
    "color" : "#008EC2",
    "position" : {
      "x" : -8.472136,
      "y" : -11.09017,
      "z" : 29.034441
    },
    "orientation" : 24
  }, {
    "shape" : "daa0e351-5804-4db3-b9f9-e9d564f6844d",
    "color" : "#008EC2",
    "position" : {
      "x" : 29.034441,
      "y" : -8.472136,
      "z" : -11.09017
    },
    "orientation" : 55
  }, {
    "shape" : "daa0e351-5804-4db3-b9f9-e9d564f6844d",
    "color" : "#008EC2",
    "position" : {
      "x" : 11.09017,
      "y" : -15.326238,
      "z" : 0.0
    },
    "orientation" : 8
  }, {
    "shape" : "f9ce0768-fd55-4001-9c52-ada1c553362d",
    "color" : "#00FFFF",
    "position" : {
      "x" : -4.236068,
      "y" : -17.944271,
      "z" : -4.236068
    },
    "orientation" : 0
  }, {
    "shape" : "daa0e351-5804-4db3-b9f9-e9d564f6844d",
    "color" : "#008EC2",
    "position" : {
      "x" : 11.09017,
      "y" : 15.326238,
      "z" : 0.0
    },
    "orientation" : 23
  }, {
    "shape" : "f9ce0768-fd55-4001-9c52-ada1c553362d",
    "color" : "#00FFFF",
    "position" : {
      "x" : 4.236068,
      "y" : -4.236068,
      "z" : 31.652475
    },
    "orientation" : 8
  }, {
    "shape" : "d3946ba5-4ed7-4366-94e5-65753c0ff147",
    "color" : "#00FFFF",
    "position" : {
      "x" : 26.416409,
      "y" : 4.236068,
      "z" : -17.944271
    },
    "orientation" : 22
  }, {
    "shape" : "f9ce0768-fd55-4001-9c52-ada1c553362d",
    "color" : "#00FFFF",
    "position" : {
      "x" : 20.562305,
      "y" : 22.18034,
      "z" : 11.09017
    },
    "orientation" : 0
  }, {
    "shape" : "daa0e351-5804-4db3-b9f9-e9d564f6844d",
    "color" : "#008EC2",
    "position" : {
      "x" : 0.0,
      "y" : -24.798374,
      "z" : -6.854102
    },
    "orientation" : 9
  }, {
    "shape" : "0b813be0-3174-4147-bf8f-6a18fe4f9aef",
    "color" : "#F2F2F2",
    "position" : {
      "x" : 4.236068,
      "y" : -17.944271,
      "z" : 17.944271
    }
  }, {
    "shape" : "daa0e351-5804-4db3-b9f9-e9d564f6844d",
    "color" : "#008EC2",
    "position" : {
      "x" : 4.236068,
      "y" : 4.236068,
      "z" : 17.944271
    },
    "orientation" : 11
  }, {
    "shape" : "50490544-d0af-46e5-a299-4e8b35ca6dd9",
    "color" : "#00FFFF",
    "position" : {
      "x" : -11.09017,
      "y" : -15.326238,
      "z" : 0.0
    },
    "orientation" : 54
  }, {
    "shape" : "f9ce0768-fd55-4001-9c52-ada1c553362d",
    "color" : "#00FFFF",
    "position" : {
      "x" : 24.798374,
      "y" : -15.326238,
      "z" : 13.708204
    },
    "orientation" : 24
  }, {
    "shape" : "fab9cf47-ea65-45a9-b111-496b47e3e15a",
    "color" : "#00FFFF",
    "position" : {
      "x" : 26.416409,
      "y" : 4.236068,
      "z" : -17.944271
    },
    "orientation" : 23
  }, {
    "shape" : "d78b8a1b-4799-4b97-ab63-a457d4fb3925",
    "color" : "#00FFFF",
    "position" : {
      "x" : -17.944271,
      "y" : -17.944271,
      "z" : -4.236068
    },
    "orientation" : 23
  }, {
    "shape" : "50490544-d0af-46e5-a299-4e8b35ca6dd9",
    "color" : "#00FFFF",
    "position" : {
      "x" : -29.034441,
      "y" : 8.472136,
      "z" : -11.09017
    },
    "orientation" : 4
  }, {
    "shape" : "daa0e351-5804-4db3-b9f9-e9d564f6844d",
    "color" : "#008EC2",
    "position" : {
      "x" : -15.326238,
      "y" : 13.708204,
      "z" : 24.798374
    },
    "orientation" : 6
  }, {
    "shape" : "daa0e351-5804-4db3-b9f9-e9d564f6844d",
    "color" : "#008EC2",
    "position" : {
      "x" : 6.854102,
      "y" : -22.18034,
      "z" : 11.09017
    },
    "orientation" : 53
  }, {
    "shape" : "daa0e351-5804-4db3-b9f9-e9d564f6844d",
    "color" : "#008EC2",
    "position" : {
      "x" : -15.326238,
      "y" : 0.0,
      "z" : 11.09017
    },
    "orientation" : 21
  }, {
    "shape" : "daa0e351-5804-4db3-b9f9-e9d564f6844d",
    "color" : "#008EC2",
    "position" : {
      "x" : 0.0,
      "y" : -24.798374,
      "z" : 6.854102
    },
    "orientation" : 38
  }, {
    "shape" : "0b813be0-3174-4147-bf8f-6a18fe4f9aef",
    "color" : "#F2F2F2",
    "position" : {
      "x" : -4.236068,
      "y" : -17.944271,
      "z" : 26.416409
    }
  }, {
    "shape" : "0b813be0-3174-4147-bf8f-6a18fe4f9aef",
    "color" : "#F2F2F2",
    "position" : {
      "x" : -4.236068,
      "y" : -4.236068,
      "z" : -17.944271
    }
  }, {
    "shape" : "0b813be0-3174-4147-bf8f-6a18fe4f9aef",
    "color" : "#F2F2F2",
    "position" : {
      "x" : -4.236068,
      "y" : -4.236068,
      "z" : 17.944271
    }
  }, {
    "shape" : "0b813be0-3174-4147-bf8f-6a18fe4f9aef",
    "color" : "#F2F2F2",
    "position" : {
      "x" : 11.09017,
      "y" : -29.034441,
      "z" : 8.472136
    }
  }, {
    "shape" : "50490544-d0af-46e5-a299-4e8b35ca6dd9",
    "color" : "#00FFFF",
    "position" : {
      "x" : 4.236068,
      "y" : 4.236068,
      "z" : 17.944271
    },
    "orientation" : 24
  }, {
    "shape" : "fab9cf47-ea65-45a9-b111-496b47e3e15a",
    "color" : "#00FFFF",
    "position" : {
      "x" : 4.236068,
      "y" : -4.236068,
      "z" : 31.652475
    },
    "orientation" : 2
  }, {
    "shape" : "daa0e351-5804-4db3-b9f9-e9d564f6844d",
    "color" : "#008EC2",
    "position" : {
      "x" : -29.034441,
      "y" : -8.472136,
      "z" : -11.09017
    },
    "orientation" : 7
  }, {
    "shape" : "daa0e351-5804-4db3-b9f9-e9d564f6844d",
    "color" : "#008EC2",
    "position" : {
      "x" : 6.854102,
      "y" : 13.708204,
      "z" : 11.09017
    },
    "orientation" : 41
  }, {
    "shape" : "d78b8a1b-4799-4b97-ab63-a457d4fb3925",
    "color" : "#00FFFF",
    "position" : {
      "x" : -17.944271,
      "y" : -4.236068,
      "z" : 17.944271
    },
    "orientation" : 47
  }, {
    "shape" : "daa0e351-5804-4db3-b9f9-e9d564f6844d",
    "color" : "#008EC2",
    "position" : {
      "x" : 11.09017,
      "y" : -20.562305,
      "z" : -22.18034
    },
    "orientation" : 56
  }, {
    "shape" : "d3946ba5-4ed7-4366-94e5-65753c0ff147",
    "color" : "#00FFFF",
    "position" : {
      "x" : -13.708204,
      "y" : -11.09017,
      "z" : -6.854102
    },
    "orientation" : 7
  }, {
    "shape" : "0b813be0-3174-4147-bf8f-6a18fe4f9aef",
    "color" : "#F2F2F2",
    "position" : {
      "x" : -29.034441,
      "y" : 8.472136,
      "z" : 11.09017
    }
  }, {
    "shape" : "4a9c0124-c0f2-4c07-9beb-3068dce9b876",
    "color" : "#00FFFF",
    "position" : {
      "x" : 0.0,
      "y" : 24.798374,
      "z" : -6.854102
    },
    "orientation" : 40
  }, {
    "shape" : "daa0e351-5804-4db3-b9f9-e9d564f6844d",
    "color" : "#008EC2",
    "position" : {
      "x" : 15.326238,
      "y" : 0.0,
      "z" : -11.09017
    },
    "orientation" : 10
  }, {
    "shape" : "daa0e351-5804-4db3-b9f9-e9d564f6844d",
    "color" : "#008EC2",
    "position" : {
      "x" : -31.652475,
      "y" : 4.236068,
      "z" : -4.236068
    },
    "orientation" : 11
  }, {
    "shape" : "0b813be0-3174-4147-bf8f-6a18fe4f9aef",
    "color" : "#F2F2F2",
    "position" : {
      "x" : -15.326238,
      "y" : 13.708204,
      "z" : -24.798374
    }
  }, {
    "shape" : "d3946ba5-4ed7-4366-94e5-65753c0ff147",
    "color" : "#00FFFF",
    "position" : {
      "x" : 0.0,
      "y" : 11.09017,
      "z" : 15.326238
    },
    "orientation" : 54
  }, {
    "shape" : "daa0e351-5804-4db3-b9f9-e9d564f6844d",
    "color" : "#008EC2",
    "position" : {
      "x" : 17.944271,
      "y" : 17.944271,
      "z" : -4.236068
    },
    "orientation" : 36
  }, {
    "shape" : "d3946ba5-4ed7-4366-94e5-65753c0ff147",
    "color" : "#00FFFF",
    "position" : {
      "x" : 0.0,
      "y" : 11.09017,
      "z" : -15.326238
    },
    "orientation" : 9
  }, {
    "shape" : "fab9cf47-ea65-45a9-b111-496b47e3e15a",
    "color" : "#00FFFF",
    "position" : {
      "x" : 11.09017,
      "y" : 15.326238,
      "z" : 0.0
    },
    "orientation" : 6
  }, {
    "shape" : "daa0e351-5804-4db3-b9f9-e9d564f6844d",
    "color" : "#008EC2",
    "position" : {
      "x" : 11.09017,
      "y" : -29.034441,
      "z" : -8.472136
    },
    "orientation" : 54
  }, {
    "shape" : "0b813be0-3174-4147-bf8f-6a18fe4f9aef",
    "color" : "#F2F2F2",
    "position" : {
      "x" : 31.652475,
      "y" : -4.236068,
      "z" : 4.236068
    }
  }, {
    "shape" : "daa0e351-5804-4db3-b9f9-e9d564f6844d",
    "color" : "#008EC2",
    "position" : {
      "x" : 4.236068,
      "y" : 17.944271,
      "z" : -17.944271
    },
    "orientation" : 10
  }, {
    "shape" : "daa0e351-5804-4db3-b9f9-e9d564f6844d",
    "color" : "#008EC2",
    "position" : {
      "x" : 17.944271,
      "y" : -4.236068,
      "z" : 17.944271
    },
    "orientation" : 41
  }, {
    "shape" : "daa0e351-5804-4db3-b9f9-e9d564f6844d",
    "color" : "#008EC2",
    "position" : {
      "x" : -20.562305,
      "y" : -22.18034,
      "z" : 11.09017
    },
    "orientation" : 25
  }, {
    "shape" : "daa0e351-5804-4db3-b9f9-e9d564f6844d",
    "color" : "#008EC2",
    "position" : {
      "x" : 31.652475,
      "y" : -4.236068,
      "z" : 4.236068
    },
    "orientation" : 53
  }, {
    "shape" : "daa0e351-5804-4db3-b9f9-e9d564f6844d",
    "color" : "#008EC2",
    "position" : {
      "x" : -15.326238,
      "y" : 13.708204,
      "z" : -24.798374
    },
    "orientation" : 21
  }, {
    "shape" : "0b813be0-3174-4147-bf8f-6a18fe4f9aef",
    "color" : "#F2F2F2",
    "position" : {
      "x" : 11.09017,
      "y" : -6.854102,
      "z" : -13.708204
    }
  }, {
    "shape" : "daa0e351-5804-4db3-b9f9-e9d564f6844d",
    "color" : "#008EC2",
    "position" : {
      "x" : 20.562305,
      "y" : 22.18034,
      "z" : -11.09017
    },
    "orientation" : 56
  }, {
    "shape" : "daa0e351-5804-4db3-b9f9-e9d564f6844d",
    "color" : "#008EC2",
    "position" : {
      "x" : -4.236068,
      "y" : 4.236068,
      "z" : -31.652475
    },
    "orientation" : 16
  }, {
    "shape" : "daa0e351-5804-4db3-b9f9-e9d564f6844d",
    "color" : "#008EC2",
    "position" : {
      "x" : -4.236068,
      "y" : 4.236068,
      "z" : -17.944271
    },
    "orientation" : 38
  }, {
    "shape" : "daa0e351-5804-4db3-b9f9-e9d564f6844d",
    "color" : "#008EC2",
    "position" : {
      "x" : -31.652475,
      "y" : 4.236068,
      "z" : 4.236068
    },
    "orientation" : 23
  }, {
    "shape" : "247baed6-41ed-4b6f-894c-cc553a9338d9",
    "color" : "#00FFFF",
    "position" : {
      "x" : -6.854102,
      "y" : 13.708204,
      "z" : 11.09017
    },
    "orientation" : 4
  }, {
    "shape" : "fab9cf47-ea65-45a9-b111-496b47e3e15a",
    "color" : "#00FFFF",
    "position" : {
      "x" : 4.236068,
      "y" : 17.944271,
      "z" : -26.416409
    },
    "orientation" : 52
  }, {
    "shape" : "daa0e351-5804-4db3-b9f9-e9d564f6844d",
    "color" : "#008EC2",
    "position" : {
      "x" : -15.326238,
      "y" : 13.708204,
      "z" : -24.798374
    },
    "orientation" : 41
  }, {
    "shape" : "0b813be0-3174-4147-bf8f-6a18fe4f9aef",
    "color" : "#F2F2F2",
    "position" : {
      "x" : -6.854102,
      "y" : 0.0,
      "z" : -24.798374
    }
  }, {
    "shape" : "daa0e351-5804-4db3-b9f9-e9d564f6844d",
    "color" : "#008EC2",
    "position" : {
      "x" : 24.798374,
      "y" : -6.854102,
      "z" : 0.0
    },
    "orientation" : 56
  }, {
    "shape" : "d3946ba5-4ed7-4366-94e5-65753c0ff147",
    "color" : "#00FFFF",
    "position" : {
      "x" : -13.708204,
      "y" : 11.09017,
      "z" : -6.854102
    },
    "orientation" : 2
  }, {
    "shape" : "f9ce0768-fd55-4001-9c52-ada1c553362d",
    "color" : "#00FFFF",
    "position" : {
      "x" : -20.562305,
      "y" : -22.18034,
      "z" : 11.09017
    },
    "orientation" : 30
  }, {
    "shape" : "0b813be0-3174-4147-bf8f-6a18fe4f9aef",
    "color" : "#F2F2F2",
