{
  "polygons" : "true",
  "field" : "golden",
  "symmetry" : "icosahedral",
  "orientations" : [ [ 1.0, 0.0, 0.0, 0.0, 0.0, 1.0, 0.0, 0.0, 0.0, 0.0, 1.0, 0.0, 0.0, 0.0, 0.0, 1.0 ], [ 0.0, 0.0, 1.0, 0.0, 1.0, 0.0, 0.0, 0.0, 0.0, 1.0, 0.0, 0.0, 0.0, 0.0, 0.0, 1.0 ], [ 0.0, 1.0, 0.0, 0.0, 0.0, 0.0, 1.0, 0.0, 1.0, 0.0, 0.0, 0.0, 0.0, 0.0, 0.0, 1.0 ], [ 0.809017, 0.309017, 0.5, 0.0, 0.309017, 0.5, -0.809017, 0.0, -0.5, 0.809017, 0.309017, 0.0, 0.0, 0.0, 0.0, 1.0 ], [ -0.5, 0.809017, 0.309017, 0.0, 0.809017, 0.309017, 0.5, 0.0, 0.309017, 0.5, -0.809017, 0.0, 0.0, 0.0, 0.0, 1.0 ], [ 0.309017, 0.5, -0.809017, 0.0, -0.5, 0.809017, 0.309017, 0.0, 0.809017, 0.309017, 0.5, 0.0, 0.0, 0.0, 0.0, 1.0 ], [ 0.5, 0.809017, 0.309017, 0.0, 0.809017, -0.309017, -0.5, 0.0, -0.309017, 0.5, -0.809017, 0.0, 0.0, 0.0, 0.0, 1.0 ], [ -0.309017, 0.5, -0.809017, 0.0, 0.5, 0.809017, 0.309017, 0.0, 0.809017, -0.309017, -0.5, 0.0, 0.0, 0.0, 0.0, 1.0 ], [ 0.809017, -0.309017, -0.5, 0.0, -0.309017, 0.5, -0.809017, 0.0, 0.5, 0.809017, 0.309017, 0.0, 0.0, 0.0, 0.0, 1.0 ], [ 0.5, 0.809017, -0.309017, 0.0, 0.809017, -0.309017, 0.5, 0.0, 0.309017, -0.5, -0.809017, 0.0, 0.0, 0.0, 0.0, 1.0 ], [ 0.309017, -0.5, -0.809017, 0.0, 0.5, 0.809017, -0.309017, 0.0, 0.809017, -0.309017, 0.5, 0.0, 0.0, 0.0, 0.0, 1.0 ], [ 0.809017, -0.309017, 0.5, 0.0, 0.309017, -0.5, -0.809017, 0.0, 0.5, 0.809017, -0.309017, 0.0, 0.0, 0.0, 0.0, 1.0 ], [ 0.809017, 0.309017, -0.5, 0.0, 0.309017, 0.5, 0.809017, 0.0, 0.5, -0.809017, 0.309017, 0.0, 0.0, 0.0, 0.0, 1.0 ], [ 0.5, -0.809017, 0.309017, 0.0, 0.809017, 0.309017, -0.5, 0.0, 0.309017, 0.5, 0.809017, 0.0, 0.0, 0.0, 0.0, 1.0 ], [ 0.309017, 0.5, 0.809017, 0.0, 0.5, -0.809017, 0.309017, 0.0, 0.809017, 0.309017, -0.5, 0.0, 0.0, 0.0, 0.0, 1.0 ], [ 1.0, 0.0, 0.0, 0.0, 0.0, -1.0, 0.0, 0.0, 0.0, 0.0, -1.0, 0.0, 0.0, 0.0, 0.0, 1.0 ], [ 0.0, 0.0, 1.0, 0.0, -1.0, 0.0, 0.0, 0.0, 0.0, -1.0, 0.0, 0.0, 0.0, 0.0, 0.0, 1.0 ], [ 0.0, 1.0, 0.0, 0.0, 0.0, 0.0, -1.0, 0.0, -1.0, 0.0, 0.0, 0.0, 0.0, 0.0, 0.0, 1.0 ], [ 0.809017, 0.309017, 0.5, 0.0, -0.309017, -0.5, 0.809017, 0.0, 0.5, -0.809017, -0.309017, 0.0, 0.0, 0.0, 0.0, 1.0 ], [ -0.5, 0.809017, 0.309017, 0.0, -0.809017, -0.309017, -0.5, 0.0, -0.309017, -0.5, 0.809017, 0.0, 0.0, 0.0, 0.0, 1.0 ], [ 0.309017, 0.5, -0.809017, 0.0, 0.5, -0.809017, -0.309017, 0.0, -0.809017, -0.309017, -0.5, 0.0, 0.0, 0.0, 0.0, 1.0 ], [ 0.5, 0.809017, 0.309017, 0.0, -0.809017, 0.309017, 0.5, 0.0, 0.309017, -0.5, 0.809017, 0.0, 0.0, 0.0, 0.0, 1.0 ], [ -0.309017, 0.5, -0.809017, 0.0, -0.5, -0.809017, -0.309017, 0.0, -0.809017, 0.309017, 0.5, 0.0, 0.0, 0.0, 0.0, 1.0 ], [ 0.809017, -0.309017, -0.5, 0.0, 0.309017, -0.5, 0.809017, 0.0, -0.5, -0.809017, -0.309017, 0.0, 0.0, 0.0, 0.0, 1.0 ], [ 0.5, 0.809017, -0.309017, 0.0, -0.809017, 0.309017, -0.5, 0.0, -0.309017, 0.5, 0.809017, 0.0, 0.0, 0.0, 0.0, 1.0 ], [ 0.309017, -0.5, -0.809017, 0.0, -0.5, -0.809017, 0.309017, 0.0, -0.809017, 0.309017, -0.5, 0.0, 0.0, 0.0, 0.0, 1.0 ], [ 0.809017, -0.309017, 0.5, 0.0, -0.309017, 0.5, 0.809017, 0.0, -0.5, -0.809017, 0.309017, 0.0, 0.0, 0.0, 0.0, 1.0 ], [ 0.809017, 0.309017, -0.5, 0.0, -0.309017, -0.5, -0.809017, 0.0, -0.5, 0.809017, -0.309017, 0.0, 0.0, 0.0, 0.0, 1.0 ], [ 0.5, -0.809017, 0.309017, 0.0, -0.809017, -0.309017, 0.5, 0.0, -0.309017, -0.5, -0.809017, 0.0, 0.0, 0.0, 0.0, 1.0 ], [ 0.309017, 0.5, 0.809017, 0.0, -0.5, 0.809017, -0.309017, 0.0, -0.809017, -0.309017, 0.5, 0.0, 0.0, 0.0, 0.0, 1.0 ], [ -1.0, 0.0, 0.0, 0.0, 0.0, -1.0, 0.0, 0.0, 0.0, 0.0, 1.0, 0.0, 0.0, 0.0, 0.0, 1.0 ], [ 0.0, 0.0, -1.0, 0.0, -1.0, 0.0, 0.0, 0.0, 0.0, 1.0, 0.0, 0.0, 0.0, 0.0, 0.0, 1.0 ], [ 0.0, -1.0, 0.0, 0.0, 0.0, 0.0, -1.0, 0.0, 1.0, 0.0, 0.0, 0.0, 0.0, 0.0, 0.0, 1.0 ], [ -0.809017, -0.309017, -0.5, 0.0, -0.309017, -0.5, 0.809017, 0.0, -0.5, 0.809017, 0.309017, 0.0, 0.0, 0.0, 0.0, 1.0 ], [ 0.5, -0.809017, -0.309017, 0.0, -0.809017, -0.309017, -0.5, 0.0, 0.309017, 0.5, -0.809017, 0.0, 0.0, 0.0, 0.0, 1.0 ], [ -0.309017, -0.5, 0.809017, 0.0, 0.5, -0.809017, -0.309017, 0.0, 0.809017, 0.309017, 0.5, 0.0, 0.0, 0.0, 0.0, 1.0 ], [ -0.5, -0.809017, -0.309017, 0.0, -0.809017, 0.309017, 0.5, 0.0, -0.309017, 0.5, -0.809017, 0.0, 0.0, 0.0, 0.0, 1.0 ], [ 0.309017, -0.5, 0.809017, 0.0, -0.5, -0.809017, -0.309017, 0.0, 0.809017, -0.309017, -0.5, 0.0, 0.0, 0.0, 0.0, 1.0 ], [ -0.809017, 0.309017, 0.5, 0.0, 0.309017, -0.5, 0.809017, 0.0, 0.5, 0.809017, 0.309017, 0.0, 0.0, 0.0, 0.0, 1.0 ], [ -0.5, -0.809017, 0.309017, 0.0, -0.809017, 0.309017, -0.5, 0.0, 0.309017, -0.5, -0.809017, 0.0, 0.0, 0.0, 0.0, 1.0 ], [ -0.309017, 0.5, 0.809017, 0.0, -0.5, -0.809017, 0.309017, 0.0, 0.809017, -0.309017, 0.5, 0.0, 0.0, 0.0, 0.0, 1.0 ], [ -0.809017, 0.309017, -0.5, 0.0, -0.309017, 0.5, 0.809017, 0.0, 0.5, 0.809017, -0.309017, 0.0, 0.0, 0.0, 0.0, 1.0 ], [ -0.809017, -0.309017, 0.5, 0.0, -0.309017, -0.5, -0.809017, 0.0, 0.5, -0.809017, 0.309017, 0.0, 0.0, 0.0, 0.0, 1.0 ], [ -0.5, 0.809017, -0.309017, 0.0, -0.809017, -0.309017, 0.5, 0.0, 0.309017, 0.5, 0.809017, 0.0, 0.0, 0.0, 0.0, 1.0 ], [ -0.309017, -0.5, -0.809017, 0.0, -0.5, 0.809017, -0.309017, 0.0, 0.809017, 0.309017, -0.5, 0.0, 0.0, 0.0, 0.0, 1.0 ], [ -1.0, 0.0, 0.0, 0.0, 0.0, 1.0, 0.0, 0.0, 0.0, 0.0, -1.0, 0.0, 0.0, 0.0, 0.0, 1.0 ], [ 0.0, 0.0, -1.0, 0.0, 1.0, 0.0, 0.0, 0.0, 0.0, -1.0, 0.0, 0.0, 0.0, 0.0, 0.0, 1.0 ], [ 0.0, -1.0, 0.0, 0.0, 0.0, 0.0, 1.0, 0.0, -1.0, 0.0, 0.0, 0.0, 0.0, 0.0, 0.0, 1.0 ], [ -0.809017, -0.309017, -0.5, 0.0, 0.309017, 0.5, -0.809017, 0.0, 0.5, -0.809017, -0.309017, 0.0, 0.0, 0.0, 0.0, 1.0 ], [ 0.5, -0.809017, -0.309017, 0.0, 0.809017, 0.309017, 0.5, 0.0, -0.309017, -0.5, 0.809017, 0.0, 0.0, 0.0, 0.0, 1.0 ], [ -0.309017, -0.5, 0.809017, 0.0, -0.5, 0.809017, 0.309017, 0.0, -0.809017, -0.309017, -0.5, 0.0, 0.0, 0.0, 0.0, 1.0 ], [ -0.5, -0.809017, -0.309017, 0.0, 0.809017, -0.309017, -0.5, 0.0, 0.309017, -0.5, 0.809017, 0.0, 0.0, 0.0, 0.0, 1.0 ], [ 0.309017, -0.5, 0.809017, 0.0, 0.5, 0.809017, 0.309017, 0.0, -0.809017, 0.309017, 0.5, 0.0, 0.0, 0.0, 0.0, 1.0 ], [ -0.809017, 0.309017, 0.5, 0.0, -0.309017, 0.5, -0.809017, 0.0, -0.5, -0.809017, -0.309017, 0.0, 0.0, 0.0, 0.0, 1.0 ], [ -0.5, -0.809017, 0.309017, 0.0, 0.809017, -0.309017, 0.5, 0.0, -0.309017, 0.5, 0.809017, 0.0, 0.0, 0.0, 0.0, 1.0 ], [ -0.309017, 0.5, 0.809017, 0.0, 0.5, 0.809017, -0.309017, 0.0, -0.809017, 0.309017, -0.5, 0.0, 0.0, 0.0, 0.0, 1.0 ], [ -0.809017, 0.309017, -0.5, 0.0, 0.309017, -0.5, -0.809017, 0.0, -0.5, -0.809017, 0.309017, 0.0, 0.0, 0.0, 0.0, 1.0 ], [ -0.809017, -0.309017, 0.5, 0.0, 0.309017, 0.5, 0.809017, 0.0, -0.5, 0.809017, -0.309017, 0.0, 0.0, 0.0, 0.0, 1.0 ], [ -0.5, 0.809017, -0.309017, 0.0, 0.809017, 0.309017, -0.5, 0.0, -0.309017, -0.5, -0.809017, 0.0, 0.0, 0.0, 0.0, 1.0 ], [ -0.309017, -0.5, -0.809017, 0.0, 0.5, -0.809017, 0.309017, 0.0, -0.809017, -0.309017, 0.5, 0.0, 0.0, 0.0, 0.0, 1.0 ] ],
  "lights" : {
    "directionalLights" : [ {
      "direction" : [ 1.0, -1.0, -1.0 ],
      "color" : "#EBEBE4"
    }, {
      "direction" : [ -1.0, 0.0, 0.0 ],
      "color" : "#E4E4EB"
    }, {
      "direction" : [ 0.0, 0.0, -1.0 ],
      "color" : "#1E1E1E"
    } ],
    "ambientColor" : "#292929",
    "backgroundColor" : "#AFC8DC"
  },
  "camera" : {
    "position" : {
      "x" : 121.95007,
      "y" : -61.120594,
      "z" : -236.29059
    },
    "width" : 122.777245,
    "perspective" : true,
    "lookDirectionRV" : {
      "x" : -0.44696823,
      "y" : 0.2240176,
      "z" : 0.86604613,
      "zero" : false
    },
    "fieldOfView" : 0.44262883,
    "viewDistance" : 272.83835,
    "upDirectionRV" : {
      "x" : 0.024954565,
      "y" : 0.97088045,
      "z" : -0.23825578,
      "zero" : false
    },
    "lookAtPointRV" : {
      "x" : 0.0,
      "y" : 0.0,
      "z" : 0.0,
      "zero" : true
    },
    "nearClipDistance" : 0.6820961,
    "lookDirection" : {
      "x" : -0.44696823,
      "y" : 0.2240176,
      "z" : 0.86604613
    },
    "upDirection" : {
      "x" : 0.024954565,
      "y" : 0.97088045,
      "z" : -0.23825578
    },
    "lookAtPoint" : {
      "x" : 0.0,
      "y" : 0.0,
      "z" : 0.0
    },
    "stereo" : false,
    "farClipDistance" : 545.67645
  },
  "embedding" : [ 1.0, 0.0, 0.0, 0.0, 0.0, 1.0, 0.0, 0.0, 0.0, 0.0, 1.0, 0.0, 0.0, 0.0, 0.0, 1.0 ],
  "shapes" : [ {
    "id" : "6bc6b8a6-b88a-4899-b45f-d3653e4e4a2a",
    "name" : "ball",
    "vertices" : [ {
      "x" : 0.309017,
      "y" : -0.809017,
      "z" : 0.618034
    }, {
      "x" : 0.809017,
      "y" : -0.618034,
      "z" : 0.309017
    }, {
      "x" : 0.618034,
      "y" : -0.309017,
      "z" : 0.809017
    }, {
      "x" : 1.0,
      "y" : 0.309017,
      "z" : 0.19098301
    }, {
      "x" : 0.809017,
      "y" : 0.618034,
      "z" : 0.309017
    }, {
      "x" : 0.618034,
      "y" : 0.309017,
      "z" : 0.809017
    }, {
      "x" : 0.809017,
      "y" : 0.0,
      "z" : 0.690983
    }, {
      "x" : 0.19098301,
      "y" : -1.0,
      "z" : 0.309017
    }, {
      "x" : -0.19098301,
      "y" : -1.0,
      "z" : 0.309017
    }, {
      "x" : -0.19098301,
      "y" : -1.0,
      "z" : -0.309017
    }, {
      "x" : 0.19098301,
      "y" : -1.0,
      "z" : -0.309017
    }, {
      "x" : 1.0,
      "y" : -0.309017,
      "z" : -0.19098301
    }, {
      "x" : 0.809017,
      "y" : -0.618034,
      "z" : -0.309017
    }, {
      "x" : 0.618034,
      "y" : -0.309017,
      "z" : -0.809017
    }, {
      "x" : 0.809017,
      "y" : 0.0,
      "z" : -0.690983
    }, {
      "x" : 0.0,
      "y" : 0.690983,
      "z" : -0.809017
    }, {
      "x" : 0.309017,
      "y" : 0.809017,
      "z" : -0.618034
    }, {
      "x" : 0.618034,
      "y" : 0.309017,
      "z" : -0.809017
    }, {
      "x" : 0.309017,
      "y" : 0.19098301,
      "z" : -1.0
    }, {
      "x" : 1.0,
      "y" : 0.309017,
      "z" : -0.19098301
    }, {
      "x" : -0.309017,
      "y" : -0.809017,
      "z" : 0.618034
    }, {
      "x" : 0.0,
      "y" : -0.690983,
      "z" : 0.809017
    }, {
      "x" : 0.809017,
      "y" : 0.618034,
      "z" : -0.309017
    }, {
      "x" : 0.690983,
      "y" : 0.809017,
      "z" : 0.0
    }, {
      "x" : -0.690983,
      "y" : 0.809017,
      "z" : 0.0
    }, {
      "x" : -0.809017,
      "y" : 0.618034,
      "z" : 0.309017
    }, {
      "x" : -0.309017,
      "y" : 0.809017,
      "z" : 0.618034
    }, {
      "x" : -0.19098301,
      "y" : 1.0,
      "z" : 0.309017
    }, {
      "x" : 0.309017,
      "y" : -0.19098301,
      "z" : -1.0
    }, {
      "x" : 0.19098301,
      "y" : 1.0,
      "z" : 0.309017
    }, {
      "x" : 0.309017,
      "y" : 0.809017,
      "z" : 0.618034
    }, {
      "x" : -0.809017,
      "y" : -0.618034,
      "z" : 0.309017
    }, {
      "x" : -0.690983,
      "y" : -0.809017,
      "z" : 0.0
    }, {
      "x" : 0.0,
      "y" : 0.690983,
      "z" : 0.809017
    }, {
      "x" : 0.309017,
      "y" : -0.809017,
      "z" : -0.618034
    }, {
      "x" : 0.0,
      "y" : -0.690983,
      "z" : -0.809017
    }, {
      "x" : -1.0,
      "y" : 0.309017,
      "z" : 0.19098301
    }, {
      "x" : -0.809017,
      "y" : 0.0,
      "z" : 0.690983
    }, {
      "x" : -0.618034,
      "y" : 0.309017,
      "z" : 0.809017
    }, {
      "x" : 1.0,
      "y" : -0.309017,
      "z" : 0.19098301
    }, {
      "x" : -0.309017,
      "y" : -0.809017,
      "z" : -0.618034
    }, {
      "x" : -1.0,
      "y" : 0.309017,
      "z" : -0.19098301
    }, {
      "x" : -1.0,
      "y" : -0.309017,
      "z" : -0.19098301
    }, {
      "x" : -1.0,
      "y" : -0.309017,
      "z" : 0.19098301
    }, {
      "x" : 0.19098301,
      "y" : 1.0,
      "z" : -0.309017
    }, {
      "x" : -0.809017,
      "y" : 0.618034,
      "z" : -0.309017
    }, {
      "x" : -0.19098301,
      "y" : 1.0,
      "z" : -0.309017
    }, {
      "x" : -0.309017,
      "y" : 0.809017,
      "z" : -0.618034
    }, {
      "x" : -0.618034,
      "y" : -0.309017,
      "z" : 0.809017
    }, {
      "x" : 0.309017,
      "y" : 0.19098301,
      "z" : 1.0
    }, {
      "x" : -0.309017,
      "y" : 0.19098301,
      "z" : -1.0
    }, {
      "x" : -0.309017,
      "y" : 0.19098301,
      "z" : 1.0
    }, {
      "x" : -0.309017,
      "y" : -0.19098301,
      "z" : 1.0
    }, {
      "x" : 0.309017,
      "y" : -0.19098301,
      "z" : 1.0
    }, {
      "x" : 0.690983,
      "y" : -0.809017,
      "z" : 0.0
    }, {
      "x" : -0.809017,
      "y" : 0.0,
      "z" : -0.690983
    }, {
      "x" : -0.618034,
      "y" : -0.309017,
      "z" : -0.809017
    }, {
      "x" : -0.309017,
      "y" : -0.19098301,
      "z" : -1.0
    }, {
      "x" : -0.618034,
      "y" : 0.309017,
      "z" : -0.809017
    }, {
      "x" : -0.809017,
      "y" : -0.618034,
      "z" : -0.309017
    } ],
    "faces" : [ {
      "vertices" : [ 9, 40, 35, 34, 10 ]
    }, {
      "vertices" : [ 0, 1, 2 ]
    }, {
      "vertices" : [ 33, 51, 49 ]
    }, {
      "vertices" : [ 25, 36, 37, 38 ]
    }, {
      "vertices" : [ 41, 55, 42 ]
    }, {
      "vertices" : [ 9, 32, 59, 40 ]
    }, {
      "vertices" : [ 20, 21, 52, 48 ]
    }, {
      "vertices" : [ 26, 33, 30, 29, 27 ]
    }, {
      "vertices" : [ 3, 4, 5, 6 ]
    }, {
      "vertices" : [ 27, 29, 44, 46 ]
    }, {
      "vertices" : [ 50, 57, 56, 55, 58 ]
    }, {
      "vertices" : [ 26, 38, 51, 33 ]
    }, {
      "vertices" : [ 45, 47, 58 ]
    }, {
      "vertices" : [ 18, 28, 57, 50 ]
    }, {
      "vertices" : [ 40, 59, 56 ]
    }, {
      "vertices" : [ 31, 48, 37, 43 ]
    }, {
      "vertices" : [ 7, 8, 9, 10 ]
    }, {
      "vertices" : [ 36, 41, 42, 43 ]
    }, {
      "vertices" : [ 24, 46, 47, 45 ]
    }, {
      "vertices" : [ 4, 30, 5 ]
    }, {
      "vertices" : [ 15, 47, 46, 44, 16 ]
    }, {
      "vertices" : [ 15, 50, 58, 47 ]
    }, {
      "vertices" : [ 24, 45, 41, 36, 25 ]
    }, {
      "vertices" : [ 11, 14, 19 ]
    }, {
      "vertices" : [ 3, 6, 39 ]
    }, {
      "vertices" : [ 1, 39, 6, 2 ]
    }, {
      "vertices" : [ 8, 32, 9 ]
    }, {
      "vertices" : [ 11, 12, 13, 14 ]
    }, {
      "vertices" : [ 16, 22, 17 ]
    }, {
      "vertices" : [ 0, 21, 20, 8, 7 ]
    }, {
      "vertices" : [ 12, 34, 13 ]
    }, {
      "vertices" : [ 35, 40, 56, 57 ]
    }, {
      "vertices" : [ 0, 7, 54, 1 ]
    }, {
      "vertices" : [ 15, 16, 17, 18 ]
    }, {
      "vertices" : [ 3, 19, 22, 23, 4 ]
    }, {
      "vertices" : [ 7, 10, 54 ]
    }, {
      "vertices" : [ 41, 45, 58, 55 ]
    }, {
      "vertices" : [ 3, 39, 11, 19 ]
    }, {
      "vertices" : [ 14, 17, 22, 19 ]
    }, {
      "vertices" : [ 0, 2, 53, 21 ]
    }, {
      "vertices" : [ 49, 51, 52, 53 ]
    }, {
      "vertices" : [ 31, 43, 42, 59, 32 ]
    }, {
      "vertices" : [ 15, 18, 50 ]
    }, {
      "vertices" : [ 42, 55, 56, 59 ]
    }, {
      "vertices" : [ 4, 23, 29, 30 ]
    }, {
      "vertices" : [ 25, 38, 26 ]
    }, {
      "vertices" : [ 13, 28, 18, 17, 14 ]
    }, {
      "vertices" : [ 8, 20, 31, 32 ]
    }, {
      "vertices" : [ 23, 44, 29 ]
    }, {
      "vertices" : [ 24, 27, 46 ]
    }, {
      "vertices" : [ 37, 48, 52, 51, 38 ]
    }, {
      "vertices" : [ 20, 48, 31 ]
    }, {
      "vertices" : [ 24, 25, 26, 27 ]
    }, {
      "vertices" : [ 16, 44, 23, 22 ]
    }, {
      "vertices" : [ 13, 34, 35, 28 ]
    }, {
      "vertices" : [ 10, 34, 12, 54 ]
    }, {
      "vertices" : [ 2, 6, 5, 49, 53 ]
    }, {
      "vertices" : [ 36, 43, 37 ]
    }, {
      "vertices" : [ 5, 30, 33, 49 ]
    }, {
      "vertices" : [ 1, 54, 12, 11, 39 ]
    }, {
      "vertices" : [ 28, 35, 57 ]
    }, {
      "vertices" : [ 21, 53, 52 ]
    } ]
  }, {
    "id" : "1e35f571-2f5d-4649-aac8-1834ab5b0f26",
    "orbit" : "blue",
    "orbitC" : "[[0,0,1],[0,0,1]]",
    "length" : "[1,0,1]",
    "name" : "b1",
    "vertices" : [ {
      "x" : 7.472136,
      "y" : 0.309017,
      "z" : 0.19098301
    }, {
      "x" : 7.472136,
      "y" : 0.309017,
      "z" : -0.19098301
    }, {
      "x" : 1.0,
      "y" : 0.309017,
      "z" : -0.19098301
    }, {
      "x" : 1.0,
      "y" : 0.309017,
      "z" : 0.19098301
    }, {
      "x" : 7.472136,
      "y" : -0.309017,
      "z" : 0.19098301
    }, {
      "x" : 1.0,
      "y" : -0.309017,
      "z" : 0.19098301
    }, {
      "x" : 1.0,
      "y" : -0.309017,
      "z" : -0.19098301
    }, {
      "x" : 7.472136,
      "y" : -0.309017,
      "z" : -0.19098301
    }, {
      "x" : 8.472136,
      "y" : 0.0,
      "z" : 0.0
    } ],
    "faces" : [ {
      "vertices" : [ 1, 7, 6, 2 ]
    }, {
      "vertices" : [ 0, 1, 2, 3 ]
    }, {
      "vertices" : [ 4, 5, 6, 7 ]
    }, {
      "vertices" : [ 0, 3, 5, 4 ]
    } ]
  }, {
    "id" : "710fc387-2182-45b5-b3a2-7e68326fd2db",
    "vertices" : [ {
      "x" : 0.0,
      "y" : 0.0,
      "z" : 0.0
    }, {
      "x" : -2.618034,
      "y" : -4.236068,
      "z" : -6.854102
    }, {
      "x" : -2.618034,
      "y" : 4.236068,
      "z" : -6.854102
    } ],
    "faces" : [ {
      "vertices" : [ 0, 1, 2 ]
    }, {
      "vertices" : [ 0, 2, 1 ]
    } ]
  }, {
    "id" : "6794e40b-c121-4d2a-8b5c-e598b7ad6153",
    "vertices" : [ {
      "x" : 0.0,
      "y" : 0.0,
      "z" : 0.0
    }, {
      "x" : 2.618034,
      "y" : -4.236068,
      "z" : 6.854102
    }, {
      "x" : 0.0,
      "y" : -8.472136,
      "z" : 0.0
    } ],
    "faces" : [ {
      "vertices" : [ 0, 1, 2 ]
    }, {
      "vertices" : [ 0, 2, 1 ]
    } ]
  }, {
    "id" : "001475e9-868f-4b78-a82a-a2f310bcde7c",
    "vertices" : [ {
      "x" : 0.0,
      "y" : 0.0,
      "z" : 0.0
    }, {
      "x" : 0.0,
      "y" : 8.472136,
      "z" : 0.0
    }, {
      "x" : 2.618034,
      "y" : 4.236068,
      "z" : 6.854102
    } ],
    "faces" : [ {
      "vertices" : [ 0, 1, 2 ]
    }, {
      "vertices" : [ 0, 2, 1 ]
    } ]
  }, {
    "id" : "991b36a4-2b41-4508-88a0-f2f7a63deb6f",
    "vertices" : [ {
      "x" : 0.0,
      "y" : 0.0,
      "z" : 0.0
    }, {
      "x" : 0.0,
      "y" : 8.472136,
      "z" : 0.0
    }, {
      "x" : 0.0,
      "y" : 8.472136,
      "z" : 8.472136
    }, {
      "x" : 0.0,
      "y" : 0.0,
      "z" : 8.472136
    } ],
    "faces" : [ {
      "vertices" : [ 0, 1, 2, 3 ]
    }, {
      "vertices" : [ 0, 3, 2, 1 ]
    } ]
  }, {
    "id" : "2a6f8921-8c12-4e43-ade0-5f2db1e7826d",
    "vertices" : [ {
      "x" : 0.0,
      "y" : 0.0,
      "z" : 0.0
    }, {
      "x" : 0.0,
      "y" : 0.0,
      "z" : -8.472136
    }, {
      "x" : 0.0,
      "y" : 8.472136,
      "z" : -8.472136
    }, {
      "x" : 0.0,
      "y" : 8.472136,
      "z" : 0.0
    } ],
    "faces" : [ {
      "vertices" : [ 0, 1, 2, 3 ]
    }, {
      "vertices" : [ 0, 3, 2, 1 ]
    } ]
  }, {
    "id" : "5df32af8-73ab-490f-9b98-2a82a7290c72",
    "vertices" : [ {
      "x" : 0.0,
      "y" : 0.0,
      "z" : 0.0
    }, {
      "x" : 0.0,
      "y" : -8.472136,
      "z" : 0.0
    }, {
      "x" : 0.0,
      "y" : -8.472136,
      "z" : -8.472136
    }, {
      "x" : 0.0,
      "y" : 0.0,
      "z" : -8.472136
    } ],
    "faces" : [ {
      "vertices" : [ 0, 1, 2, 3 ]
    }, {
      "vertices" : [ 0, 3, 2, 1 ]
    } ]
  }, {
    "id" : "25e1e22e-1e4a-4fd2-b4ad-fd395a435506",
    "vertices" : [ {
      "x" : 0.0,
      "y" : 0.0,
      "z" : 0.0
    }, {
      "x" : 0.0,
      "y" : 0.0,
      "z" : 8.472136
    }, {
      "x" : 0.0,
      "y" : -8.472136,
      "z" : 8.472136
    }, {
      "x" : 0.0,
      "y" : -8.472136,
      "z" : 0.0
    } ],
    "faces" : [ {
      "vertices" : [ 0, 1, 2, 3 ]
    }, {
      "vertices" : [ 0, 3, 2, 1 ]
    } ]
  }, {
    "id" : "1f24e101-00ac-43ac-ac19-cd33e2404565",
    "vertices" : [ {
      "x" : 0.0,
      "y" : 0.0,
      "z" : 0.0
    }, {
      "x" : -2.618034,
      "y" : 4.236068,
      "z" : -6.854102
    }, {
      "x" : 0.0,
      "y" : 8.472136,
      "z" : 0.0
    } ],
    "faces" : [ {
      "vertices" : [ 0, 1, 2 ]
    }, {
      "vertices" : [ 0, 2, 1 ]
    } ]
  }, {
    "id" : "2798835f-2e66-4eb0-ae24-cee63791b0e4",
    "vertices" : [ {
      "x" : 0.0,
      "y" : 0.0,
      "z" : 0.0
    }, {
      "x" : 2.618034,
      "y" : 4.236068,
      "z" : 6.854102
    }, {
      "x" : 5.236068,
      "y" : 0.0,
      "z" : 13.708204
    }, {
      "x" : 5.236068,
      "y" : -8.472136,
      "z" : 13.708204
    }, {
      "x" : 2.618034,
      "y" : -12.708204,
      "z" : 6.854102
    }, {
      "x" : 0.0,
      "y" : -8.472136,
      "z" : 0.0
    } ],
    "faces" : [ {
      "vertices" : [ 0, 1, 2, 3, 4, 5 ]
    }, {
      "vertices" : [ 0, 5, 4, 3, 2, 1 ]
    } ]
  }, {
    "id" : "97c1eae1-60f8-45da-8539-bc545d363539",
    "vertices" : [ {
      "x" : 0.0,
      "y" : 0.0,
      "z" : 0.0
    }, {
      "x" : -2.618034,
      "y" : -4.236068,
      "z" : -6.854102
    }, {
      "x" : -5.236068,
      "y" : 0.0,
      "z" : -13.708204
    }, {
      "x" : -5.236068,
      "y" : 8.472136,
      "z" : -13.708204
    }, {
      "x" : -2.618034,
      "y" : 12.708204,
      "z" : -6.854102
    }, {
      "x" : 0.0,
      "y" : 8.472136,
      "z" : 0.0
    } ],
    "faces" : [ {
      "vertices" : [ 0, 1, 2, 3, 4, 5 ]
    }, {
      "vertices" : [ 0, 5, 4, 3, 2, 1 ]
    } ]
  }, {
    "id" : "1768ffe2-c935-4d27-9cf9-cea0ed41d9af",
    "vertices" : [ {
      "x" : 0.0,
      "y" : 0.0,
      "z" : 0.0
    }, {
      "x" : 0.0,
      "y" : -8.472136,
      "z" : 0.0
    }, {
      "x" : -2.618034,
      "y" : -4.236068,
      "z" : -6.854102
    } ],
    "faces" : [ {
      "vertices" : [ 0, 1, 2 ]
    }, {
      "vertices" : [ 0, 2, 1 ]
    } ]
  }, {
    "id" : "027afe9a-987b-46c2-830d-0761bf3a22e8",
    "vertices" : [ {
      "x" : 0.0,
      "y" : 0.0,
      "z" : 0.0
    }, {
      "x" : 2.618034,
      "y" : 4.236068,
      "z" : 6.854102
    }, {
      "x" : 2.618034,
      "y" : -4.236068,
      "z" : 6.854102
    } ],
    "faces" : [ {
      "vertices" : [ 0, 1, 2 ]
    }, {
      "vertices" : [ 0, 2, 1 ]
    } ]
  }, {
    "id" : "b18f7aa1-f6c7-4068-ac5b-093dab9872c7",
    "vertices" : [ {
      "x" : 0.0,
      "y" : 0.0,
      "z" : 0.0
    }, {
      "x" : -2.618034,
      "y" : 4.236068,
      "z" : -6.854102
    }, {
      "x" : -2.618034,
      "y" : 12.708204,
      "z" : -6.854102
    }, {
      "x" : 0.0,
      "y" : 16.944271,
      "z" : 0.0
    }, {
      "x" : 2.618034,
      "y" : 12.708204,
      "z" : 6.854102
    }, {
      "x" : 2.618034,
      "y" : 4.236068,
      "z" : 6.854102
    } ],
    "faces" : [ {
      "vertices" : [ 0, 1, 2, 3, 4, 5 ]
    }, {
      "vertices" : [ 0, 5, 4, 3, 2, 1 ]
    } ]
  }, {
    "id" : "9790b130-8ee2-4fe5-a176-e7ace9092906",
    "vertices" : [ {
      "x" : 0.0,
      "y" : 0.0,
      "z" : 0.0
    }, {
      "x" : 2.618034,
      "y" : -4.236068,
      "z" : 6.854102
    }, {
      "x" : 2.618034,
      "y" : -12.708204,
      "z" : 6.854102
    }, {
      "x" : 0.0,
      "y" : -16.944271,
      "z" : 0.0
    }, {
      "x" : -2.618034,
      "y" : -12.708204,
      "z" : -6.854102
    }, {
      "x" : -2.618034,
      "y" : -4.236068,
      "z" : -6.854102
    } ],
    "faces" : [ {
      "vertices" : [ 0, 1, 2, 3, 4, 5 ]
    }, {
      "vertices" : [ 0, 5, 4, 3, 2, 1 ]
    } ]
  }, {
    "id" : "9240c7ee-3eb0-4c42-ad98-8430b32e5c78",
    "vertices" : [ {
      "x" : 0.0,
      "y" : 0.0,
      "z" : 0.0
    }, {
      "x" : 0.0,
      "y" : -8.472136,
      "z" : 0.0
    }, {
      "x" : -2.618034,
      "y" : -12.708204,
      "z" : -6.854102
    }, {
      "x" : -5.236068,
      "y" : -8.472136,
      "z" : -13.708204
    }, {
      "x" : -5.236068,
      "y" : 0.0,
      "z" : -13.708204
    }, {
      "x" : -2.618034,
      "y" : 4.236068,
      "z" : -6.854102
    } ],
    "faces" : [ {
      "vertices" : [ 0, 1, 2, 3, 4, 5 ]
    }, {
      "vertices" : [ 0, 5, 4, 3, 2, 1 ]
    } ]
  }, {
    "id" : "1580569f-645d-4aa1-bfef-428a687b32f2",
    "vertices" : [ {
      "x" : 0.0,
      "y" : 0.0,
      "z" : 0.0
    }, {
      "x" : 0.0,
      "y" : 8.472136,
      "z" : 0.0
    }, {
      "x" : 2.618034,
      "y" : 12.708204,
      "z" : 6.854102
    }, {
      "x" : 5.236068,
      "y" : 8.472136,
      "z" : 13.708204
    }, {
      "x" : 5.236068,
      "y" : 0.0,
      "z" : 13.708204
    }, {
      "x" : 2.618034,
      "y" : -4.236068,
      "z" : 6.854102
    } ],
    "faces" : [ {
      "vertices" : [ 0, 1, 2, 3, 4, 5 ]
    }, {
      "vertices" : [ 0, 5, 4, 3, 2, 1 ]
    } ]
  } ],
  "instances" : [ {
    "shape" : "6bc6b8a6-b88a-4899-b45f-d3653e4e4a2a",
    "color" : "#F2F2F2",
    "position" : {
      "x" : 20.562305,
      "y" : -22.18034,
      "z" : 11.09017
    }
  }, {
    "shape" : "1e35f571-2f5d-4649-aac8-1834ab5b0f26",
    "color" : "#008EC2",
    "position" : {
      "x" : 11.09017,
      "y" : -29.034441,
      "z" : -8.472136
    },
    "orientation" : 41
  }, {
    "shape" : "710fc387-2182-45b5-b3a2-7e68326fd2db",
    "color" : "#00FFFF",
    "position" : {
      "x" : 22.18034,
      "y" : -11.09017,
      "z" : -20.562305
    },
    "orientation" : 17
  }, {
    "shape" : "6bc6b8a6-b88a-4899-b45f-d3653e4e4a2a",
    "color" : "#F2F2F2",
    "position" : {
      "x" : 8.472136,
      "y" : -11.09017,
      "z" : -29.034441
    }
  }, {
    "shape" : "1e35f571-2f5d-4649-aac8-1834ab5b0f26",
    "color" : "#008EC2",
    "position" : {
      "x" : 17.944271,
      "y" : 26.416409,
      "z" : 4.236068
    },
    "orientation" : 16
  }, {
    "shape" : "1e35f571-2f5d-4649-aac8-1834ab5b0f26",
    "color" : "#008EC2",
    "position" : {
      "x" : 8.472136,
      "y" : 11.09017,
      "z" : -29.034441
    },
    "orientation" : 51
  }, {
    "shape" : "1e35f571-2f5d-4649-aac8-1834ab5b0f26",
    "color" : "#008EC2",
    "position" : {
      "x" : 17.944271,
      "y" : 4.236068,
      "z" : -4.236068
    },
    "orientation" : 11
  }, {
    "shape" : "6bc6b8a6-b88a-4899-b45f-d3653e4e4a2a",
    "color" : "#F2F2F2",
    "position" : {
      "x" : 4.236068,
      "y" : 17.944271,
      "z" : -17.944271
    }
  }, {
    "shape" : "6bc6b8a6-b88a-4899-b45f-d3653e4e4a2a",
    "color" : "#F2F2F2",
    "position" : {
      "x" : 6.854102,
      "y" : 0.0,
      "z" : 24.798374
    }
  }, {
    "shape" : "6bc6b8a6-b88a-4899-b45f-d3653e4e4a2a",
    "color" : "#F2F2F2",
    "position" : {
      "x" : 17.944271,
      "y" : -26.416409,
      "z" : 4.236068
    }
  }, {
    "shape" : "6bc6b8a6-b88a-4899-b45f-d3653e4e4a2a",
    "color" : "#F2F2F2",
    "position" : {
      "x" : -17.944271,
      "y" : -17.944271,
      "z" : 4.236068
    }
  }, {
    "shape" : "6bc6b8a6-b88a-4899-b45f-d3653e4e4a2a",
    "color" : "#F2F2F2",
    "position" : {
      "x" : -11.09017,
      "y" : -20.562305,
      "z" : 22.18034
    }
  }, {
    "shape" : "6bc6b8a6-b88a-4899-b45f-d3653e4e4a2a",
    "color" : "#F2F2F2",
    "position" : {
      "x" : -17.944271,
      "y" : -4.236068,
      "z" : 4.236068
    }
  }, {
    "shape" : "6bc6b8a6-b88a-4899-b45f-d3653e4e4a2a",
    "color" : "#F2F2F2",
    "position" : {
      "x" : -4.236068,
      "y" : -4.236068,
      "z" : -31.652475
    }
  }, {
    "shape" : "6794e40b-c121-4d2a-8b5c-e598b7ad6153",
    "color" : "#00FFFF",
    "position" : {
      "x" : 17.944271,
      "y" : -4.236068,
      "z" : -4.236068
    },
    "orientation" : 16
  }, {
    "shape" : "1e35f571-2f5d-4649-aac8-1834ab5b0f26",
    "color" : "#008EC2",
    "position" : {
      "x" : 0.0,
      "y" : -11.09017,
      "z" : -15.326238
    },
    "orientation" : 41
  }, {
    "shape" : "1e35f571-2f5d-4649-aac8-1834ab5b0f26",
    "color" : "#008EC2",
    "position" : {
      "x" : -22.18034,
      "y" : -11.09017,
      "z" : -20.562305
    },
    "orientation" : 51
  }, {
    "shape" : "001475e9-868f-4b78-a82a-a2f310bcde7c",
    "color" : "#00FFFF",
    "position" : {
      "x" : 17.944271,
      "y" : 4.236068,
      "z" : -4.236068
    },
    "orientation" : 4
  }, {
    "shape" : "1e35f571-2f5d-4649-aac8-1834ab5b0f26",
    "color" : "#008EC2",
    "position" : {
      "x" : 22.18034,
      "y" : -11.09017,
      "z" : 20.562305
    },
    "orientation" : 54
  }, {
    "shape" : "1e35f571-2f5d-4649-aac8-1834ab5b0f26",
    "color" : "#008EC2",
    "position" : {
      "x" : -20.562305,
      "y" : -22.18034,
      "z" : 11.09017
    },
    "orientation" : 52
  }, {
    "shape" : "1e35f571-2f5d-4649-aac8-1834ab5b0f26",
    "color" : "#008EC2",
    "position" : {
      "x" : -17.944271,
      "y" : 4.236068,
      "z" : -4.236068
    },
    "orientation" : 16
  }, {
    "shape" : "1e35f571-2f5d-4649-aac8-1834ab5b0f26",
    "color" : "#008EC2",
    "position" : {
      "x" : -4.236068,
      "y" : -4.236068,
      "z" : -31.652475
    },
    "orientation" : 39
  }, {
    "shape" : "1e35f571-2f5d-4649-aac8-1834ab5b0f26",
    "color" : "#008EC2",
    "position" : {
      "x" : -13.708204,
      "y" : -11.09017,
      "z" : 6.854102
    },
    "orientation" : 54
  }, {
    "shape" : "1e35f571-2f5d-4649-aac8-1834ab5b0f26",
    "color" : "#008EC2",
    "position" : {
      "x" : -15.326238,
      "y" : 0.0,
      "z" : 11.09017
    },
    "orientation" : 9
  }, {
    "shape" : "1e35f571-2f5d-4649-aac8-1834ab5b0f26",
    "color" : "#008EC2",
    "position" : {
      "x" : 4.236068,
      "y" : 4.236068,
      "z" : -17.944271
    },
    "orientation" : 16
  }, {
    "shape" : "1e35f571-2f5d-4649-aac8-1834ab5b0f26",
    "color" : "#008EC2",
    "position" : {
      "x" : 6.854102,
      "y" : -22.18034,
      "z" : -11.09017
    },
    "orientation" : 1
  }, {
    "shape" : "991b36a4-2b41-4508-88a0-f2f7a63deb6f",
    "color" : "#00FFFF",
    "position" : {
      "x" : -11.09017,
      "y" : -6.854102,
      "z" : 13.708204
    },
    "orientation" : 40
  }, {
    "shape" : "1e35f571-2f5d-4649-aac8-1834ab5b0f26",
    "color" : "#008EC2",
    "position" : {
      "x" : -17.944271,
      "y" : 4.236068,
      "z" : -17.944271
    },
    "orientation" : 37
  }, {
    "shape" : "1e35f571-2f5d-4649-aac8-1834ab5b0f26",
    "color" : "#008EC2",
    "position" : {
      "x" : 24.798374,
      "y" : -15.326238,
      "z" : -13.708204
    },
    "orientation" : 9
  }, {
    "shape" : "6bc6b8a6-b88a-4899-b45f-d3653e4e4a2a",
    "color" : "#F2F2F2",
    "position" : {
      "x" : 11.09017,
      "y" : -20.562305,
      "z" : 22.18034
    }
  }, {
    "shape" : "6bc6b8a6-b88a-4899-b45f-d3653e4e4a2a",
    "color" : "#F2F2F2",
    "position" : {
      "x" : 4.236068,
      "y" : 17.944271,
      "z" : 17.944271
    }
  }, {
    "shape" : "001475e9-868f-4b78-a82a-a2f310bcde7c",
    "color" : "#00FFFF",
    "position" : {
      "x" : 13.708204,
      "y" : -24.798374,
      "z" : 15.326238
    },
    "orientation" : 39
  }, {
    "shape" : "6bc6b8a6-b88a-4899-b45f-d3653e4e4a2a",
    "color" : "#F2F2F2",
    "position" : {
      "x" : -6.854102,
      "y" : -22.18034,
      "z" : -11.09017
    }
  }, {
    "shape" : "6bc6b8a6-b88a-4899-b45f-d3653e4e4a2a",
    "color" : "#F2F2F2",
    "position" : {
      "x" : 22.18034,
      "y" : 11.09017,
      "z" : 6.854102
    }
  }, {
    "shape" : "1e35f571-2f5d-4649-aac8-1834ab5b0f26",
    "color" : "#008EC2",
    "position" : {
      "x" : 11.09017,
      "y" : 6.854102,
      "z" : 13.708204
    },
    "orientation" : 8
  }, {
    "shape" : "001475e9-868f-4b78-a82a-a2f310bcde7c",
    "color" : "#00FFFF",
    "position" : {
      "x" : -22.18034,
      "y" : 11.09017,
      "z" : -20.562305
    },
    "orientation" : 22
  }, {
    "shape" : "1e35f571-2f5d-4649-aac8-1834ab5b0f26",
    "color" : "#008EC2",
    "position" : {
      "x" : -29.034441,
      "y" : -8.472136,
      "z" : -11.09017
    },
    "orientation" : 24
  }, {
    "shape" : "1e35f571-2f5d-4649-aac8-1834ab5b0f26",
    "color" : "#008EC2",
    "position" : {
      "x" : -4.236068,
      "y" : 17.944271,
      "z" : 4.236068
    },
    "orientation" : 53
  }, {
    "shape" : "1e35f571-2f5d-4649-aac8-1834ab5b0f26",
    "color" : "#008EC2",
    "position" : {
      "x" : 4.236068,
      "y" : 17.944271,
      "z" : -17.944271
    },
    "orientation" : 37
  }, {
    "shape" : "1e35f571-2f5d-4649-aac8-1834ab5b0f26",
    "color" : "#008EC2",
    "position" : {
      "x" : 26.416409,
      "y" : 4.236068,
      "z" : -17.944271
    },
    "orientation" : 45
  }, {
    "shape" : "6bc6b8a6-b88a-4899-b45f-d3653e4e4a2a",
    "color" : "#F2F2F2",
    "position" : {
      "x" : 17.944271,
      "y" : 4.236068,
      "z" : -17.944271
    }
  }, {
    "shape" : "2a6f8921-8c12-4e43-ade0-5f2db1e7826d",
    "color" : "#00FFFF",
    "position" : {
      "x" : -4.236068,
      "y" : 4.236068,
      "z" : 17.944271
    },
    "orientation" : 2
  }, {
    "shape" : "1e35f571-2f5d-4649-aac8-1834ab5b0f26",
    "color" : "#008EC2",
    "position" : {
      "x" : 11.09017,
      "y" : 29.034441,
      "z" : 8.472136
    },
    "orientation" : 56
  }, {
    "shape" : "6bc6b8a6-b88a-4899-b45f-d3653e4e4a2a",
    "color" : "#F2F2F2",
    "position" : {
      "x" : 4.236068,
      "y" : 4.236068,
      "z" : -31.652475
    }
  }, {
    "shape" : "1e35f571-2f5d-4649-aac8-1834ab5b0f26",
    "color" : "#008EC2",
    "position" : {
      "x" : 17.944271,
      "y" : -17.944271,
      "z" : 4.236068
    },
    "orientation" : 9
  }, {
    "shape" : "1e35f571-2f5d-4649-aac8-1834ab5b0f26",
    "color" : "#008EC2",
    "position" : {
      "x" : 6.854102,
      "y" : 13.708204,
      "z" : -11.09017
    },
    "orientation" : 1
  }, {
    "shape" : "6bc6b8a6-b88a-4899-b45f-d3653e4e4a2a",
    "color" : "#F2F2F2",
    "position" : {
      "x" : 11.09017,
      "y" : 6.854102,
      "z" : 22.18034
    }
  }, {
    "shape" : "1e35f571-2f5d-4649-aac8-1834ab5b0f26",
    "color" : "#008EC2",
    "position" : {
      "x" : 4.236068,
      "y" : -31.652475,
      "z" : -4.236068
    },
    "orientation" : 54
  }, {
    "shape" : "6bc6b8a6-b88a-4899-b45f-d3653e4e4a2a",
    "color" : "#F2F2F2",
    "position" : {
      "x" : -22.18034,
      "y" : -11.09017,
      "z" : -6.854102
    }
  }, {
    "shape" : "6bc6b8a6-b88a-4899-b45f-d3653e4e4a2a",
    "color" : "#F2F2F2",
    "position" : {
      "x" : -29.034441,
      "y" : -8.472136,
      "z" : -11.09017
    }
  }, {
    "shape" : "1e35f571-2f5d-4649-aac8-1834ab5b0f26",
    "color" : "#008EC2",
    "position" : {
      "x" : 4.236068,
      "y" : -4.236068,
      "z" : -31.652475
    },
    "orientation" : 10
  }, {
    "shape" : "1e35f571-2f5d-4649-aac8-1834ab5b0f26",
    "color" : "#008EC2",
    "position" : {
      "x" : -24.798374,
      "y" : 15.326238,
      "z" : 13.708204
    },
    "orientation" : 25
  }, {
    "shape" : "5df32af8-73ab-490f-9b98-2a82a7290c72",
    "color" : "#00FFFF",
    "position" : {
      "x" : 4.236068,
      "y" : 31.652475,
      "z" : 4.236068
    },
    "orientation" : 1
  }, {
    "shape" : "1e35f571-2f5d-4649-aac8-1834ab5b0f26",
    "color" : "#008EC2",
    "position" : {
      "x" : 15.326238,
      "y" : 0.0,
      "z" : -11.09017
    },
    "orientation" : 10
  }, {
    "shape" : "1e35f571-2f5d-4649-aac8-1834ab5b0f26",
    "color" : "#008EC2",
    "position" : {
      "x" : -4.236068,
      "y" : 31.652475,
      "z" : 4.236068
    },
    "orientation" : 21
  }, {
    "shape" : "6794e40b-c121-4d2a-8b5c-e598b7ad6153",
    "color" : "#00FFFF",
    "position" : {
      "x" : 0.0,
      "y" : 11.09017,
      "z" : -15.326238
    },
    "orientation" : 9
  }, {
    "shape" : "1e35f571-2f5d-4649-aac8-1834ab5b0f26",
    "color" : "#008EC2",
    "position" : {
      "x" : -15.326238,
      "y" : 0.0,
      "z" : 11.09017
    },
    "orientation" : 22
  }, {
    "shape" : "1e35f571-2f5d-4649-aac8-1834ab5b0f26",
    "color" : "#008EC2",
    "position" : {
      "x" : -4.236068,
      "y" : 17.944271,
      "z" : -26.416409
    },
    "orientation" : 36
  }, {
    "shape" : "710fc387-2182-45b5-b3a2-7e68326fd2db",
    "color" : "#00FFFF",
    "position" : {
      "x" : 0.0,
      "y" : -11.09017,
      "z" : -15.326238
    },
    "orientation" : 2
  }, {
    "shape" : "1e35f571-2f5d-4649-aac8-1834ab5b0f26",
    "color" : "#008EC2",
    "position" : {
      "x" : -17.944271,
      "y" : -17.944271,
      "z" : 4.236068
    },
    "orientation" : 23
  }, {
    "shape" : "6bc6b8a6-b88a-4899-b45f-d3653e4e4a2a",
    "color" : "#F2F2F2",
    "position" : {
      "x" : 17.944271,
      "y" : 17.944271,
      "z" : 4.236068
    }
  }, {
    "shape" : "1e35f571-2f5d-4649-aac8-1834ab5b0f26",
    "color" : "#008EC2",
    "position" : {
      "x" : -11.09017,
      "y" : 15.326238,
      "z" : 0.0
    },
    "orientation" : 23
  }, {
    "shape" : "25e1e22e-1e4a-4fd2-b4ad-fd395a435506",
    "color" : "#00FFFF",
    "position" : {
      "x" : -13.708204,
      "y" : -11.09017,
      "z" : 6.854102
    },
    "orientation" : 39
  }, {
    "shape" : "6bc6b8a6-b88a-4899-b45f-d3653e4e4a2a",
    "color" : "#F2F2F2",
    "position" : {
      "x" : -6.854102,
      "y" : 0.0,
      "z" : 24.798374
    }
  }, {
    "shape" : "6bc6b8a6-b88a-4899-b45f-d3653e4e4a2a",
    "color" : "#F2F2F2",
    "position" : {
      "x" : 11.09017,
      "y" : 29.034441,
      "z" : -8.472136
    }
  }, {
    "shape" : "1e35f571-2f5d-4649-aac8-1834ab5b0f26",
    "color" : "#008EC2",
    "position" : {
      "x" : 4.236068,
      "y" : -31.652475,
      "z" : 4.236068
    },
    "orientation" : 51
  }, {
    "shape" : "991b36a4-2b41-4508-88a0-f2f7a63deb6f",
    "color" : "#00FFFF",
    "position" : {
      "x" : -17.944271,
      "y" : -4.236068,
      "z" : 17.944271
    },
    "orientation" : 47
  }, {
    "shape" : "1e35f571-2f5d-4649-aac8-1834ab5b0f26",
    "color" : "#008EC2",
    "position" : {
      "x" : 17.944271,
      "y" : 26.416409,
      "z" : 4.236068
    },
    "orientation" : 38
  }, {
    "shape" : "1e35f571-2f5d-4649-aac8-1834ab5b0f26",
    "color" : "#008EC2",
    "position" : {
      "x" : -26.416409,
      "y" : 4.236068,
      "z" : -17.944271
    },
    "orientation" : 0
  }, {
    "shape" : "6794e40b-c121-4d2a-8b5c-e598b7ad6153",
    "color" : "#00FFFF",
    "position" : {
      "x" : 17.944271,
      "y" : -4.236068,
      "z" : -4.236068
    },
    "orientation" : 39
  }, {
    "shape" : "001475e9-868f-4b78-a82a-a2f310bcde7c",
    "color" : "#00FFFF",
    "position" : {
      "x" : 11.09017,
      "y" : 6.854102,
      "z" : -13.708204
    },
    "orientation" : 19
  }, {
    "shape" : "710fc387-2182-45b5-b3a2-7e68326fd2db",
    "color" : "#00FFFF",
    "position" : {
      "x" : -4.236068,
      "y" : -17.944271,
      "z" : -4.236068
    },
    "orientation" : 0
  }, {
    "shape" : "1e35f571-2f5d-4649-aac8-1834ab5b0f26",
