{
  "polygons" : "true",
  "field" : "golden",
  "symmetry" : "icosahedral",
  "orientations" : [ [ 1.0, 0.0, 0.0, 0.0, 0.0, 1.0, 0.0, 0.0, 0.0, 0.0, 1.0, 0.0, 0.0, 0.0, 0.0, 1.0 ], [ 0.0, 0.0, 1.0, 0.0, 1.0, 0.0, 0.0, 0.0, 0.0, 1.0, 0.0, 0.0, 0.0, 0.0, 0.0, 1.0 ], [ 0.0, 1.0, 0.0, 0.0, 0.0, 0.0, 1.0, 0.0, 1.0, 0.0, 0.0, 0.0, 0.0, 0.0, 0.0, 1.0 ], [ 0.809017, 0.309017, 0.5, 0.0, 0.309017, 0.5, -0.809017, 0.0, -0.5, 0.809017, 0.309017, 0.0, 0.0, 0.0, 0.0, 1.0 ], [ -0.5, 0.809017, 0.309017, 0.0, 0.809017, 0.309017, 0.5, 0.0, 0.309017, 0.5, -0.809017, 0.0, 0.0, 0.0, 0.0, 1.0 ], [ 0.309017, 0.5, -0.809017, 0.0, -0.5, 0.809017, 0.309017, 0.0, 0.809017, 0.309017, 0.5, 0.0, 0.0, 0.0, 0.0, 1.0 ], [ 0.5, 0.809017, 0.309017, 0.0, 0.809017, -0.309017, -0.5, 0.0, -0.309017, 0.5, -0.809017, 0.0, 0.0, 0.0, 0.0, 1.0 ], [ -0.309017, 0.5, -0.809017, 0.0, 0.5, 0.809017, 0.309017, 0.0, 0.809017, -0.309017, -0.5, 0.0, 0.0, 0.0, 0.0, 1.0 ], [ 0.809017, -0.309017, -0.5, 0.0, -0.309017, 0.5, -0.809017, 0.0, 0.5, 0.809017, 0.309017, 0.0, 0.0, 0.0, 0.0, 1.0 ], [ 0.5, 0.809017, -0.309017, 0.0, 0.809017, -0.309017, 0.5, 0.0, 0.309017, -0.5, -0.809017, 0.0, 0.0, 0.0, 0.0, 1.0 ], [ 0.309017, -0.5, -0.809017, 0.0, 0.5, 0.809017, -0.309017, 0.0, 0.809017, -0.309017, 0.5, 0.0, 0.0, 0.0, 0.0, 1.0 ], [ 0.809017, -0.309017, 0.5, 0.0, 0.309017, -0.5, -0.809017, 0.0, 0.5, 0.809017, -0.309017, 0.0, 0.0, 0.0, 0.0, 1.0 ], [ 0.809017, 0.309017, -0.5, 0.0, 0.309017, 0.5, 0.809017, 0.0, 0.5, -0.809017, 0.309017, 0.0, 0.0, 0.0, 0.0, 1.0 ], [ 0.5, -0.809017, 0.309017, 0.0, 0.809017, 0.309017, -0.5, 0.0, 0.309017, 0.5, 0.809017, 0.0, 0.0, 0.0, 0.0, 1.0 ], [ 0.309017, 0.5, 0.809017, 0.0, 0.5, -0.809017, 0.309017, 0.0, 0.809017, 0.309017, -0.5, 0.0, 0.0, 0.0, 0.0, 1.0 ], [ 1.0, 0.0, 0.0, 0.0, 0.0, -1.0, 0.0, 0.0, 0.0, 0.0, -1.0, 0.0, 0.0, 0.0, 0.0, 1.0 ], [ 0.0, 0.0, 1.0, 0.0, -1.0, 0.0, 0.0, 0.0, 0.0, -1.0, 0.0, 0.0, 0.0, 0.0, 0.0, 1.0 ], [ 0.0, 1.0, 0.0, 0.0, 0.0, 0.0, -1.0, 0.0, -1.0, 0.0, 0.0, 0.0, 0.0, 0.0, 0.0, 1.0 ], [ 0.809017, 0.309017, 0.5, 0.0, -0.309017, -0.5, 0.809017, 0.0, 0.5, -0.809017, -0.309017, 0.0, 0.0, 0.0, 0.0, 1.0 ], [ -0.5, 0.809017, 0.309017, 0.0, -0.809017, -0.309017, -0.5, 0.0, -0.309017, -0.5, 0.809017, 0.0, 0.0, 0.0, 0.0, 1.0 ], [ 0.309017, 0.5, -0.809017, 0.0, 0.5, -0.809017, -0.309017, 0.0, -0.809017, -0.309017, -0.5, 0.0, 0.0, 0.0, 0.0, 1.0 ], [ 0.5, 0.809017, 0.309017, 0.0, -0.809017, 0.309017, 0.5, 0.0, 0.309017, -0.5, 0.809017, 0.0, 0.0, 0.0, 0.0, 1.0 ], [ -0.309017, 0.5, -0.809017, 0.0, -0.5, -0.809017, -0.309017, 0.0, -0.809017, 0.309017, 0.5, 0.0, 0.0, 0.0, 0.0, 1.0 ], [ 0.809017, -0.309017, -0.5, 0.0, 0.309017, -0.5, 0.809017, 0.0, -0.5, -0.809017, -0.309017, 0.0, 0.0, 0.0, 0.0, 1.0 ], [ 0.5, 0.809017, -0.309017, 0.0, -0.809017, 0.309017, -0.5, 0.0, -0.309017, 0.5, 0.809017, 0.0, 0.0, 0.0, 0.0, 1.0 ], [ 0.309017, -0.5, -0.809017, 0.0, -0.5, -0.809017, 0.309017, 0.0, -0.809017, 0.309017, -0.5, 0.0, 0.0, 0.0, 0.0, 1.0 ], [ 0.809017, -0.309017, 0.5, 0.0, -0.309017, 0.5, 0.809017, 0.0, -0.5, -0.809017, 0.309017, 0.0, 0.0, 0.0, 0.0, 1.0 ], [ 0.809017, 0.309017, -0.5, 0.0, -0.309017, -0.5, -0.809017, 0.0, -0.5, 0.809017, -0.309017, 0.0, 0.0, 0.0, 0.0, 1.0 ], [ 0.5, -0.809017, 0.309017, 0.0, -0.809017, -0.309017, 0.5, 0.0, -0.309017, -0.5, -0.809017, 0.0, 0.0, 0.0, 0.0, 1.0 ], [ 0.309017, 0.5, 0.809017, 0.0, -0.5, 0.809017, -0.309017, 0.0, -0.809017, -0.309017, 0.5, 0.0, 0.0, 0.0, 0.0, 1.0 ], [ -1.0, 0.0, 0.0, 0.0, 0.0, -1.0, 0.0, 0.0, 0.0, 0.0, 1.0, 0.0, 0.0, 0.0, 0.0, 1.0 ], [ 0.0, 0.0, -1.0, 0.0, -1.0, 0.0, 0.0, 0.0, 0.0, 1.0, 0.0, 0.0, 0.0, 0.0, 0.0, 1.0 ], [ 0.0, -1.0, 0.0, 0.0, 0.0, 0.0, -1.0, 0.0, 1.0, 0.0, 0.0, 0.0, 0.0, 0.0, 0.0, 1.0 ], [ -0.809017, -0.309017, -0.5, 0.0, -0.309017, -0.5, 0.809017, 0.0, -0.5, 0.809017, 0.309017, 0.0, 0.0, 0.0, 0.0, 1.0 ], [ 0.5, -0.809017, -0.309017, 0.0, -0.809017, -0.309017, -0.5, 0.0, 0.309017, 0.5, -0.809017, 0.0, 0.0, 0.0, 0.0, 1.0 ], [ -0.309017, -0.5, 0.809017, 0.0, 0.5, -0.809017, -0.309017, 0.0, 0.809017, 0.309017, 0.5, 0.0, 0.0, 0.0, 0.0, 1.0 ], [ -0.5, -0.809017, -0.309017, 0.0, -0.809017, 0.309017, 0.5, 0.0, -0.309017, 0.5, -0.809017, 0.0, 0.0, 0.0, 0.0, 1.0 ], [ 0.309017, -0.5, 0.809017, 0.0, -0.5, -0.809017, -0.309017, 0.0, 0.809017, -0.309017, -0.5, 0.0, 0.0, 0.0, 0.0, 1.0 ], [ -0.809017, 0.309017, 0.5, 0.0, 0.309017, -0.5, 0.809017, 0.0, 0.5, 0.809017, 0.309017, 0.0, 0.0, 0.0, 0.0, 1.0 ], [ -0.5, -0.809017, 0.309017, 0.0, -0.809017, 0.309017, -0.5, 0.0, 0.309017, -0.5, -0.809017, 0.0, 0.0, 0.0, 0.0, 1.0 ], [ -0.309017, 0.5, 0.809017, 0.0, -0.5, -0.809017, 0.309017, 0.0, 0.809017, -0.309017, 0.5, 0.0, 0.0, 0.0, 0.0, 1.0 ], [ -0.809017, 0.309017, -0.5, 0.0, -0.309017, 0.5, 0.809017, 0.0, 0.5, 0.809017, -0.309017, 0.0, 0.0, 0.0, 0.0, 1.0 ], [ -0.809017, -0.309017, 0.5, 0.0, -0.309017, -0.5, -0.809017, 0.0, 0.5, -0.809017, 0.309017, 0.0, 0.0, 0.0, 0.0, 1.0 ], [ -0.5, 0.809017, -0.309017, 0.0, -0.809017, -0.309017, 0.5, 0.0, 0.309017, 0.5, 0.809017, 0.0, 0.0, 0.0, 0.0, 1.0 ], [ -0.309017, -0.5, -0.809017, 0.0, -0.5, 0.809017, -0.309017, 0.0, 0.809017, 0.309017, -0.5, 0.0, 0.0, 0.0, 0.0, 1.0 ], [ -1.0, 0.0, 0.0, 0.0, 0.0, 1.0, 0.0, 0.0, 0.0, 0.0, -1.0, 0.0, 0.0, 0.0, 0.0, 1.0 ], [ 0.0, 0.0, -1.0, 0.0, 1.0, 0.0, 0.0, 0.0, 0.0, -1.0, 0.0, 0.0, 0.0, 0.0, 0.0, 1.0 ], [ 0.0, -1.0, 0.0, 0.0, 0.0, 0.0, 1.0, 0.0, -1.0, 0.0, 0.0, 0.0, 0.0, 0.0, 0.0, 1.0 ], [ -0.809017, -0.309017, -0.5, 0.0, 0.309017, 0.5, -0.809017, 0.0, 0.5, -0.809017, -0.309017, 0.0, 0.0, 0.0, 0.0, 1.0 ], [ 0.5, -0.809017, -0.309017, 0.0, 0.809017, 0.309017, 0.5, 0.0, -0.309017, -0.5, 0.809017, 0.0, 0.0, 0.0, 0.0, 1.0 ], [ -0.309017, -0.5, 0.809017, 0.0, -0.5, 0.809017, 0.309017, 0.0, -0.809017, -0.309017, -0.5, 0.0, 0.0, 0.0, 0.0, 1.0 ], [ -0.5, -0.809017, -0.309017, 0.0, 0.809017, -0.309017, -0.5, 0.0, 0.309017, -0.5, 0.809017, 0.0, 0.0, 0.0, 0.0, 1.0 ], [ 0.309017, -0.5, 0.809017, 0.0, 0.5, 0.809017, 0.309017, 0.0, -0.809017, 0.309017, 0.5, 0.0, 0.0, 0.0, 0.0, 1.0 ], [ -0.809017, 0.309017, 0.5, 0.0, -0.309017, 0.5, -0.809017, 0.0, -0.5, -0.809017, -0.309017, 0.0, 0.0, 0.0, 0.0, 1.0 ], [ -0.5, -0.809017, 0.309017, 0.0, 0.809017, -0.309017, 0.5, 0.0, -0.309017, 0.5, 0.809017, 0.0, 0.0, 0.0, 0.0, 1.0 ], [ -0.309017, 0.5, 0.809017, 0.0, 0.5, 0.809017, -0.309017, 0.0, -0.809017, 0.309017, -0.5, 0.0, 0.0, 0.0, 0.0, 1.0 ], [ -0.809017, 0.309017, -0.5, 0.0, 0.309017, -0.5, -0.809017, 0.0, -0.5, -0.809017, 0.309017, 0.0, 0.0, 0.0, 0.0, 1.0 ], [ -0.809017, -0.309017, 0.5, 0.0, 0.309017, 0.5, 0.809017, 0.0, -0.5, 0.809017, -0.309017, 0.0, 0.0, 0.0, 0.0, 1.0 ], [ -0.5, 0.809017, -0.309017, 0.0, 0.809017, 0.309017, -0.5, 0.0, -0.309017, -0.5, -0.809017, 0.0, 0.0, 0.0, 0.0, 1.0 ], [ -0.309017, -0.5, -0.809017, 0.0, 0.5, -0.809017, 0.309017, 0.0, -0.809017, -0.309017, 0.5, 0.0, 0.0, 0.0, 0.0, 1.0 ] ],
  "lights" : {
    "directionalLights" : [ {
      "direction" : [ 1.0, -1.0, -1.0 ],
      "color" : "#EBEBE4"
    }, {
      "direction" : [ -1.0, 0.0, 0.0 ],
      "color" : "#E4E4EB"
    }, {
      "direction" : [ 0.0, 0.0, -1.0 ],
      "color" : "#1E1E1E"
    } ],
    "ambientColor" : "#292929",
    "backgroundColor" : "#AFC8DC"
  },
  "camera" : {
    "position" : {
      "x" : 266.82602,
      "y" : -2.6600058,
      "z" : -79.21565
    },
    "width" : 125.25751,
    "perspective" : true,
    "upDirectionRV" : {
      "x" : -0.22573866,
      "y" : -0.63468486,
      "z" : -0.739062,
      "zero" : false
    },
    "lookDirectionRV" : {
      "x" : -0.95859873,
      "y" : 0.009556333,
      "z" : 0.28459004,
      "zero" : false
    },
    "lookAtPointRV" : {
      "x" : 0.0,
      "y" : 0.0,
      "z" : 0.0,
      "zero" : true
    },
    "viewDistance" : 278.35007,
    "fieldOfView" : 0.44262883,
    "nearClipDistance" : 0.69587547,
    "lookDirection" : {
      "x" : -0.95859873,
      "y" : 0.009556333,
      "z" : 0.28459004
    },
    "upDirection" : {
      "x" : -0.22573866,
      "y" : -0.63468486,
      "z" : -0.739062
    },
    "lookAtPoint" : {
      "x" : 0.0,
      "y" : 0.0,
      "z" : 0.0
    },
    "stereo" : false,
    "farClipDistance" : 556.69977
  },
  "embedding" : [ 1.0, 0.0, 0.0, 0.0, 0.0, 1.0, 0.0, 0.0, 0.0, 0.0, 1.0, 0.0, 0.0, 0.0, 0.0, 1.0 ],
  "shapes" : [ {
    "id" : "c7a431b7-4379-4dc5-9fef-5b9ad70a94c4",
    "orbit" : "blue",
    "orbitC" : "[[0,0,1],[0,0,1]]",
    "length" : "[1,0,1]",
    "name" : "b1",
    "vertices" : [ {
      "x" : 1.0,
      "y" : 0.309017,
      "z" : 0.19098301
    }, {
      "x" : 1.0,
      "y" : -0.309017,
      "z" : 0.19098301
    }, {
      "x" : 7.472136,
      "y" : -0.309017,
      "z" : 0.19098301
    }, {
      "x" : 7.472136,
      "y" : 0.309017,
      "z" : 0.19098301
    }, {
      "x" : 7.472136,
      "y" : -0.309017,
      "z" : -0.19098301
    }, {
      "x" : 7.472136,
      "y" : 0.309017,
      "z" : -0.19098301
    }, {
      "x" : 8.09017,
      "y" : 0.0,
      "z" : 0.0
    }, {
      "x" : 0.38196602,
      "y" : 0.0,
      "z" : 0.0
    }, {
      "x" : 1.0,
      "y" : 0.309017,
      "z" : -0.19098301
    }, {
      "x" : 1.0,
      "y" : -0.309017,
      "z" : -0.19098301
    }, {
      "x" : 8.472136,
      "y" : 0.0,
      "z" : 0.0
    } ],
    "faces" : [ {
      "vertices" : [ 1, 9, 4, 2 ]
    }, {
      "vertices" : [ 0, 3, 5, 8 ]
    }, {
      "vertices" : [ 1, 7, 9 ]
    }, {
      "vertices" : [ 0, 1, 2, 3 ]
    }, {
      "vertices" : [ 7, 8, 9 ]
    }, {
      "vertices" : [ 0, 7, 1 ]
    }, {
      "vertices" : [ 4, 9, 8, 5 ]
    }, {
      "vertices" : [ 2, 6, 3 ]
    }, {
      "vertices" : [ 2, 4, 6 ]
    }, {
      "vertices" : [ 3, 6, 5 ]
    }, {
      "vertices" : [ 4, 5, 6 ]
    }, {
      "vertices" : [ 0, 8, 7 ]
    } ]
  }, {
    "id" : "000acc81-262f-4ec9-abd8-6aa429b91665",
    "vertices" : [ {
      "x" : 0.0,
      "y" : 0.0,
      "z" : 0.0
    }, {
      "x" : 2.618034,
      "y" : 4.236068,
      "z" : 6.854102
    }, {
      "x" : 2.618034,
      "y" : -4.236068,
      "z" : 6.854102
    } ],
    "faces" : [ {
      "vertices" : [ 0, 1, 2 ]
    }, {
      "vertices" : [ 0, 2, 1 ]
    } ]
  }, {
    "id" : "5bda015d-a1bf-46e5-9a35-0beafc0b015c",
    "name" : "ball",
    "vertices" : [ {
      "x" : -0.309017,
      "y" : -0.19098301,
      "z" : 0.0
    }, {
      "x" : -0.309017,
      "y" : 0.19098301,
      "z" : 0.0
    }, {
      "x" : -0.19098301,
      "y" : 0.0,
      "z" : -0.309017
    }, {
      "x" : -0.19098301,
      "y" : 0.0,
      "z" : 0.309017
    }, {
      "x" : 0.0,
      "y" : -0.309017,
      "z" : -0.19098301
    }, {
      "x" : 0.0,
      "y" : -0.309017,
      "z" : 0.19098301
    }, {
      "x" : 0.0,
      "y" : 0.309017,
      "z" : -0.19098301
    }, {
      "x" : 0.0,
      "y" : 0.309017,
      "z" : 0.19098301
    }, {
      "x" : 0.19098301,
      "y" : 0.0,
      "z" : -0.309017
    }, {
      "x" : 0.19098301,
      "y" : 0.0,
      "z" : 0.309017
    }, {
      "x" : 0.309017,
      "y" : -0.19098301,
      "z" : 0.0
    }, {
      "x" : 0.309017,
      "y" : 0.19098301,
      "z" : 0.0
    } ],
    "faces" : [ {
      "vertices" : [ 0, 1, 2 ]
    }, {
      "vertices" : [ 0, 3, 1 ]
    }, {
      "vertices" : [ 0, 2, 4 ]
    }, {
      "vertices" : [ 0, 5, 3 ]
    }, {
      "vertices" : [ 0, 4, 5 ]
    }, {
      "vertices" : [ 1, 6, 2 ]
    }, {
      "vertices" : [ 1, 3, 7 ]
    }, {
      "vertices" : [ 1, 7, 6 ]
    }, {
      "vertices" : [ 2, 8, 4 ]
    }, {
      "vertices" : [ 2, 6, 8 ]
    }, {
      "vertices" : [ 3, 5, 9 ]
    }, {
      "vertices" : [ 3, 9, 7 ]
    }, {
      "vertices" : [ 4, 10, 5 ]
    }, {
      "vertices" : [ 4, 8, 10 ]
    }, {
      "vertices" : [ 5, 10, 9 ]
    }, {
      "vertices" : [ 6, 7, 11 ]
    }, {
      "vertices" : [ 6, 11, 8 ]
    }, {
      "vertices" : [ 7, 9, 11 ]
    }, {
      "vertices" : [ 8, 11, 10 ]
    }, {
      "vertices" : [ 9, 10, 11 ]
    } ]
  }, {
    "id" : "40fd36a1-507e-4556-8442-fce08d2397a5",
    "vertices" : [ {
      "x" : 0.0,
      "y" : 0.0,
      "z" : 0.0
    }, {
      "x" : 0.0,
      "y" : -8.472136,
      "z" : 0.0
    }, {
      "x" : -2.618034,
      "y" : -4.236068,
      "z" : -6.854102
    } ],
    "faces" : [ {
      "vertices" : [ 0, 1, 2 ]
    }, {
      "vertices" : [ 0, 2, 1 ]
    } ]
  }, {
    "id" : "a2205089-c179-497c-9a8c-53b9fe1e4150",
    "vertices" : [ {
      "x" : 0.0,
      "y" : 0.0,
      "z" : 0.0
    }, {
      "x" : 0.0,
      "y" : 0.0,
      "z" : 8.472136
    }, {
      "x" : 0.0,
      "y" : -8.472136,
      "z" : 8.472136
    }, {
      "x" : 0.0,
      "y" : -8.472136,
      "z" : 0.0
    } ],
    "faces" : [ {
      "vertices" : [ 0, 1, 2, 3 ]
    }, {
      "vertices" : [ 0, 3, 2, 1 ]
    } ]
  }, {
    "id" : "4e0f3964-d745-4a59-a49d-fec36e8e3b3e",
    "vertices" : [ {
      "x" : 0.0,
      "y" : 0.0,
      "z" : 0.0
    }, {
      "x" : -2.618034,
      "y" : 4.236068,
      "z" : -6.854102
    }, {
      "x" : 0.0,
      "y" : 8.472136,
      "z" : 0.0
    } ],
    "faces" : [ {
      "vertices" : [ 0, 1, 2 ]
    }, {
      "vertices" : [ 0, 2, 1 ]
    } ]
  }, {
    "id" : "8c9676c9-9f8a-4beb-a5ab-11fea7bdb5b2",
    "vertices" : [ {
      "x" : 0.0,
      "y" : 0.0,
      "z" : 0.0
    }, {
      "x" : 0.0,
      "y" : 0.0,
      "z" : -8.472136
    }, {
      "x" : 0.0,
      "y" : 8.472136,
      "z" : -8.472136
    }, {
      "x" : 0.0,
      "y" : 8.472136,
      "z" : 0.0
    } ],
    "faces" : [ {
      "vertices" : [ 0, 1, 2, 3 ]
    }, {
      "vertices" : [ 0, 3, 2, 1 ]
    } ]
  }, {
    "id" : "c41de395-4546-4526-b09f-c31d6c3598fc",
    "vertices" : [ {
      "x" : 0.0,
      "y" : 0.0,
      "z" : 0.0
    }, {
      "x" : 0.0,
      "y" : -8.472136,
      "z" : 0.0
    }, {
      "x" : 0.0,
      "y" : -8.472136,
      "z" : -8.472136
    }, {
      "x" : 0.0,
      "y" : 0.0,
      "z" : -8.472136
    } ],
    "faces" : [ {
      "vertices" : [ 0, 1, 2, 3 ]
    }, {
      "vertices" : [ 0, 3, 2, 1 ]
    } ]
  }, {
    "id" : "de592aa9-f534-4302-bd14-2d0c5ca185bc",
    "vertices" : [ {
      "x" : 0.0,
      "y" : 0.0,
      "z" : 0.0
    }, {
      "x" : 0.0,
      "y" : 8.472136,
      "z" : 0.0
    }, {
      "x" : 2.618034,
      "y" : 4.236068,
      "z" : 6.854102
    } ],
    "faces" : [ {
      "vertices" : [ 0, 1, 2 ]
    }, {
      "vertices" : [ 0, 2, 1 ]
    } ]
  }, {
    "id" : "42aa103a-11b5-42d3-875d-78fae2c56e87",
    "vertices" : [ {
      "x" : 0.0,
      "y" : 0.0,
      "z" : 0.0
    }, {
      "x" : -2.618034,
      "y" : 4.236068,
      "z" : -6.854102
    }, {
      "x" : -2.618034,
      "y" : 12.708204,
      "z" : -6.854102
    }, {
      "x" : 0.0,
      "y" : 16.944271,
      "z" : 0.0
    }, {
      "x" : 2.618034,
      "y" : 12.708204,
      "z" : 6.854102
    }, {
      "x" : 2.618034,
      "y" : 4.236068,
      "z" : 6.854102
    } ],
    "faces" : [ {
      "vertices" : [ 0, 1, 2, 3, 4, 5 ]
    }, {
      "vertices" : [ 0, 5, 4, 3, 2, 1 ]
    } ]
  }, {
    "id" : "f6a31ed1-4041-4f3d-b298-40b0b65e5a8d",
    "vertices" : [ {
      "x" : 0.0,
      "y" : 0.0,
      "z" : 0.0
    }, {
      "x" : 0.0,
      "y" : 8.472136,
      "z" : 0.0
    }, {
      "x" : 2.618034,
      "y" : 12.708204,
      "z" : 6.854102
    }, {
      "x" : 5.236068,
      "y" : 8.472136,
      "z" : 13.708204
    }, {
      "x" : 5.236068,
      "y" : 0.0,
      "z" : 13.708204
    }, {
      "x" : 2.618034,
      "y" : -4.236068,
      "z" : 6.854102
    } ],
    "faces" : [ {
      "vertices" : [ 0, 1, 2, 3, 4, 5 ]
    }, {
      "vertices" : [ 0, 5, 4, 3, 2, 1 ]
    } ]
  }, {
    "id" : "d5a199e0-e0df-4a73-99cc-59e626b44900",
    "vertices" : [ {
      "x" : 0.0,
      "y" : 0.0,
      "z" : 0.0
    }, {
      "x" : 0.0,
      "y" : 8.472136,
      "z" : 0.0
    }, {
      "x" : 0.0,
      "y" : 8.472136,
      "z" : 8.472136
    }, {
      "x" : 0.0,
      "y" : 0.0,
      "z" : 8.472136
    } ],
    "faces" : [ {
      "vertices" : [ 0, 1, 2, 3 ]
    }, {
      "vertices" : [ 0, 3, 2, 1 ]
    } ]
  }, {
    "id" : "c6c3eab5-559b-4d52-b7e3-263023fda002",
    "vertices" : [ {
      "x" : 0.0,
      "y" : 0.0,
      "z" : 0.0
    }, {
      "x" : 0.0,
      "y" : -8.472136,
      "z" : 0.0
    }, {
      "x" : -2.618034,
      "y" : -12.708204,
      "z" : -6.854102
    }, {
      "x" : -5.236068,
      "y" : -8.472136,
      "z" : -13.708204
    }, {
      "x" : -5.236068,
      "y" : 0.0,
      "z" : -13.708204
    }, {
      "x" : -2.618034,
      "y" : 4.236068,
      "z" : -6.854102
    } ],
    "faces" : [ {
      "vertices" : [ 0, 1, 2, 3, 4, 5 ]
    }, {
      "vertices" : [ 0, 5, 4, 3, 2, 1 ]
    } ]
  }, {
    "id" : "b27b8fbe-0be0-4ad9-912d-b5b3de1a0885",
    "vertices" : [ {
      "x" : 0.0,
      "y" : 0.0,
      "z" : 0.0
    }, {
      "x" : -2.618034,
      "y" : -4.236068,
      "z" : -6.854102
    }, {
      "x" : -5.236068,
      "y" : 0.0,
      "z" : -13.708204
    }, {
      "x" : -5.236068,
      "y" : 8.472136,
      "z" : -13.708204
    }, {
      "x" : -2.618034,
      "y" : 12.708204,
      "z" : -6.854102
    }, {
      "x" : 0.0,
      "y" : 8.472136,
      "z" : 0.0
    } ],
    "faces" : [ {
      "vertices" : [ 0, 1, 2, 3, 4, 5 ]
    }, {
      "vertices" : [ 0, 5, 4, 3, 2, 1 ]
    } ]
  }, {
    "id" : "9df06045-9ec5-4224-9002-d2050e231724",
    "vertices" : [ {
      "x" : 0.0,
      "y" : 0.0,
      "z" : 0.0
    }, {
      "x" : 2.618034,
      "y" : -4.236068,
      "z" : 6.854102
    }, {
      "x" : 0.0,
      "y" : -8.472136,
      "z" : 0.0
    } ],
    "faces" : [ {
      "vertices" : [ 0, 1, 2 ]
    }, {
      "vertices" : [ 0, 2, 1 ]
    } ]
  }, {
    "id" : "3d82dd03-508c-4b11-b33d-0b58253305a9",
    "vertices" : [ {
      "x" : 0.0,
      "y" : 0.0,
      "z" : 0.0
    }, {
      "x" : 2.618034,
      "y" : 4.236068,
      "z" : 6.854102
    }, {
      "x" : 5.236068,
      "y" : 0.0,
      "z" : 13.708204
    }, {
      "x" : 5.236068,
      "y" : -8.472136,
      "z" : 13.708204
    }, {
      "x" : 2.618034,
      "y" : -12.708204,
      "z" : 6.854102
    }, {
      "x" : 0.0,
      "y" : -8.472136,
      "z" : 0.0
    } ],
    "faces" : [ {
      "vertices" : [ 0, 1, 2, 3, 4, 5 ]
    }, {
      "vertices" : [ 0, 5, 4, 3, 2, 1 ]
    } ]
  }, {
    "id" : "7d3d77ef-e044-47fd-8168-3f6f4c94cab2",
    "vertices" : [ {
      "x" : 0.0,
      "y" : 0.0,
      "z" : 0.0
    }, {
      "x" : 2.618034,
      "y" : -4.236068,
      "z" : 6.854102
    }, {
      "x" : 2.618034,
      "y" : -12.708204,
      "z" : 6.854102
    }, {
      "x" : 0.0,
      "y" : -16.944271,
      "z" : 0.0
    }, {
      "x" : -2.618034,
      "y" : -12.708204,
      "z" : -6.854102
    }, {
      "x" : -2.618034,
      "y" : -4.236068,
      "z" : -6.854102
    } ],
    "faces" : [ {
      "vertices" : [ 0, 1, 2, 3, 4, 5 ]
    }, {
      "vertices" : [ 0, 5, 4, 3, 2, 1 ]
    } ]
  } ],
  "instances" : [ {
    "shape" : "c7a431b7-4379-4dc5-9fef-5b9ad70a94c4",
    "color" : "#CCFF00",
    "position" : {
      "x" : -4.236068,
      "y" : -40.12461,
      "z" : 40.12461
    },
    "orientation" : 1
  }, {
    "shape" : "000acc81-262f-4ec9-abd8-6aa429b91665",
    "color" : "#FF00FF",
    "position" : {
      "x" : -11.09017,
      "y" : -6.854102,
      "z" : -13.708204
    },
    "orientation" : 19
  }, {
    "shape" : "5bda015d-a1bf-46e5-9a35-0beafc0b015c",
    "color" : "#00FFFF",
    "position" : {
      "x" : -11.09017,
      "y" : 20.562305,
      "z" : 22.18034
    }
  }, {
    "shape" : "40fd36a1-507e-4556-8442-fce08d2397a5",
    "color" : "#FF00FF",
    "position" : {
      "x" : -6.854102,
      "y" : 13.708204,
      "z" : 11.09017
    },
    "orientation" : 4
  }, {
    "shape" : "5bda015d-a1bf-46e5-9a35-0beafc0b015c",
    "color" : "#00FFFF",
    "position" : {
      "x" : -8.472136,
      "y" : -11.09017,
      "z" : 29.034441
    }
  }, {
    "shape" : "c7a431b7-4379-4dc5-9fef-5b9ad70a94c4",
    "color" : "#FF00FF",
    "position" : {
      "x" : -6.854102,
      "y" : -13.708204,
      "z" : 11.09017
    },
    "orientation" : 56
  }, {
    "shape" : "a2205089-c179-497c-9a8c-53b9fe1e4150",
    "color" : "#00FFFF",
    "position" : {
      "x" : -4.236068,
      "y" : -17.944271,
      "z" : -26.416409
    },
    "orientation" : 22
  }, {
    "shape" : "c7a431b7-4379-4dc5-9fef-5b9ad70a94c4",
    "color" : "#00FFFF",
    "position" : {
      "x" : 4.236068,
      "y" : 17.944271,
      "z" : -26.416409
    },
    "orientation" : 45
  }, {
    "shape" : "5bda015d-a1bf-46e5-9a35-0beafc0b015c",
    "color" : "#00FFFF",
    "position" : {
      "x" : -17.944271,
      "y" : -26.416409,
      "z" : -4.236068
    }
  }, {
    "shape" : "5bda015d-a1bf-46e5-9a35-0beafc0b015c",
    "color" : "#FF00FF",
    "position" : {
      "x" : -6.854102,
      "y" : 13.708204,
      "z" : -11.09017
    }
  }, {
    "shape" : "5bda015d-a1bf-46e5-9a35-0beafc0b015c",
    "color" : "#00FFFF",
    "position" : {
      "x" : -22.18034,
      "y" : -11.09017,
      "z" : 20.562305
    }
  }, {
    "shape" : "c7a431b7-4379-4dc5-9fef-5b9ad70a94c4",
    "color" : "#FF00FF",
    "position" : {
      "x" : -11.09017,
      "y" : -6.854102,
      "z" : -13.708204
    },
    "orientation" : 21
  }, {
    "shape" : "c7a431b7-4379-4dc5-9fef-5b9ad70a94c4",
    "color" : "#00FFFF",
    "position" : {
      "x" : 29.034441,
      "y" : 8.472136,
      "z" : 11.09017
    },
    "orientation" : 25
  }, {
    "shape" : "c7a431b7-4379-4dc5-9fef-5b9ad70a94c4",
    "color" : "#00FFFF",
    "position" : {
      "x" : -11.09017,
      "y" : -20.562305,
      "z" : -22.18034
    },
    "orientation" : 23
  }, {
    "shape" : "5bda015d-a1bf-46e5-9a35-0beafc0b015c",
    "color" : "#00FFFF",
    "position" : {
      "x" : -4.236068,
      "y" : -31.652475,
      "z" : -4.236068
    }
  }, {
    "shape" : "a2205089-c179-497c-9a8c-53b9fe1e4150",
    "color" : "#FF00FF",
    "position" : {
      "x" : 6.854102,
      "y" : 13.708204,
      "z" : 11.09017
    },
    "orientation" : 10
  }, {
    "shape" : "4e0f3964-d745-4a59-a49d-fec36e8e3b3e",
    "color" : "#CCFF00",
    "position" : {
      "x" : 6.854102,
      "y" : -49.59675,
      "z" : 11.09017
    },
    "orientation" : 24
  }, {
    "shape" : "c7a431b7-4379-4dc5-9fef-5b9ad70a94c4",
    "color" : "#00FFFF",
    "position" : {
      "x" : -26.416409,
      "y" : 4.236068,
      "z" : 17.944271
    },
    "orientation" : 9
  }, {
    "shape" : "8c9676c9-9f8a-4beb-a5ab-11fea7bdb5b2",
    "color" : "#FF00FF",
    "position" : {
      "x" : -4.236068,
      "y" : 4.236068,
      "z" : 17.944271
    },
    "orientation" : 2
  }, {
    "shape" : "c7a431b7-4379-4dc5-9fef-5b9ad70a94c4",
    "color" : "#CCFF00",
    "position" : {
      "x" : -13.708204,
      "y" : -24.798374,
      "z" : 29.034441
    },
    "orientation" : 37
  }, {
    "shape" : "c7a431b7-4379-4dc5-9fef-5b9ad70a94c4",
    "color" : "#CCFF00",
    "position" : {
      "x" : -4.236068,
      "y" : -53.832817,
      "z" : 17.944271
    },
    "orientation" : 0
  }, {
    "shape" : "c7a431b7-4379-4dc5-9fef-5b9ad70a94c4",
    "color" : "#00FFFF",
    "position" : {
      "x" : 11.09017,
      "y" : 29.034441,
      "z" : 8.472136
    },
    "orientation" : 56
  }, {
    "shape" : "c41de395-4546-4526-b09f-c31d6c3598fc",
    "color" : "#CCFF00",
    "position" : {
      "x" : -11.09017,
      "y" : -42.742645,
      "z" : 8.472136
    },
    "orientation" : 53
  }, {
    "shape" : "c7a431b7-4379-4dc5-9fef-5b9ad70a94c4",
    "color" : "#CCFF00",
    "position" : {
      "x" : -15.326238,
      "y" : -35.888542,
      "z" : 11.09017
    },
    "orientation" : 7
  }, {
    "shape" : "c7a431b7-4379-4dc5-9fef-5b9ad70a94c4",
    "color" : "#FF00FF",
    "position" : {
      "x" : 17.944271,
      "y" : -4.236068,
      "z" : -4.236068
    },
    "orientation" : 1
  }, {
    "shape" : "c7a431b7-4379-4dc5-9fef-5b9ad70a94c4",
    "color" : "#CCFF00",
    "position" : {
      "x" : 0.0,
      "y" : -24.798374,
      "z" : 37.506577
    },
    "orientation" : 21
  }, {
    "shape" : "c41de395-4546-4526-b09f-c31d6c3598fc",
    "color" : "#FF00FF",
    "position" : {
      "x" : 11.09017,
      "y" : -15.326238,
      "z" : 0.0
    },
    "orientation" : 24
  }, {
    "shape" : "c7a431b7-4379-4dc5-9fef-5b9ad70a94c4",
    "color" : "#00FFFF",
    "position" : {
      "x" : 4.236068,
      "y" : -31.652475,
      "z" : 4.236068
    },
    "orientation" : 45
  }, {
    "shape" : "de592aa9-f534-4302-bd14-2d0c5ca185bc",
    "color" : "#CCFF00",
    "position" : {
      "x" : 4.236068,
      "y" : -17.944271,
      "z" : 26.416409
    },
    "orientation" : 16
  }, {
    "shape" : "000acc81-262f-4ec9-abd8-6aa429b91665",
    "color" : "#FF00FF",
    "position" : {
      "x" : 6.854102,
      "y" : 13.708204,
      "z" : -11.09017
    },
    "orientation" : 3
  }, {
    "shape" : "c7a431b7-4379-4dc5-9fef-5b9ad70a94c4",
    "color" : "#CCFF00",
    "position" : {
      "x" : 17.944271,
      "y" : -40.12461,
      "z" : 26.416409
    },
    "orientation" : 7
  }, {
    "shape" : "42aa103a-11b5-42d3-875d-78fae2c56e87",
    "color" : "#00FFFF",
    "position" : {
      "x" : -4.236068,
      "y" : -4.236068,
      "z" : -31.652475
    },
    "orientation" : 22
  }, {
    "shape" : "c7a431b7-4379-4dc5-9fef-5b9ad70a94c4",
    "color" : "#FF00FF",
    "position" : {
      "x" : 17.944271,
      "y" : -4.236068,
      "z" : 4.236068
    },
    "orientation" : 7
  }, {
    "shape" : "5bda015d-a1bf-46e5-9a35-0beafc0b015c",
    "color" : "#00FFFF",
    "position" : {
      "x" : -31.652475,
      "y" : 4.236068,
      "z" : 4.236068
    }
  }, {
    "shape" : "c7a431b7-4379-4dc5-9fef-5b9ad70a94c4",
    "color" : "#00FFFF",
    "position" : {
      "x" : 26.416409,
      "y" : -4.236068,
      "z" : 17.944271
    },
    "orientation" : 25
  }, {
    "shape" : "c7a431b7-4379-4dc5-9fef-5b9ad70a94c4",
    "color" : "#00FFFF",
    "position" : {
      "x" : 11.09017,
      "y" : 29.034441,
      "z" : 8.472136
    },
    "orientation" : 37
  }, {
    "shape" : "5bda015d-a1bf-46e5-9a35-0beafc0b015c",
    "color" : "#FF00FF",
    "position" : {
      "x" : 15.326238,
      "y" : 0.0,
      "z" : -11.09017
    }
  }, {
    "shape" : "5bda015d-a1bf-46e5-9a35-0beafc0b015c",
    "color" : "#CCFF00",
    "position" : {
      "x" : 4.236068,
      "y" : -40.12461,
      "z" : 4.236068
    }
  }, {
    "shape" : "5bda015d-a1bf-46e5-9a35-0beafc0b015c",
    "color" : "#FF00FF",
    "position" : {
      "x" : 17.944271,
      "y" : 4.236068,
      "z" : -4.236068
    }
  }, {
    "shape" : "c7a431b7-4379-4dc5-9fef-5b9ad70a94c4",
    "color" : "#CCFF00",
    "position" : {
      "x" : 11.09017,
      "y" : -29.034441,
      "z" : 35.888542
    },
    "orientation" : 41
  }, {
    "shape" : "5bda015d-a1bf-46e5-9a35-0beafc0b015c",
    "color" : "#FF00FF",
    "position" : {
      "x" : 13.708204,
      "y" : -11.09017,
      "z" : 6.854102
    }
  }, {
    "shape" : "c7a431b7-4379-4dc5-9fef-5b9ad70a94c4",
    "color" : "#00FFFF",
    "position" : {
      "x" : -13.708204,
      "y" : -24.798374,
      "z" : -15.326238
    },
    "orientation" : 37
  }, {
    "shape" : "c7a431b7-4379-4dc5-9fef-5b9ad70a94c4",
    "color" : "#FF00FF",
    "position" : {
      "x" : 13.708204,
      "y" : 11.09017,
      "z" : 6.854102
    },
    "orientation" : 24
  }, {
    "shape" : "c7a431b7-4379-4dc5-9fef-5b9ad70a94c4",
    "color" : "#CCFF00",
    "position" : {
      "x" : -4.236068,
      "y" : -31.652475,
      "z" : 4.236068
    },
    "orientation" : 16
  }, {
    "shape" : "c7a431b7-4379-4dc5-9fef-5b9ad70a94c4",
    "color" : "#CCFF00",
    "position" : {
      "x" : 6.854102,
      "y" : -49.59675,
      "z" : 33.27051
    },
    "orientation" : 22
  }, {
    "shape" : "c7a431b7-4379-4dc5-9fef-5b9ad70a94c4",
    "color" : "#FF00FF",
    "position" : {
      "x" : -15.326238,
      "y" : 0.0,
      "z" : -11.09017
    },
    "orientation" : 7
  }, {
    "shape" : "c7a431b7-4379-4dc5-9fef-5b9ad70a94c4",
    "color" : "#00FFFF",
    "position" : {
      "x" : 26.416409,
      "y" : -4.236068,
      "z" : -17.944271
    },
    "orientation" : 36
  }, {
    "shape" : "c7a431b7-4379-4dc5-9fef-5b9ad70a94c4",
    "color" : "#FF00FF",
    "position" : {
      "x" : -6.854102,
      "y" : 13.708204,
      "z" : -11.09017
    },
    "orientation" : 10
  }, {
    "shape" : "c7a431b7-4379-4dc5-9fef-5b9ad70a94c4",
    "color" : "#CCFF00",
    "position" : {
      "x" : -11.09017,
      "y" : -51.214783,
      "z" : 22.18034
    },
    "orientation" : 55
  }, {
    "shape" : "f6a31ed1-4041-4f3d-b298-40b0b65e5a8d",
    "color" : "#00FFFF",
    "position" : {
      "x" : -22.18034,
      "y" : -11.09017,
      "z" : -20.562305
    },
    "orientation" : 19
  }, {
    "shape" : "a2205089-c179-497c-9a8c-53b9fe1e4150",
    "color" : "#CCFF00",
    "position" : {
      "x" : 6.854102,
      "y" : -49.59675,
      "z" : 11.09017
    },
    "orientation" : 25
  }, {
    "shape" : "c7a431b7-4379-4dc5-9fef-5b9ad70a94c4",
    "color" : "#00FFFF",
    "position" : {
      "x" : 26.416409,
      "y" : 4.236068,
      "z" : -17.944271
    },
    "orientation" : 16
  }, {
    "shape" : "5bda015d-a1bf-46e5-9a35-0beafc0b015c",
    "color" : "#CCFF00",
    "position" : {
      "x" : -11.09017,
      "y" : -42.742645,
      "z" : 35.888542
    }
  }, {
    "shape" : "c7a431b7-4379-4dc5-9fef-5b9ad70a94c4",
    "color" : "#00FFFF",
    "position" : {
      "x" : 15.326238,
      "y" : -13.708204,
      "z" : -24.798374
    },
    "orientation" : 11
  }, {
    "shape" : "c7a431b7-4379-4dc5-9fef-5b9ad70a94c4",
    "color" : "#00FFFF",
    "position" : {
      "x" : -4.236068,
      "y" : 4.236068,
      "z" : 31.652475
    },
    "orientation" : 16
  }, {
    "shape" : "c7a431b7-4379-4dc5-9fef-5b9ad70a94c4",
    "color" : "#CCFF00",
    "position" : {
      "x" : 4.236068,
      "y" : -31.652475,
      "z" : 4.236068
    },
    "orientation" : 16
  }, {
    "shape" : "5bda015d-a1bf-46e5-9a35-0beafc0b015c",
    "color" : "#00FFFF",
    "position" : {
      "x" : -4.236068,
      "y" : -4.236068,
      "z" : 31.652475
    }
  }, {
    "shape" : "c7a431b7-4379-4dc5-9fef-5b9ad70a94c4",
    "color" : "#00FFFF",
    "position" : {
      "x" : 11.09017,
      "y" : -29.034441,
      "z" : -8.472136
    },
    "orientation" : 52
  }, {
    "shape" : "c7a431b7-4379-4dc5-9fef-5b9ad70a94c4",
    "color" : "#00FFFF",
    "position" : {
      "x" : 11.09017,
      "y" : 20.562305,
      "z" : 22.18034
    },
    "orientation" : 21
  }, {
    "shape" : "c7a431b7-4379-4dc5-9fef-5b9ad70a94c4",
    "color" : "#00FFFF",
    "position" : {
      "x" : -22.18034,
      "y" : -11.09017,
      "z" : -20.562305
    },
    "orientation" : 26
  }, {
    "shape" : "40fd36a1-507e-4556-8442-fce08d2397a5",
    "color" : "#FF00FF",
    "position" : {
      "x" : 17.944271,
      "y" : 4.236068,
      "z" : -4.236068
    },
    "orientation" : 0
  }, {
    "shape" : "c7a431b7-4379-4dc5-9fef-5b9ad70a94c4",
    "color" : "#FF00FF",
    "position" : {
      "x" : 6.854102,
      "y" : -13.708204,
      "z" : -11.09017
    },
    "orientation" : 40
  }, {
    "shape" : "c41de395-4546-4526-b09f-c31d6c3598fc",
    "color" : "#FF00FF",
    "position" : {
      "x" : -11.09017,
      "y" : 6.854102,
      "z" : 13.708204
    },
    "orientation" : 38
  }, {
    "shape" : "5bda015d-a1bf-46e5-9a35-0beafc0b015c",
    "color" : "#FF00FF",
    "position" : {
      "x" : -13.708204,
      "y" : 11.09017,
      "z" : -6.854102
    }
  }, {
    "shape" : "5bda015d-a1bf-46e5-9a35-0beafc0b015c",
    "color" : "#00FFFF",
    "position" : {
      "x" : 31.652475,
      "y" : 4.236068,
      "z" : 4.236068
    }
  }, {
    "shape" : "5bda015d-a1bf-46e5-9a35-0beafc0b015c",
    "color" : "#FF00FF",
    "position" : {
      "x" : 13.708204,
      "y" : 11.09017,
      "z" : -6.854102
    }
  }, {
    "shape" : "5bda015d-a1bf-46e5-9a35-0beafc0b015c",
    "color" : "#CCFF00",
    "position" : {
      "x" : 11.09017,
      "y" : -42.742645,
      "z" : 8.472136
    }
  }, {
    "shape" : "c7a431b7-4379-4dc5-9fef-5b9ad70a94c4",
    "color" : "#CCFF00",
    "position" : {
      "x" : 13.708204,
      "y" : -46.978714,
      "z" : 29.034441
    },
    "orientation" : 22
  }, {
    "shape" : "5bda015d-a1bf-46e5-9a35-0beafc0b015c",
    "color" : "#FF00FF",
    "position" : {
      "x" : -15.326238,
      "y" : 0.0,
      "z" : 11.09017
    }
  }, {
    "shape" : "c7a431b7-4379-4dc5-9fef-5b9ad70a94c4",
    "color" : "#FF00FF",
    "position" : {
      "x" : 4.236068,
      "y" : -4.236068,
      "z" : 17.944271
    },
    "orientation" : 36
  }, {
    "shape" : "5bda015d-a1bf-46e5-9a35-0beafc0b015c",
    "color" : "#FF00FF",
    "position" : {
      "x" : -11.09017,
      "y" : 15.326238,
      "z" : 0.0
    }
  }, {
    "shape" : "c7a431b7-4379-4dc5-9fef-5b9ad70a94c4",
    "color" : "#FF00FF",
    "position" : {
      "x" : 0.0,
      "y" : -11.09017,
      "z" : -15.326238
    },
    "orientation" : 54
  }, {
    "shape" : "5bda015d-a1bf-46e5-9a35-0beafc0b015c",
    "color" : "#00FFFF",
    "position" : {
      "x" : -4.236068,
      "y" : 31.652475,
      "z" : -4.236068
    }
  }, {
    "shape" : "d5a199e0-e0df-4a73-99cc-59e626b44900",
    "color" : "#00FFFF",
    "position" : {
      "x" : 13.708204,
      "y" : -24.798374,
      "z" : -15.326238
    },
    "orientation" : 24
  }, {
    "shape" : "c7a431b7-4379-4dc5-9fef-5b9ad70a94c4",
    "color" : "#CCFF00",
    "position" : {
      "x" : 6.854102,
      "y" : -22.18034,
      "z" : 33.27051
    },
    "orientation" : 55
  }, {
    "shape" : "5bda015d-a1bf-46e5-9a35-0beafc0b015c",
    "color" : "#00FFFF",
    "position" : {
      "x" : -11.09017,
      "y" : 29.034441,
      "z" : -8.472136
    }
  }, {
    "shape" : "c7a431b7-4379-4dc5-9fef-5b9ad70a94c4",
    "color" : "#00FFFF",
    "position" : {
      "x" : 4.236068,
      "y" : -31.652475,
      "z" : 4.236068
    },
    "orientation" : 47
  }, {
    "shape" : "c7a431b7-4379-4dc5-9fef-5b9ad70a94c4",
    "color" : "#00FFFF",
    "position" : {
      "x" : -26.416409,
      "y" : 4.236068,
      "z" : -17.944271
    },
    "orientation" : 16
  }, {
    "shape" : "c7a431b7-4379-4dc5-9fef-5b9ad70a94c4",
    "color" : "#FF00FF",
    "position" : {
      "x" : -11.09017,
      "y" : -15.326238,
      "z" : 0.0
    },
    "orientation" : 7
  }, {
    "shape" : "c7a431b7-4379-4dc5-9fef-5b9ad70a94c4",
    "color" : "#FF00FF",
    "position" : {
      "x" : 6.854102,
      "y" : 13.708204,
      "z" : 11.09017
    },
    "orientation" : 55
  }, {
    "shape" : "c7a431b7-4379-4dc5-9fef-5b9ad70a94c4",
    "color" : "#CCFF00",
    "position" : {
      "x" : 6.854102,
      "y" : -49.59675,
      "z" : 11.09017
    },
    "orientation" : 11
  }, {
    "shape" : "c7a431b7-4379-4dc5-9fef-5b9ad70a94c4",
    "color" : "#00FFFF",
    "position" : {
      "x" : -20.562305,
      "y" : -22.18034,
      "z" : 11.09017
    },
    "orientation" : 51
  }, {
    "shape" : "c7a431b7-4379-4dc5-9fef-5b9ad70a94c4",
    "color" : "#00FFFF",
    "position" : {
      "x" : -20.562305,
      "y" : 22.18034,
      "z" : -11.09017
    },
    "orientation" : 23
  }, {
    "shape" : "c7a431b7-4379-4dc5-9fef-5b9ad70a94c4",
    "color" : "#CCFF00",
    "position" : {
      "x" : -13.708204,
      "y" : -46.978714,
      "z" : 29.034441
    },
    "orientation" : 54
  }, {
    "shape" : "c7a431b7-4379-4dc5-9fef-5b9ad70a94c4",
    "color" : "#FF00FF",
    "position" : {
      "x" : 17.944271,
      "y" : -4.236068,
      "z" : -4.236068
    },
    "orientation" : 55
  }, {
    "shape" : "f6a31ed1-4041-4f3d-b298-40b0b65e5a8d",
    "color" : "#00FFFF",
    "position" : {
      "x" : -15.326238,
      "y" : 13.708204,
      "z" : -24.798374
    },
    "orientation" : 54
  }, {
    "shape" : "5bda015d-a1bf-46e5-9a35-0beafc0b015c",
    "color" : "#00FFFF",
    "position" : {
      "x" : 17.944271,
      "y" : -26.416409,
      "z" : -4.236068
    }
  }, {
    "shape" : "c7a431b7-4379-4dc5-9fef-5b9ad70a94c4",
    "color" : "#00FFFF",
    "position" : {
      "x" : -29.034441,
      "y" : 8.472136,
      "z" : -11.09017
    },
    "orientation" : 6
  }, {
    "shape" : "5bda015d-a1bf-46e5-9a35-0beafc0b015c",
    "color" : "#FF00FF",
    "position" : {
      "x" : -17.944271,
      "y" : -4.236068,
      "z" : -4.236068
    }
  }, {
    "shape" : "c7a431b7-4379-4dc5-9fef-5b9ad70a94c4",
    "color" : "#FF00FF",
    "position" : {
      "x" : -13.708204,
      "y" : -11.09017,
      "z" : 6.854102
    },
    "orientation" : 10
  }, {
    "shape" : "c7a431b7-4379-4dc5-9fef-5b9ad70a94c4",
    "color" : "#FF00FF",
    "position" : {
      "x" : 13.708204,
      "y" : -11.09017,
      "z" : 6.854102
    },
    "orientation" : 22
  }, {
    "shape" : "c7a431b7-4379-4dc5-9fef-5b9ad70a94c4",
    "color" : "#FF00FF",
    "position" : {
      "x" : 0.0,
      "y" : 11.09017,
      "z" : 15.326238
    },
    "orientation" : 56
  }, {
    "shape" : "c7a431b7-4379-4dc5-9fef-5b9ad70a94c4",
    "color" : "#00FFFF",
    "position" : {
      "x" : -4.236068,
      "y" : 31.652475,
      "z" : 4.236068
    },
    "orientation" : 0
  }, {
    "shape" : "c7a431b7-4379-4dc5-9fef-5b9ad70a94c4",
    "color" : "#CCFF00",
    "position" : {
      "x" : 0.0,
      "y" : -24.798374,
      "z" : 37.506577
    },
    "orientation" : 56
  }, {
    "shape" : "c7a431b7-4379-4dc5-9fef-5b9ad70a94c4",
    "color" : "#FF00FF",
    "position" : {
      "x" : -4.236068,
      "y" : 17.944271,
      "z" : 4.236068
    },
    "orientation" : 40
  }, {
    "shape" : "40fd36a1-507e-4556-8442-fce08d2397a5",
    "color" : "#CCFF00",
    "position" : {
      "x" : 11.09017,
      "y" : -42.742645,
      "z" : 35.888542
    },
    "orientation" : 5
  }, {
    "shape" : "c7a431b7-4379-4dc5-9fef-5b9ad70a94c4",
    "color" : "#FF00FF",
    "position" : {
      "x" : -4.236068,
      "y" : 4.236068,
      "z" : -17.944271
    },
    "orientation" : 9
  }, {
    "shape" : "d5a199e0-e0df-4a73-99cc-59e626b44900",
    "color" : "#00FFFF",
    "position" : {
      "x" : -4.236068,
      "y" : -31.652475,
      "z" : 4.236068
    },
    "orientation" : 16
  }, {
    "shape" : "c7a431b7-4379-4dc5-9fef-5b9ad70a94c4",
    "color" : "#FF00FF",
    "position" : {
      "x" : 17.944271,
      "y" : -4.236068,
      "z" : 4.236068
    },
    "orientation" : 39
  }, {
    "shape" : "c7a431b7-4379-4dc5-9fef-5b9ad70a94c4",
    "color" : "#00FFFF",
    "position" : {
      "x" : 8.472136,
      "y" : 11.09017,
      "z" : -29.034441
    },
    "orientation" : 51
  }, {
    "shape" : "c7a431b7-4379-4dc5-9fef-5b9ad70a94c4",
    "color" : "#FF00FF",
    "position" : {
      "x" : 13.708204,
      "y" : -11.09017,
      "z" : 6.854102
    },
    "orientation" : 41
  }, {
    "shape" : "c7a431b7-4379-4dc5-9fef-5b9ad70a94c4",
    "color" : "#FF00FF",
    "position" : {
      "x" : -4.236068,
      "y" : 4.236068,
      "z" : 17.944271
    },
    "orientation" : 0
  }, {
    "shape" : "c41de395-4546-4526-b09f-c31d6c3598fc",
    "color" : "#CCFF00",
    "position" : {
      "x" : 6.854102,
      "y" : -22.18034,
      "z" : 11.09017
    },
    "orientation" : 52
  }, {
    "shape" : "c7a431b7-4379-4dc5-9fef-5b9ad70a94c4",
    "color" : "#CCFF00",
    "position" : {
      "x" : -4.236068,
      "y" : -31.652475,
      "z" : 40.12461
    },
    "orientation" : 56
  }, {
    "shape" : "8c9676c9-9f8a-4beb-a5ab-11fea7bdb5b2",
    "color" : "#00FFFF",
    "position" : {
      "x" : -24.798374,
      "y" : 15.326238,
      "z" : 13.708204
    },
    "orientation" : 38
  }, {
    "shape" : "5bda015d-a1bf-46e5-9a35-0beafc0b015c",
    "color" : "#CCFF00",
    "position" : {
      "x" : -4.236068,
      "y" : -53.832817,
      "z" : 17.944271
    }
  }, {
    "shape" : "c7a431b7-4379-4dc5-9fef-5b9ad70a94c4",
    "color" : "#CCFF00",
    "position" : {
      "x" : 0.0,
      "y" : -46.978714,
      "z" : 6.854102
    },
    "orientation" : 41
  }, {
    "shape" : "c7a431b7-4379-4dc5-9fef-5b9ad70a94c4",
