{
  "polygons" : "true",
  "field" : "golden",
  "symmetry" : "icosahedral",
  "orientations" : [ [ 1.0, 0.0, 0.0, 0.0, 0.0, 1.0, 0.0, 0.0, 0.0, 0.0, 1.0, 0.0, 0.0, 0.0, 0.0, 1.0 ], [ 0.0, 0.0, 1.0, 0.0, 1.0, 0.0, 0.0, 0.0, 0.0, 1.0, 0.0, 0.0, 0.0, 0.0, 0.0, 1.0 ], [ 0.0, 1.0, 0.0, 0.0, 0.0, 0.0, 1.0, 0.0, 1.0, 0.0, 0.0, 0.0, 0.0, 0.0, 0.0, 1.0 ], [ 0.809017, 0.309017, 0.5, 0.0, 0.309017, 0.5, -0.809017, 0.0, -0.5, 0.809017, 0.309017, 0.0, 0.0, 0.0, 0.0, 1.0 ], [ -0.5, 0.809017, 0.309017, 0.0, 0.809017, 0.309017, 0.5, 0.0, 0.309017, 0.5, -0.809017, 0.0, 0.0, 0.0, 0.0, 1.0 ], [ 0.309017, 0.5, -0.809017, 0.0, -0.5, 0.809017, 0.309017, 0.0, 0.809017, 0.309017, 0.5, 0.0, 0.0, 0.0, 0.0, 1.0 ], [ 0.5, 0.809017, 0.309017, 0.0, 0.809017, -0.309017, -0.5, 0.0, -0.309017, 0.5, -0.809017, 0.0, 0.0, 0.0, 0.0, 1.0 ], [ -0.309017, 0.5, -0.809017, 0.0, 0.5, 0.809017, 0.309017, 0.0, 0.809017, -0.309017, -0.5, 0.0, 0.0, 0.0, 0.0, 1.0 ], [ 0.809017, -0.309017, -0.5, 0.0, -0.309017, 0.5, -0.809017, 0.0, 0.5, 0.809017, 0.309017, 0.0, 0.0, 0.0, 0.0, 1.0 ], [ 0.5, 0.809017, -0.309017, 0.0, 0.809017, -0.309017, 0.5, 0.0, 0.309017, -0.5, -0.809017, 0.0, 0.0, 0.0, 0.0, 1.0 ], [ 0.309017, -0.5, -0.809017, 0.0, 0.5, 0.809017, -0.309017, 0.0, 0.809017, -0.309017, 0.5, 0.0, 0.0, 0.0, 0.0, 1.0 ], [ 0.809017, -0.309017, 0.5, 0.0, 0.309017, -0.5, -0.809017, 0.0, 0.5, 0.809017, -0.309017, 0.0, 0.0, 0.0, 0.0, 1.0 ], [ 0.809017, 0.309017, -0.5, 0.0, 0.309017, 0.5, 0.809017, 0.0, 0.5, -0.809017, 0.309017, 0.0, 0.0, 0.0, 0.0, 1.0 ], [ 0.5, -0.809017, 0.309017, 0.0, 0.809017, 0.309017, -0.5, 0.0, 0.309017, 0.5, 0.809017, 0.0, 0.0, 0.0, 0.0, 1.0 ], [ 0.309017, 0.5, 0.809017, 0.0, 0.5, -0.809017, 0.309017, 0.0, 0.809017, 0.309017, -0.5, 0.0, 0.0, 0.0, 0.0, 1.0 ], [ 1.0, 0.0, 0.0, 0.0, 0.0, -1.0, 0.0, 0.0, 0.0, 0.0, -1.0, 0.0, 0.0, 0.0, 0.0, 1.0 ], [ 0.0, 0.0, 1.0, 0.0, -1.0, 0.0, 0.0, 0.0, 0.0, -1.0, 0.0, 0.0, 0.0, 0.0, 0.0, 1.0 ], [ 0.0, 1.0, 0.0, 0.0, 0.0, 0.0, -1.0, 0.0, -1.0, 0.0, 0.0, 0.0, 0.0, 0.0, 0.0, 1.0 ], [ 0.809017, 0.309017, 0.5, 0.0, -0.309017, -0.5, 0.809017, 0.0, 0.5, -0.809017, -0.309017, 0.0, 0.0, 0.0, 0.0, 1.0 ], [ -0.5, 0.809017, 0.309017, 0.0, -0.809017, -0.309017, -0.5, 0.0, -0.309017, -0.5, 0.809017, 0.0, 0.0, 0.0, 0.0, 1.0 ], [ 0.309017, 0.5, -0.809017, 0.0, 0.5, -0.809017, -0.309017, 0.0, -0.809017, -0.309017, -0.5, 0.0, 0.0, 0.0, 0.0, 1.0 ], [ 0.5, 0.809017, 0.309017, 0.0, -0.809017, 0.309017, 0.5, 0.0, 0.309017, -0.5, 0.809017, 0.0, 0.0, 0.0, 0.0, 1.0 ], [ -0.309017, 0.5, -0.809017, 0.0, -0.5, -0.809017, -0.309017, 0.0, -0.809017, 0.309017, 0.5, 0.0, 0.0, 0.0, 0.0, 1.0 ], [ 0.809017, -0.309017, -0.5, 0.0, 0.309017, -0.5, 0.809017, 0.0, -0.5, -0.809017, -0.309017, 0.0, 0.0, 0.0, 0.0, 1.0 ], [ 0.5, 0.809017, -0.309017, 0.0, -0.809017, 0.309017, -0.5, 0.0, -0.309017, 0.5, 0.809017, 0.0, 0.0, 0.0, 0.0, 1.0 ], [ 0.309017, -0.5, -0.809017, 0.0, -0.5, -0.809017, 0.309017, 0.0, -0.809017, 0.309017, -0.5, 0.0, 0.0, 0.0, 0.0, 1.0 ], [ 0.809017, -0.309017, 0.5, 0.0, -0.309017, 0.5, 0.809017, 0.0, -0.5, -0.809017, 0.309017, 0.0, 0.0, 0.0, 0.0, 1.0 ], [ 0.809017, 0.309017, -0.5, 0.0, -0.309017, -0.5, -0.809017, 0.0, -0.5, 0.809017, -0.309017, 0.0, 0.0, 0.0, 0.0, 1.0 ], [ 0.5, -0.809017, 0.309017, 0.0, -0.809017, -0.309017, 0.5, 0.0, -0.309017, -0.5, -0.809017, 0.0, 0.0, 0.0, 0.0, 1.0 ], [ 0.309017, 0.5, 0.809017, 0.0, -0.5, 0.809017, -0.309017, 0.0, -0.809017, -0.309017, 0.5, 0.0, 0.0, 0.0, 0.0, 1.0 ], [ -1.0, 0.0, 0.0, 0.0, 0.0, -1.0, 0.0, 0.0, 0.0, 0.0, 1.0, 0.0, 0.0, 0.0, 0.0, 1.0 ], [ 0.0, 0.0, -1.0, 0.0, -1.0, 0.0, 0.0, 0.0, 0.0, 1.0, 0.0, 0.0, 0.0, 0.0, 0.0, 1.0 ], [ 0.0, -1.0, 0.0, 0.0, 0.0, 0.0, -1.0, 0.0, 1.0, 0.0, 0.0, 0.0, 0.0, 0.0, 0.0, 1.0 ], [ -0.809017, -0.309017, -0.5, 0.0, -0.309017, -0.5, 0.809017, 0.0, -0.5, 0.809017, 0.309017, 0.0, 0.0, 0.0, 0.0, 1.0 ], [ 0.5, -0.809017, -0.309017, 0.0, -0.809017, -0.309017, -0.5, 0.0, 0.309017, 0.5, -0.809017, 0.0, 0.0, 0.0, 0.0, 1.0 ], [ -0.309017, -0.5, 0.809017, 0.0, 0.5, -0.809017, -0.309017, 0.0, 0.809017, 0.309017, 0.5, 0.0, 0.0, 0.0, 0.0, 1.0 ], [ -0.5, -0.809017, -0.309017, 0.0, -0.809017, 0.309017, 0.5, 0.0, -0.309017, 0.5, -0.809017, 0.0, 0.0, 0.0, 0.0, 1.0 ], [ 0.309017, -0.5, 0.809017, 0.0, -0.5, -0.809017, -0.309017, 0.0, 0.809017, -0.309017, -0.5, 0.0, 0.0, 0.0, 0.0, 1.0 ], [ -0.809017, 0.309017, 0.5, 0.0, 0.309017, -0.5, 0.809017, 0.0, 0.5, 0.809017, 0.309017, 0.0, 0.0, 0.0, 0.0, 1.0 ], [ -0.5, -0.809017, 0.309017, 0.0, -0.809017, 0.309017, -0.5, 0.0, 0.309017, -0.5, -0.809017, 0.0, 0.0, 0.0, 0.0, 1.0 ], [ -0.309017, 0.5, 0.809017, 0.0, -0.5, -0.809017, 0.309017, 0.0, 0.809017, -0.309017, 0.5, 0.0, 0.0, 0.0, 0.0, 1.0 ], [ -0.809017, 0.309017, -0.5, 0.0, -0.309017, 0.5, 0.809017, 0.0, 0.5, 0.809017, -0.309017, 0.0, 0.0, 0.0, 0.0, 1.0 ], [ -0.809017, -0.309017, 0.5, 0.0, -0.309017, -0.5, -0.809017, 0.0, 0.5, -0.809017, 0.309017, 0.0, 0.0, 0.0, 0.0, 1.0 ], [ -0.5, 0.809017, -0.309017, 0.0, -0.809017, -0.309017, 0.5, 0.0, 0.309017, 0.5, 0.809017, 0.0, 0.0, 0.0, 0.0, 1.0 ], [ -0.309017, -0.5, -0.809017, 0.0, -0.5, 0.809017, -0.309017, 0.0, 0.809017, 0.309017, -0.5, 0.0, 0.0, 0.0, 0.0, 1.0 ], [ -1.0, 0.0, 0.0, 0.0, 0.0, 1.0, 0.0, 0.0, 0.0, 0.0, -1.0, 0.0, 0.0, 0.0, 0.0, 1.0 ], [ 0.0, 0.0, -1.0, 0.0, 1.0, 0.0, 0.0, 0.0, 0.0, -1.0, 0.0, 0.0, 0.0, 0.0, 0.0, 1.0 ], [ 0.0, -1.0, 0.0, 0.0, 0.0, 0.0, 1.0, 0.0, -1.0, 0.0, 0.0, 0.0, 0.0, 0.0, 0.0, 1.0 ], [ -0.809017, -0.309017, -0.5, 0.0, 0.309017, 0.5, -0.809017, 0.0, 0.5, -0.809017, -0.309017, 0.0, 0.0, 0.0, 0.0, 1.0 ], [ 0.5, -0.809017, -0.309017, 0.0, 0.809017, 0.309017, 0.5, 0.0, -0.309017, -0.5, 0.809017, 0.0, 0.0, 0.0, 0.0, 1.0 ], [ -0.309017, -0.5, 0.809017, 0.0, -0.5, 0.809017, 0.309017, 0.0, -0.809017, -0.309017, -0.5, 0.0, 0.0, 0.0, 0.0, 1.0 ], [ -0.5, -0.809017, -0.309017, 0.0, 0.809017, -0.309017, -0.5, 0.0, 0.309017, -0.5, 0.809017, 0.0, 0.0, 0.0, 0.0, 1.0 ], [ 0.309017, -0.5, 0.809017, 0.0, 0.5, 0.809017, 0.309017, 0.0, -0.809017, 0.309017, 0.5, 0.0, 0.0, 0.0, 0.0, 1.0 ], [ -0.809017, 0.309017, 0.5, 0.0, -0.309017, 0.5, -0.809017, 0.0, -0.5, -0.809017, -0.309017, 0.0, 0.0, 0.0, 0.0, 1.0 ], [ -0.5, -0.809017, 0.309017, 0.0, 0.809017, -0.309017, 0.5, 0.0, -0.309017, 0.5, 0.809017, 0.0, 0.0, 0.0, 0.0, 1.0 ], [ -0.309017, 0.5, 0.809017, 0.0, 0.5, 0.809017, -0.309017, 0.0, -0.809017, 0.309017, -0.5, 0.0, 0.0, 0.0, 0.0, 1.0 ], [ -0.809017, 0.309017, -0.5, 0.0, 0.309017, -0.5, -0.809017, 0.0, -0.5, -0.809017, 0.309017, 0.0, 0.0, 0.0, 0.0, 1.0 ], [ -0.809017, -0.309017, 0.5, 0.0, 0.309017, 0.5, 0.809017, 0.0, -0.5, 0.809017, -0.309017, 0.0, 0.0, 0.0, 0.0, 1.0 ], [ -0.5, 0.809017, -0.309017, 0.0, 0.809017, 0.309017, -0.5, 0.0, -0.309017, -0.5, -0.809017, 0.0, 0.0, 0.0, 0.0, 1.0 ], [ -0.309017, -0.5, -0.809017, 0.0, 0.5, -0.809017, 0.309017, 0.0, -0.809017, -0.309017, 0.5, 0.0, 0.0, 0.0, 0.0, 1.0 ] ],
  "lights" : {
    "directionalLights" : [ {
      "direction" : [ 1.0, -1.0, -1.0 ],
      "color" : "#EBEBE4"
    }, {
      "direction" : [ -1.0, 0.0, 0.0 ],
      "color" : "#E4E4EB"
    }, {
      "direction" : [ 0.0, 0.0, -1.0 ],
      "color" : "#1E1E1E"
    } ],
    "backgroundColor" : "#AFC8DC",
    "ambientColor" : "#292929"
  },
  "camera" : {
    "width" : 71.54824,
    "position" : {
      "x" : -105.8791,
      "y" : -95.52923,
      "z" : 70.309746
    },
    "fieldOfView" : 0.44262895,
    "perspective" : true,
    "lookAtPointRV" : {
      "x" : 0.0,
      "y" : 0.0,
      "z" : 0.0,
      "zero" : true
    },
    "upDirectionRV" : {
      "x" : 0.3735284,
      "y" : 0.24457385,
      "z" : 0.8947951,
      "zero" : false
    },
    "lookDirectionRV" : {
      "x" : 0.66592276,
      "y" : 0.60082763,
      "z" : -0.44221058,
      "zero" : false
    },
    "viewDistance" : 158.99606,
    "lookDirection" : {
      "x" : 0.66592276,
      "y" : 0.60082763,
      "z" : -0.44221058
    },
    "farClipDistance" : 317.99213,
    "lookAtPoint" : {
      "x" : 0.0,
      "y" : 0.0,
      "z" : 0.0
    },
    "upDirection" : {
      "x" : 0.3735284,
      "y" : 0.24457385,
      "z" : 0.8947951
    },
    "nearClipDistance" : 0.39749023,
    "stereo" : false
  },
  "embedding" : [ 1.0, 0.0, 0.0, 0.0, 0.0, 1.0, 0.0, 0.0, 0.0, 0.0, 1.0, 0.0, 0.0, 0.0, 0.0, 1.0 ],
  "shapes" : [ {
    "id" : "f025c6a5-059e-49a3-9659-847f2e04a8b6",
    "name" : "ball",
    "vertices" : [ {
      "x" : -0.309017,
      "y" : -0.19098301,
      "z" : 0.0
    }, {
      "x" : -0.309017,
      "y" : 0.19098301,
      "z" : 0.0
    }, {
      "x" : -0.19098301,
      "y" : 0.0,
      "z" : -0.309017
    }, {
      "x" : -0.19098301,
      "y" : 0.0,
      "z" : 0.309017
    }, {
      "x" : 0.0,
      "y" : -0.309017,
      "z" : -0.19098301
    }, {
      "x" : 0.0,
      "y" : -0.309017,
      "z" : 0.19098301
    }, {
      "x" : 0.0,
      "y" : 0.309017,
      "z" : -0.19098301
    }, {
      "x" : 0.0,
      "y" : 0.309017,
      "z" : 0.19098301
    }, {
      "x" : 0.19098301,
      "y" : 0.0,
      "z" : -0.309017
    }, {
      "x" : 0.19098301,
      "y" : 0.0,
      "z" : 0.309017
    }, {
      "x" : 0.309017,
      "y" : -0.19098301,
      "z" : 0.0
    }, {
      "x" : 0.309017,
      "y" : 0.19098301,
      "z" : 0.0
    } ],
    "faces" : [ {
      "vertices" : [ 0, 1, 2 ]
    }, {
      "vertices" : [ 0, 3, 1 ]
    }, {
      "vertices" : [ 0, 2, 4 ]
    }, {
      "vertices" : [ 0, 5, 3 ]
    }, {
      "vertices" : [ 0, 4, 5 ]
    }, {
      "vertices" : [ 1, 6, 2 ]
    }, {
      "vertices" : [ 1, 3, 7 ]
    }, {
      "vertices" : [ 1, 7, 6 ]
    }, {
      "vertices" : [ 2, 8, 4 ]
    }, {
      "vertices" : [ 2, 6, 8 ]
    }, {
      "vertices" : [ 3, 5, 9 ]
    }, {
      "vertices" : [ 3, 9, 7 ]
    }, {
      "vertices" : [ 4, 10, 5 ]
    }, {
      "vertices" : [ 4, 8, 10 ]
    }, {
      "vertices" : [ 5, 10, 9 ]
    }, {
      "vertices" : [ 6, 7, 11 ]
    }, {
      "vertices" : [ 6, 11, 8 ]
    }, {
      "vertices" : [ 7, 9, 11 ]
    }, {
      "vertices" : [ 8, 11, 10 ]
    }, {
      "vertices" : [ 9, 10, 11 ]
    } ]
  }, {
    "id" : "ac04f7b9-97c1-43ad-8a09-f9a6ae0eed82",
    "orbit" : "green",
    "orbitC" : "[[2,-1,1],[5,-3,1]]",
    "length" : "[1,6,8]",
    "name" : " :1/8 +3/4*phi",
    "vertices" : [ {
      "x" : 14.535459,
      "y" : 5.552051,
      "z" : -2.1206949
    }, {
      "x" : 14.153492,
      "y" : 5.097136,
      "z" : -1.9297118
    }, {
      "x" : 13.990374,
      "y" : 5.361068,
      "z" : -2.3567626
    }, {
      "x" : 13.917424,
      "y" : 5.625,
      "z" : -2.1657798
    }, {
      "x" : 0.85410196,
      "y" : 0.309017,
      "z" : 0.19098301
    }, {
      "x" : 0.690983,
      "y" : 0.572949,
      "z" : -0.23606798
    }, {
      "x" : 0.309017,
      "y" : 0.11803399,
      "z" : -0.045084972
    }, {
      "x" : 0.76393205,
      "y" : 0.309017,
      "z" : -0.42705098
    }, {
      "x" : 0.927051,
      "y" : 0.045084972,
      "z" : 0.0
    }, {
      "x" : 14.0805435,
      "y" : 5.361068,
      "z" : -1.7387288
    }, {
      "x" : 14.844475,
      "y" : 5.670085,
      "z" : -2.1657798
    } ],
    "faces" : [ {
      "vertices" : [ 2, 7, 5, 3 ]
    }, {
      "vertices" : [ 1, 8, 7, 2 ]
    }, {
      "vertices" : [ 4, 6, 8 ]
    }, {
      "vertices" : [ 5, 7, 6 ]
    }, {
      "vertices" : [ 0, 1, 2 ]
    }, {
      "vertices" : [ 0, 2, 3 ]
    }, {
      "vertices" : [ 6, 7, 8 ]
    }, {
      "vertices" : [ 3, 5, 4, 9 ]
    }, {
      "vertices" : [ 1, 9, 4, 8 ]
    }, {
      "vertices" : [ 0, 9, 1 ]
    }, {
      "vertices" : [ 0, 3, 9 ]
    }, {
      "vertices" : [ 4, 5, 6 ]
    } ]
  }, {
    "id" : "a23271b8-99c9-40ef-86c9-303639a16307",
    "orbit" : "blue",
    "orbitC" : "[[0,0,1],[0,0,1]]",
    "length" : "[1,1,2]",
    "name" : " :1/2 +1/2*phi",
    "vertices" : [ {
      "x" : 1.0,
      "y" : 0.309017,
      "z" : 0.19098301
    }, {
      "x" : 1.0,
      "y" : -0.309017,
      "z" : 0.19098301
    }, {
      "x" : 10.09017,
      "y" : -0.309017,
      "z" : 0.19098301
    }, {
      "x" : 10.09017,
      "y" : 0.309017,
      "z" : 0.19098301
    }, {
      "x" : 10.09017,
      "y" : -0.309017,
      "z" : -0.19098301
    }, {
      "x" : 10.09017,
      "y" : 0.309017,
      "z" : -0.19098301
    }, {
      "x" : 10.708204,
      "y" : 0.0,
      "z" : 0.0
    }, {
      "x" : 0.38196602,
      "y" : 0.0,
      "z" : 0.0
    }, {
      "x" : 1.0,
      "y" : 0.309017,
      "z" : -0.19098301
    }, {
      "x" : 1.0,
      "y" : -0.309017,
      "z" : -0.19098301
    }, {
      "x" : 11.09017,
      "y" : 0.0,
      "z" : 0.0
    } ],
    "faces" : [ {
      "vertices" : [ 1, 9, 4, 2 ]
    }, {
      "vertices" : [ 0, 3, 5, 8 ]
    }, {
      "vertices" : [ 1, 7, 9 ]
    }, {
      "vertices" : [ 0, 1, 2, 3 ]
    }, {
      "vertices" : [ 7, 8, 9 ]
    }, {
      "vertices" : [ 0, 7, 1 ]
    }, {
      "vertices" : [ 4, 9, 8, 5 ]
    }, {
      "vertices" : [ 2, 6, 3 ]
    }, {
      "vertices" : [ 2, 4, 6 ]
    }, {
      "vertices" : [ 3, 6, 5 ]
    }, {
      "vertices" : [ 4, 5, 6 ]
    }, {
      "vertices" : [ 0, 8, 7 ]
    } ]
  }, {
    "id" : "c6e521b0-19a3-4366-8ba1-1bb1f1ed875e",
    "orbit" : "0",
    "orbitC" : "[[0,0,1],[1,0,3]]",
    "length" : "[-1,1,1]",
    "name" : "shorter",
    "vertices" : [ {
      "x" : 0.13333334,
      "y" : -0.63679475,
      "z" : -2.577051
    }, {
      "x" : -0.26666668,
      "y" : -0.73679477,
      "z" : -2.677051
    }, {
      "x" : -0.13333334,
      "y" : -0.42222223,
      "z" : -0.6
    }, {
      "x" : 0.26666668,
      "y" : -0.32222223,
      "z" : -0.5
    }, {
      "x" : -0.13333334,
      "y" : -1.0367948,
      "z" : -2.4437177
    }, {
      "x" : 0.26666668,
      "y" : -0.93679476,
      "z" : -2.3437176
    }, {
      "x" : 0.13333334,
      "y" : -0.022222223,
      "z" : -0.73333335
    }, {
      "x" : -0.26666668,
      "y" : -0.12222222,
      "z" : -0.8333333
    } ],
    "faces" : [ {
      "vertices" : [ 2, 3, 6, 7 ]
    }, {
      "vertices" : [ 0, 5, 4, 1 ]
    }, {
      "vertices" : [ 2, 4, 5, 3 ]
    }, {
      "vertices" : [ 0, 6, 3, 5 ]
    }, {
      "vertices" : [ 0, 1, 7, 6 ]
    }, {
      "vertices" : [ 1, 4, 2, 7 ]
    } ]
  }, {
    "id" : "6537c7b4-1636-4682-ac12-4299d2623f2a",
    "vertices" : [ {
      "x" : 0.0,
      "y" : 0.0,
      "z" : 0.0
    }, {
      "x" : 0.0,
      "y" : -12.399187,
      "z" : 0.0
    }, {
      "x" : 0.0,
      "y" : -12.399187,
      "z" : -11.09017
    }, {
      "x" : 0.0,
      "y" : 0.0,
      "z" : -11.09017
    } ],
    "faces" : [ {
      "vertices" : [ 0, 1, 2, 3 ]
    }, {
      "vertices" : [ 0, 3, 2, 1 ]
    } ]
  }, {
    "id" : "123cdb99-3f53-4cd2-a2ca-af09b094857f",
    "orbit" : "blue",
    "orbitC" : "[[0,0,1],[0,0,1]]",
    "length" : "[3,2,4]",
    "name" : " :3/4 +1/2*phi",
    "vertices" : [ {
      "x" : 1.0,
      "y" : 0.309017,
      "z" : 0.19098301
    }, {
      "x" : 1.0,
      "y" : -0.309017,
      "z" : 0.19098301
    }, {
      "x" : 12.208204,
      "y" : -0.309017,
      "z" : 0.19098301
    }, {
      "x" : 12.208204,
      "y" : 0.309017,
      "z" : 0.19098301
    }, {
      "x" : 12.208204,
      "y" : -0.309017,
      "z" : -0.19098301
    }, {
      "x" : 12.208204,
      "y" : 0.309017,
      "z" : -0.19098301
    }, {
      "x" : 12.826238,
      "y" : 0.0,
      "z" : 0.0
    }, {
      "x" : 0.38196602,
      "y" : 0.0,
      "z" : 0.0
    }, {
      "x" : 1.0,
      "y" : 0.309017,
      "z" : -0.19098301
    }, {
      "x" : 1.0,
      "y" : -0.309017,
      "z" : -0.19098301
    }, {
      "x" : 13.208204,
      "y" : 0.0,
      "z" : 0.0
    } ],
    "faces" : [ {
      "vertices" : [ 1, 9, 4, 2 ]
    }, {
      "vertices" : [ 0, 3, 5, 8 ]
    }, {
      "vertices" : [ 1, 7, 9 ]
    }, {
      "vertices" : [ 0, 1, 2, 3 ]
    }, {
      "vertices" : [ 7, 8, 9 ]
    }, {
      "vertices" : [ 0, 7, 1 ]
    }, {
      "vertices" : [ 4, 9, 8, 5 ]
    }, {
      "vertices" : [ 2, 6, 3 ]
    }, {
      "vertices" : [ 2, 4, 6 ]
    }, {
      "vertices" : [ 3, 6, 5 ]
    }, {
      "vertices" : [ 4, 5, 6 ]
    }, {
      "vertices" : [ 0, 8, 7 ]
    } ]
  }, {
    "id" : "6967bd02-45be-4041-aed9-d4bc29ddcec2",
    "vertices" : [ {
      "x" : 0.0,
      "y" : 0.0,
      "z" : 0.0
    }, {
      "x" : 0.0,
      "y" : -2.118034,
      "z" : 0.0
    }, {
      "x" : 0.0,
      "y" : -2.118034,
      "z" : -6.854102
    }, {
      "x" : 0.0,
      "y" : 0.0,
      "z" : -6.854102
    } ],
    "faces" : [ {
      "vertices" : [ 0, 1, 2, 3 ]
    }, {
      "vertices" : [ 0, 3, 2, 1 ]
    } ]
  }, {
    "id" : "cdbcf838-e2a7-4dfb-b4c1-1c5f6986cb60",
    "vertices" : [ {
      "x" : 0.0,
      "y" : 0.0,
      "z" : 0.0
    }, {
      "x" : 0.0,
      "y" : -1.059017,
      "z" : 3.177051
    }, {
      "x" : 0.0,
      "y" : -12.149187,
      "z" : 3.177051
    }, {
      "x" : 0.0,
      "y" : -13.208204,
      "z" : 0.0
    } ],
    "faces" : [ {
      "vertices" : [ 0, 1, 2, 3 ]
    }, {
      "vertices" : [ 0, 3, 2, 1 ]
    } ]
  }, {
    "id" : "7798b6d0-f848-4c59-a5e7-2f12a8e33e54",
    "vertices" : [ {
      "x" : 0.0,
      "y" : 0.0,
      "z" : 0.0
    }, {
      "x" : 0.0,
      "y" : 12.399187,
      "z" : -3.177051
    }, {
      "x" : 0.0,
      "y" : 11.34017,
      "z" : 11.34017
    } ],
    "faces" : [ {
      "vertices" : [ 0, 1, 2 ]
    }, {
      "vertices" : [ 0, 2, 1 ]
    } ]
  }, {
    "id" : "835583e9-70d9-4870-8a99-b1ba760bd536",
    "vertices" : [ {
      "x" : 0.0,
      "y" : 0.0,
      "z" : 0.0
    }, {
      "x" : 3.5043051,
      "y" : -12.678696,
      "z" : -9.17439
    }, {
      "x" : -0.57725424,
      "y" : -6.0745935,
      "z" : -19.860052
    }, {
      "x" : -4.0815597,
      "y" : 6.604102,
      "z" : -10.685661
    } ],
    "faces" : [ {
      "vertices" : [ 0, 1, 2, 3 ]
    }, {
      "vertices" : [ 0, 3, 2, 1 ]
    } ]
  }, {
    "id" : "cfd8a591-e01b-4e71-baf4-606220820608",
    "vertices" : [ {
      "x" : 0.0,
      "y" : 0.0,
      "z" : 0.0
    }, {
      "x" : 0.0,
      "y" : -12.399187,
      "z" : 3.177051
    }, {
      "x" : 0.0,
      "y" : -11.34017,
      "z" : -11.34017
    } ],
    "faces" : [ {
      "vertices" : [ 0, 1, 2 ]
    }, {
      "vertices" : [ 0, 2, 1 ]
    } ]
  }, {
    "id" : "08707d16-adcd-4897-a1b7-6402a5a5a701",
    "orbit" : "blue",
    "orbitC" : "[[0,0,1],[0,0,1]]",
    "length" : "[0,1,2]",
    "name" : " :1/2*phi",
    "vertices" : [ {
      "x" : 1.0,
      "y" : 0.309017,
      "z" : 0.19098301
    }, {
      "x" : 1.0,
      "y" : -0.309017,
      "z" : 0.19098301
    }, {
      "x" : 5.854102,
      "y" : -0.309017,
      "z" : 0.19098301
    }, {
      "x" : 5.854102,
      "y" : 0.309017,
      "z" : 0.19098301
    }, {
      "x" : 5.854102,
      "y" : -0.309017,
      "z" : -0.19098301
    }, {
      "x" : 5.854102,
      "y" : 0.309017,
      "z" : -0.19098301
    }, {
      "x" : 6.472136,
      "y" : 0.0,
      "z" : 0.0
    }, {
      "x" : 0.38196602,
      "y" : 0.0,
      "z" : 0.0
    }, {
      "x" : 1.0,
      "y" : 0.309017,
      "z" : -0.19098301
    }, {
      "x" : 1.0,
      "y" : -0.309017,
      "z" : -0.19098301
    }, {
      "x" : 6.854102,
      "y" : 0.0,
      "z" : 0.0
    } ],
    "faces" : [ {
      "vertices" : [ 1, 9, 4, 2 ]
    }, {
      "vertices" : [ 0, 3, 5, 8 ]
    }, {
      "vertices" : [ 1, 7, 9 ]
    }, {
      "vertices" : [ 0, 1, 2, 3 ]
    }, {
      "vertices" : [ 7, 8, 9 ]
    }, {
      "vertices" : [ 0, 7, 1 ]
    }, {
      "vertices" : [ 4, 9, 8, 5 ]
    }, {
      "vertices" : [ 2, 6, 3 ]
    }, {
      "vertices" : [ 2, 4, 6 ]
    }, {
      "vertices" : [ 3, 6, 5 ]
    }, {
      "vertices" : [ 4, 5, 6 ]
    }, {
      "vertices" : [ 0, 8, 7 ]
    } ]
  }, {
    "id" : "02de2333-bb1b-4273-9fd2-2a8563fbc91f",
    "vertices" : [ {
      "x" : 0.0,
      "y" : 0.0,
      "z" : 0.0
    }, {
      "x" : 0.0,
      "y" : 11.09017,
      "z" : 0.0
    }, {
      "x" : 0.0,
      "y" : 12.149187,
      "z" : 14.5172205
    }, {
      "x" : 0.0,
      "y" : -1.059017,
      "z" : 14.5172205
    } ],
    "faces" : [ {
      "vertices" : [ 0, 1, 2, 3 ]
    }, {
      "vertices" : [ 0, 3, 2, 1 ]
    } ]
  }, {
    "id" : "99d8cb6f-95ac-4fae-8be7-6fed5b53ffb2",
    "vertices" : [ {
      "x" : 0.0,
      "y" : 0.0,
      "z" : 0.0
    }, {
      "x" : 0.0,
      "y" : 0.0,
      "z" : 14.5172205
    }, {
      "x" : 0.0,
      "y" : -6.854102,
      "z" : 14.5172205
    }, {
      "x" : 0.0,
      "y" : -6.854102,
      "z" : 0.0
    } ],
    "faces" : [ {
      "vertices" : [ 0, 1, 2, 3 ]
    }, {
      "vertices" : [ 0, 3, 2, 1 ]
    } ]
  }, {
    "id" : "9d1f45e1-699a-44e9-a9ee-9cbaee79467e",
    "vertices" : [ {
      "x" : 0.0,
      "y" : 0.0,
      "z" : 0.0
    }, {
      "x" : 0.0,
      "y" : 12.399187,
      "z" : 0.0
    }, {
      "x" : 0.0,
      "y" : 12.399187,
      "z" : 11.09017
    }, {
      "x" : 0.0,
      "y" : 0.0,
      "z" : 11.09017
    } ],
    "faces" : [ {
      "vertices" : [ 0, 1, 2, 3 ]
    }, {
      "vertices" : [ 0, 3, 2, 1 ]
    } ]
  }, {
    "id" : "dac8a4f5-01e1-4b79-9cb1-a05e035e50b2",
    "vertices" : [ {
      "x" : 0.0,
      "y" : 0.0,
      "z" : 0.0
    }, {
      "x" : 0.0,
      "y" : 1.059017,
      "z" : 3.177051
    }, {
      "x" : 0.0,
      "y" : 1.059017,
      "z" : 10.031153
    }, {
      "x" : 0.0,
      "y" : 0.0,
      "z" : 13.208204
    } ],
    "faces" : [ {
      "vertices" : [ 0, 1, 2, 3 ]
    }, {
      "vertices" : [ 0, 3, 2, 1 ]
    } ]
  }, {
    "id" : "08bf483a-485f-45ca-b250-073cffd1b678",
    "vertices" : [ {
      "x" : 0.0,
      "y" : 0.0,
      "z" : 0.0
    }, {
      "x" : 0.0,
      "y" : 12.399187,
      "z" : 3.177051
    }, {
      "x" : 0.0,
      "y" : 12.399187,
      "z" : 10.031153
    }, {
      "x" : 0.0,
      "y" : 0.0,
      "z" : 13.208204
    } ],
    "faces" : [ {
      "vertices" : [ 0, 1, 2, 3 ]
    }, {
      "vertices" : [ 0, 3, 2, 1 ]
    } ]
  }, {
    "id" : "b991512c-e0cc-4328-bfcc-94a7dfb839d8",
    "vertices" : [ {
      "x" : 0.0,
      "y" : 0.0,
      "z" : 0.0
    }, {
      "x" : 0.0,
      "y" : 0.0,
      "z" : -14.5172205
    }, {
      "x" : 0.0,
      "y" : 6.854102,
      "z" : -14.5172205
    }, {
      "x" : 0.0,
      "y" : 6.854102,
      "z" : 0.0
    } ],
    "faces" : [ {
      "vertices" : [ 0, 1, 2, 3 ]
    }, {
      "vertices" : [ 0, 3, 2, 1 ]
    } ]
  }, {
    "id" : "c6445a1e-8dbe-43af-ac22-cdeaabeee155",
    "vertices" : [ {
      "x" : 0.0,
      "y" : 0.0,
      "z" : 0.0
    }, {
      "x" : 0.0,
      "y" : 1.059017,
      "z" : -3.177051
    }, {
      "x" : 0.0,
      "y" : 12.149187,
      "z" : -3.177051
    }, {
      "x" : 0.0,
      "y" : 13.208204,
      "z" : 0.0
    } ],
    "faces" : [ {
      "vertices" : [ 0, 1, 2, 3 ]
    }, {
      "vertices" : [ 0, 3, 2, 1 ]
    } ]
  }, {
    "id" : "3c2110bf-60dc-4471-b951-e6b74c1fa137",
    "vertices" : [ {
      "x" : 0.0,
      "y" : 0.0,
      "z" : 0.0
    }, {
      "x" : 0.0,
      "y" : -1.059017,
      "z" : -3.177051
    }, {
      "x" : 0.0,
      "y" : -1.059017,
      "z" : -10.031153
    }, {
      "x" : 0.0,
      "y" : 0.0,
      "z" : -13.208204
    } ],
    "faces" : [ {
      "vertices" : [ 0, 1, 2, 3 ]
    }, {
      "vertices" : [ 0, 3, 2, 1 ]
    } ]
  }, {
    "id" : "f8f6fc25-9a06-4f28-9959-11cd5156dfec",
    "vertices" : [ {
      "x" : 0.0,
      "y" : 0.0,
      "z" : 0.0
    }, {
      "x" : 0.0,
      "y" : 2.118034,
      "z" : 0.0
    }, {
      "x" : 0.0,
      "y" : 2.118034,
      "z" : 6.854102
    }, {
      "x" : 0.0,
      "y" : 0.0,
      "z" : 6.854102
    } ],
    "faces" : [ {
      "vertices" : [ 0, 1, 2, 3 ]
    }, {
      "vertices" : [ 0, 3, 2, 1 ]
    } ]
  }, {
    "id" : "18c41049-c1dc-4d77-b93f-7e472104858f",
    "vertices" : [ {
      "x" : 0.0,
      "y" : 0.0,
      "z" : 0.0
    }, {
      "x" : 0.0,
      "y" : 6.854102,
      "z" : 0.0
    }, {
      "x" : 0.0,
      "y" : 6.854102,
      "z" : 13.208204
    }, {
      "x" : 0.0,
      "y" : 0.0,
      "z" : 13.208204
    } ],
    "faces" : [ {
      "vertices" : [ 0, 1, 2, 3 ]
    }, {
      "vertices" : [ 0, 3, 2, 1 ]
    } ]
  }, {
    "id" : "4792d2eb-d4cf-4da7-869a-2d45477cfee5",
    "vertices" : [ {
      "x" : 0.0,
      "y" : 0.0,
      "z" : 0.0
    }, {
      "x" : 0.0,
      "y" : -13.208204,
      "z" : 0.0
    }, {
      "x" : 0.0,
      "y" : -13.208204,
      "z" : -11.09017
    }, {
      "x" : 0.0,
      "y" : 0.0,
      "z" : -11.09017
    } ],
    "faces" : [ {
      "vertices" : [ 0, 1, 2, 3 ]
    }, {
      "vertices" : [ 0, 3, 2, 1 ]
    } ]
  }, {
    "id" : "97ecb57a-b496-4e56-b5d1-41cec02e8b9c",
    "vertices" : [ {
      "x" : 0.0,
      "y" : 0.0,
      "z" : 0.0
    }, {
      "x" : 0.0,
      "y" : 1.059017,
      "z" : -14.5172205
    }, {
      "x" : 0.0,
      "y" : 12.399187,
      "z" : -3.177051
    } ],
    "faces" : [ {
      "vertices" : [ 0, 1, 2 ]
    }, {
      "vertices" : [ 0, 2, 1 ]
    } ]
  }, {
    "id" : "19a6ab8b-3b5b-49de-99ed-a7cb9e6373ab",
    "vertices" : [ {
      "x" : 0.0,
      "y" : 0.0,
      "z" : 0.0
    }, {
      "x" : 0.0,
      "y" : -6.854102,
      "z" : 0.0
    }, {
      "x" : 0.0,
      "y" : -6.854102,
      "z" : -13.208204
    }, {
      "x" : 0.0,
      "y" : 0.0,
      "z" : -13.208204
    } ],
    "faces" : [ {
      "vertices" : [ 0, 1, 2, 3 ]
    }, {
      "vertices" : [ 0, 3, 2, 1 ]
    } ]
  }, {
    "id" : "83b8d90b-8758-4d76-9845-2ae42dfd10f6",
    "vertices" : [ {
      "x" : 0.0,
      "y" : 0.0,
      "z" : 0.0
    }, {
      "x" : 0.0,
      "y" : 0.0,
      "z" : -6.854102
    }, {
      "x" : 0.0,
      "y" : 12.399187,
      "z" : -10.031153
    }, {
      "x" : 0.0,
      "y" : 12.399187,
      "z" : 3.177051
    } ],
    "faces" : [ {
      "vertices" : [ 0, 1, 2, 3 ]
    }, {
      "vertices" : [ 0, 3, 2, 1 ]
    } ]
  }, {
    "id" : "1ae05ec6-8ce8-4e86-ad6f-42bd69fe7f21",
    "vertices" : [ {
      "x" : 0.0,
      "y" : 0.0,
      "z" : 0.0
    }, {
      "x" : 0.0,
      "y" : -12.399187,
      "z" : -3.177051
    }, {
      "x" : 0.0,
      "y" : -12.399187,
      "z" : -10.031153
    }, {
      "x" : 0.0,
      "y" : 0.0,
      "z" : -13.208204
    } ],
    "faces" : [ {
      "vertices" : [ 0, 1, 2, 3 ]
    }, {
      "vertices" : [ 0, 3, 2, 1 ]
    } ]
  }, {
    "id" : "0ff7a893-40f6-4add-a374-e0fd40ea1d03",
    "vertices" : [ {
      "x" : 0.0,
      "y" : 0.0,
      "z" : 0.0
    }, {
      "x" : 0.0,
      "y" : -1.059017,
      "z" : 14.5172205
    }, {
      "x" : 0.0,
      "y" : -12.399187,
      "z" : 3.177051
    } ],
    "faces" : [ {
      "vertices" : [ 0, 1, 2 ]
    }, {
      "vertices" : [ 0, 2, 1 ]
    } ]
  }, {
    "id" : "dbc6e3b3-0628-4e54-81b1-a9667121ce52",
    "vertices" : [ {
      "x" : 0.0,
      "y" : 0.0,
      "z" : 0.0
    }, {
      "x" : 0.0,
      "y" : -11.09017,
      "z" : 0.0
    }, {
      "x" : 0.0,
      "y" : -12.149187,
      "z" : -14.5172205
    }, {
      "x" : 0.0,
      "y" : 1.059017,
      "z" : -14.5172205
    } ],
    "faces" : [ {
      "vertices" : [ 0, 1, 2, 3 ]
    }, {
      "vertices" : [ 0, 3, 2, 1 ]
    } ]
  }, {
    "id" : "98e395cb-2092-4073-bd31-b0488cf4c536",
    "vertices" : [ {
      "x" : 0.0,
      "y" : 0.0,
      "z" : 0.0
    }, {
      "x" : 0.0,
      "y" : 13.208204,
      "z" : 0.0
    }, {
      "x" : 0.0,
      "y" : 13.208204,
      "z" : 11.09017
    }, {
      "x" : 0.0,
      "y" : 0.0,
      "z" : 11.09017
    } ],
    "faces" : [ {
      "vertices" : [ 0, 1, 2, 3 ]
    }, {
      "vertices" : [ 0, 3, 2, 1 ]
    } ]
  }, {
    "id" : "08609952-64fc-48ed-9412-b2ac2a2f7bbe",
    "vertices" : [ {
      "x" : 0.0,
      "y" : 0.0,
      "z" : 0.0
    }, {
      "x" : 0.0,
      "y" : 0.0,
      "z" : 6.854102
    }, {
      "x" : 0.0,
      "y" : -12.399187,
      "z" : 10.031153
    }, {
      "x" : 0.0,
      "y" : -12.399187,
      "z" : -3.177051
    } ],
    "faces" : [ {
      "vertices" : [ 0, 1, 2, 3 ]
    }, {
      "vertices" : [ 0, 3, 2, 1 ]
    } ]
  }, {
    "id" : "0b397ba9-9d34-4399-a5f9-ce10512abdc9",
    "vertices" : [ {
      "x" : 0.0,
      "y" : 0.0,
      "z" : 0.0
    }, {
      "x" : 0.0,
      "y" : -1.059017,
      "z" : 14.5172205
    }, {
      "x" : 0.0,
      "y" : -12.149187,
      "z" : 14.5172205
    }, {
      "x" : 0.0,
      "y" : -13.208204,
      "z" : 0.0
    } ],
    "faces" : [ {
      "vertices" : [ 0, 1, 2, 3 ]
    }, {
      "vertices" : [ 0, 3, 2, 1 ]
    } ]
  }, {
    "id" : "04ecffb5-1ece-44ff-9a9e-85301249e23a",
    "vertices" : [ {
      "x" : 0.0,
      "y" : 0.0,
      "z" : 0.0
    }, {
      "x" : 0.0,
      "y" : 1.059017,
      "z" : -14.5172205
    }, {
      "x" : 0.0,
      "y" : 12.149187,
      "z" : -14.5172205
    }, {
      "x" : 0.0,
      "y" : 13.208204,
      "z" : 0.0
    } ],
    "faces" : [ {
      "vertices" : [ 0, 1, 2, 3 ]
    }, {
      "vertices" : [ 0, 3, 2, 1 ]
    } ]
  } ],
  "instances" : [ {
    "shape" : "f025c6a5-059e-49a3-9659-847f2e04a8b6",
    "color" : "#666666",
    "position" : {
      "x" : -3.427051,
      "y" : -17.944271,
      "z" : 5.545085
    }
  }, {
    "shape" : "f025c6a5-059e-49a3-9659-847f2e04a8b6",
    "color" : "#666666",
    "position" : {
      "x" : 6.604102,
      "y" : 17.944271,
      "z" : 6.604102
    }
  }, {
    "shape" : "ac04f7b9-97c1-43ad-8a09-f9a6ae0eed82",
    "color" : "#999999",
    "position" : {
      "x" : -17.944271,
      "y" : -6.604102,
      "z" : -6.604102
    },
    "orientation" : 21
  }, {
    "shape" : "a23271b8-99c9-40ef-86c9-303639a16307",
    "color" : "#999999",
    "position" : {
      "x" : 17.944271,
      "y" : 5.545085,
      "z" : 3.427051
    },
    "orientation" : 16
  }, {
    "shape" : "c6e521b0-19a3-4366-8ba1-1bb1f1ed875e",
    "color" : "#999999",
    "position" : {
      "x" : 6.604102,
      "y" : -17.944271,
      "z" : 6.604102
    },
    "orientation" : 1
  }, {
    "shape" : "f025c6a5-059e-49a3-9659-847f2e04a8b6",
    "color" : "#666666",
    "position" : {
      "x" : -17.944271,
      "y" : -5.545085,
      "z" : -3.427051
    }
  }, {
    "shape" : "6537c7b4-1636-4682-ac12-4299d2623f2a",
    "color" : "#CCCCCC",
    "position" : {
      "x" : -17.944271,
      "y" : 5.545085,
      "z" : 3.427051
    },
    "orientation" : 47
  }, {
    "shape" : "f025c6a5-059e-49a3-9659-847f2e04a8b6",
    "color" : "#666666",
    "position" : {
      "x" : -3.427051,
      "y" : -17.944271,
      "z" : -5.545085
    }
  }, {
    "shape" : "123cdb99-3f53-4cd2-a2ca-af09b094857f",
    "color" : "#999999",
    "position" : {
      "x" : 17.944271,
      "y" : -6.604102,
      "z" : 6.604102
    },
    "orientation" : 1
  }, {
    "shape" : "6967bd02-45be-4041-aed9-d4bc29ddcec2",
    "color" : "#666666",
    "position" : {
      "x" : 3.427051,
      "y" : 5.545085,
      "z" : -5.545085
    },
    "orientation" : 16
  }, {
    "shape" : "ac04f7b9-97c1-43ad-8a09-f9a6ae0eed82",
    "color" : "#999999",
    "position" : {
      "x" : 17.944271,
      "y" : -6.604102,
      "z" : -6.604102
    },
    "orientation" : 36
  }, {
    "shape" : "cdbcf838-e2a7-4dfb-b4c1-1c5f6986cb60",
    "color" : "#CCCCCC",
    "position" : {
      "x" : -6.604102,
      "y" : -17.944271,
      "z" : -6.604102
    },
    "orientation" : 16
  }, {
    "shape" : "7798b6d0-f848-4c59-a5e7-2f12a8e33e54",
    "color" : "#CCCCCC",
    "position" : {
      "x" : 17.944271,
      "y" : 6.604102,
      "z" : -6.604102
    },
    "orientation" : 47
  }, {
    "shape" : "835583e9-70d9-4870-8a99-b1ba760bd536",
    "color" : "#CCCCCC",
    "position" : {
      "x" : -6.604102,
      "y" : 17.944271,
      "z" : 6.604102
    },
    "orientation" : 21
  }, {
    "shape" : "cdbcf838-e2a7-4dfb-b4c1-1c5f6986cb60",
    "color" : "#CCCCCC",
    "position" : {
      "x" : 17.944271,
      "y" : 6.604102,
      "z" : -6.604102
    },
    "orientation" : 0
  }, {
    "shape" : "f025c6a5-059e-49a3-9659-847f2e04a8b6",
    "color" : "#666666",
    "position" : {
      "x" : 17.944271,
      "y" : -6.604102,
      "z" : 6.604102
    }
  }, {
    "shape" : "c6e521b0-19a3-4366-8ba1-1bb1f1ed875e",
    "color" : "#999999",
    "position" : {
      "x" : -17.944271,
      "y" : -6.604102,
      "z" : 6.604102
    },
    "orientation" : 30
  }, {
    "shape" : "cfd8a591-e01b-4e71-baf4-606220820608",
    "color" : "#CCCCCC",
    "position" : {
      "x" : -17.944271,
      "y" : -6.604102,
      "z" : 6.604102
    },
    "orientation" : 47
  }, {
    "shape" : "08707d16-adcd-4897-a1b7-6402a5a5a701",
    "color" : "#999999",
    "position" : {
      "x" : 5.545085,
      "y" : 3.427051,
      "z" : 6.604102
    },
    "orientation" : 16
  }, {
    "shape" : "02de2333-bb1b-4273-9fd2-2a8563fbc91f",
    "color" : "#CCCCCC",
    "position" : {
      "x" : 5.545085,
      "y" : 3.427051,
      "z" : -6.604102
    },
    "orientation" : 47
  }, {
    "shape" : "c6e521b0-19a3-4366-8ba1-1bb1f1ed875e",
    "color" : "#999999",
    "position" : {
      "x" : 6.604102,
      "y" : 17.944271,
      "z" : 6.604102
    },
    "orientation" : 1
  }, {
    "shape" : "123cdb99-3f53-4cd2-a2ca-af09b094857f",
    "color" : "#999999",
    "position" : {
      "x" : -17.944271,
      "y" : 6.604102,
      "z" : 6.604102
    },
    "orientation" : 16
  }, {
    "shape" : "a23271b8-99c9-40ef-86c9-303639a16307",
    "color" : "#999999",
    "position" : {
      "x" : -5.545085,
      "y" : 3.427051,
      "z" : -6.604102
    },
    "orientation" : 0
  }, {
    "shape" : "123cdb99-3f53-4cd2-a2ca-af09b094857f",
    "color" : "#999999",
    "position" : {
      "x" : -6.604102,
      "y" : 17.944271,
      "z" : 6.604102
    },
    "orientation" : 0
  }, {
    "shape" : "08707d16-adcd-4897-a1b7-6402a5a5a701",
    "color" : "#999999",
    "position" : {
      "x" : -3.427051,
      "y" : -17.944271,
      "z" : -5.545085
    },
    "orientation" : 0
  }, {
    "shape" : "99d8cb6f-95ac-4fae-8be7-6fed5b53ffb2",
    "color" : "#CCCCCC",
    "position" : {
      "x" : -17.944271,
      "y" : -5.545085,
      "z" : 3.427051
    },
    "orientation" : 1
  }, {
    "shape" : "a23271b8-99c9-40ef-86c9-303639a16307",
    "color" : "#999999",
    "position" : {
      "x" : 3.427051,
      "y" : 17.944271,
      "z" : 5.545085
    },
    "orientation" : 47
  }, {
    "shape" : "c6e521b0-19a3-4366-8ba1-1bb1f1ed875e",
    "color" : "#999999",
    "position" : {
      "x" : -6.604102,
      "y" : 17.944271,
      "z" : -6.604102
    },
    "orientation" : 46
  }, {
    "shape" : "a23271b8-99c9-40ef-86c9-303639a16307",
    "color" : "#999999",
    "position" : {
      "x" : 3.427051,
      "y" : -17.944271,
      "z" : -5.545085
    },
    "orientation" : 2
  }, {
    "shape" : "6537c7b4-1636-4682-ac12-4299d2623f2a",
    "color" : "#CCCCCC",
    "position" : {
      "x" : 3.427051,
      "y" : 17.944271,
      "z" : -5.545085
    },
    "orientation" : 45
  }, {
    "shape" : "835583e9-70d9-4870-8a99-b1ba760bd536",
    "color" : "#CCCCCC",
    "position" : {
      "x" : -6.604102,
      "y" : -17.944271,
      "z" : -6.604102
    },
    "orientation" : 6
  }, {
    "shape" : "f025c6a5-059e-49a3-9659-847f2e04a8b6",
    "color" : "#666666",
    "position" : {
      "x" : 17.944271,
      "y" : -5.545085,
      "z" : 3.427051
    }
  }, {
    "shape" : "123cdb99-3f53-4cd2-a2ca-af09b094857f",
    "color" : "#999999",
    "position" : {
      "x" : -17.944271,
      "y" : 6.604102,
      "z" : 6.604102
    },
    "orientation" : 47
  }, {
    "shape" : "a23271b8-99c9-40ef-86c9-303639a16307",
    "color" : "#999999",
    "position" : {
      "x" : 5.545085,
      "y" : -3.427051,
      "z" : 6.604102
    },
    "orientation" : 45
  }, {
    "shape" : "c6e521b0-19a3-4366-8ba1-1bb1f1ed875e",
    "color" : "#999999",
    "position" : {
      "x" : 17.944271,
      "y" : 6.604102,
      "z" : -6.604102
    },
    "orientation" : 45
  }, {
    "shape" : "08707d16-adcd-4897-a1b7-6402a5a5a701",
    "color" : "#999999",
    "position" : {
      "x" : 17.944271,
      "y" : -5.545085,
      "z" : 3.427051
    },
    "orientation" : 47
  }, {
    "shape" : "f025c6a5-059e-49a3-9659-847f2e04a8b6",
    "color" : "#666666",
    "position" : {
      "x" : 5.545085,
      "y" : 3.427051,
      "z" : 6.604102
    }
  }, {
    "shape" : "9d1f45e1-699a-44e9-a9ee-9cbaee79467e",
    "color" : "#CCCCCC",
    "position" : {
      "x" : -3.427051,
      "y" : -17.944271,
      "z" : -5.545085
    },
    "orientation" : 0
  }, {
    "shape" : "9d1f45e1-699a-44e9-a9ee-9cbaee79467e",
    "color" : "#CCCCCC",
    "position" : {
      "x" : 3.427051,
      "y" : -17.944271,
      "z" : 5.545085
    },
    "orientation" : 45
  }, {
    "shape" : "cdbcf838-e2a7-4dfb-b4c1-1c5f6986cb60",
    "color" : "#CCCCCC",
    "position" : {
      "x" : -6.604102,
      "y" : 17.944271,
      "z" : 6.604102
    },
    "orientation" : 1
  }, {
    "shape" : "6967bd02-45be-4041-aed9-d4bc29ddcec2",
    "color" : "#666666",
    "position" : {
      "x" : -5.545085,
      "y" : 5.545085,
      "z" : 3.427051
    },
    "orientation" : 0
  }, {
    "shape" : "f025c6a5-059e-49a3-9659-847f2e04a8b6",
    "color" : "#666666",
    "position" : {
      "x" : 5.545085,
      "y" : -3.427051,
      "z" : -6.604102
    }
  }, {
    "shape" : "ac04f7b9-97c1-43ad-8a09-f9a6ae0eed82",
    "color" : "#999999",
    "position" : {
      "x" : 17.944271,
      "y" : 6.604102,
      "z" : 6.604102
    },
    "orientation" : 51
  }, {
    "shape" : "dac8a4f5-01e1-4b79-9cb1-a05e035e50b2",
    "color" : "#CCCCCC",
    "position" : {
      "x" : -6.604102,
      "y" : -17.944271,
      "z" : -6.604102
    },
    "orientation" : 1
  }, {
    "shape" : "123cdb99-3f53-4cd2-a2ca-af09b094857f",
    "color" : "#999999",
    "position" : {
      "x" : 17.944271,
      "y" : 6.604102,
      "z" : -6.604102
    },
    "orientation" : 2
  }, {
    "shape" : "c6e521b0-19a3-4366-8ba1-1bb1f1ed875e",
    "color" : "#999999",
    "position" : {
      "x" : -6.604102,
      "y" : -17.944271,
      "z" : 6.604102
    },
    "orientation" : 31
  }, {
    "shape" : "f025c6a5-059e-49a3-9659-847f2e04a8b6",
    "color" : "#666666",
    "position" : {
      "x" : -17.944271,
      "y" : 5.545085,
      "z" : -3.427051
    }
  }, {
    "shape" : "f025c6a5-059e-49a3-9659-847f2e04a8b6",
    "color" : "#666666",
    "position" : {
      "x" : 17.944271,
      "y" : 6.604102,
      "z" : -6.604102
    }
  }, {
