{
  "polygons" : "true",
  "field" : "golden",
  "symmetry" : "icosahedral",
  "orientations" : [ [ 1.0, 0.0, 0.0, 0.0, 0.0, 1.0, 0.0, 0.0, 0.0, 0.0, 1.0, 0.0, 0.0, 0.0, 0.0, 1.0 ], [ 0.0, 0.0, 1.0, 0.0, 1.0, 0.0, 0.0, 0.0, 0.0, 1.0, 0.0, 0.0, 0.0, 0.0, 0.0, 1.0 ], [ 0.0, 1.0, 0.0, 0.0, 0.0, 0.0, 1.0, 0.0, 1.0, 0.0, 0.0, 0.0, 0.0, 0.0, 0.0, 1.0 ], [ 0.809017, 0.309017, 0.5, 0.0, 0.309017, 0.5, -0.809017, 0.0, -0.5, 0.809017, 0.309017, 0.0, 0.0, 0.0, 0.0, 1.0 ], [ -0.5, 0.809017, 0.309017, 0.0, 0.809017, 0.309017, 0.5, 0.0, 0.309017, 0.5, -0.809017, 0.0, 0.0, 0.0, 0.0, 1.0 ], [ 0.309017, 0.5, -0.809017, 0.0, -0.5, 0.809017, 0.309017, 0.0, 0.809017, 0.309017, 0.5, 0.0, 0.0, 0.0, 0.0, 1.0 ], [ 0.5, 0.809017, 0.309017, 0.0, 0.809017, -0.309017, -0.5, 0.0, -0.309017, 0.5, -0.809017, 0.0, 0.0, 0.0, 0.0, 1.0 ], [ -0.309017, 0.5, -0.809017, 0.0, 0.5, 0.809017, 0.309017, 0.0, 0.809017, -0.309017, -0.5, 0.0, 0.0, 0.0, 0.0, 1.0 ], [ 0.809017, -0.309017, -0.5, 0.0, -0.309017, 0.5, -0.809017, 0.0, 0.5, 0.809017, 0.309017, 0.0, 0.0, 0.0, 0.0, 1.0 ], [ 0.5, 0.809017, -0.309017, 0.0, 0.809017, -0.309017, 0.5, 0.0, 0.309017, -0.5, -0.809017, 0.0, 0.0, 0.0, 0.0, 1.0 ], [ 0.309017, -0.5, -0.809017, 0.0, 0.5, 0.809017, -0.309017, 0.0, 0.809017, -0.309017, 0.5, 0.0, 0.0, 0.0, 0.0, 1.0 ], [ 0.809017, -0.309017, 0.5, 0.0, 0.309017, -0.5, -0.809017, 0.0, 0.5, 0.809017, -0.309017, 0.0, 0.0, 0.0, 0.0, 1.0 ], [ 0.809017, 0.309017, -0.5, 0.0, 0.309017, 0.5, 0.809017, 0.0, 0.5, -0.809017, 0.309017, 0.0, 0.0, 0.0, 0.0, 1.0 ], [ 0.5, -0.809017, 0.309017, 0.0, 0.809017, 0.309017, -0.5, 0.0, 0.309017, 0.5, 0.809017, 0.0, 0.0, 0.0, 0.0, 1.0 ], [ 0.309017, 0.5, 0.809017, 0.0, 0.5, -0.809017, 0.309017, 0.0, 0.809017, 0.309017, -0.5, 0.0, 0.0, 0.0, 0.0, 1.0 ], [ 1.0, 0.0, 0.0, 0.0, 0.0, -1.0, 0.0, 0.0, 0.0, 0.0, -1.0, 0.0, 0.0, 0.0, 0.0, 1.0 ], [ 0.0, 0.0, 1.0, 0.0, -1.0, 0.0, 0.0, 0.0, 0.0, -1.0, 0.0, 0.0, 0.0, 0.0, 0.0, 1.0 ], [ 0.0, 1.0, 0.0, 0.0, 0.0, 0.0, -1.0, 0.0, -1.0, 0.0, 0.0, 0.0, 0.0, 0.0, 0.0, 1.0 ], [ 0.809017, 0.309017, 0.5, 0.0, -0.309017, -0.5, 0.809017, 0.0, 0.5, -0.809017, -0.309017, 0.0, 0.0, 0.0, 0.0, 1.0 ], [ -0.5, 0.809017, 0.309017, 0.0, -0.809017, -0.309017, -0.5, 0.0, -0.309017, -0.5, 0.809017, 0.0, 0.0, 0.0, 0.0, 1.0 ], [ 0.309017, 0.5, -0.809017, 0.0, 0.5, -0.809017, -0.309017, 0.0, -0.809017, -0.309017, -0.5, 0.0, 0.0, 0.0, 0.0, 1.0 ], [ 0.5, 0.809017, 0.309017, 0.0, -0.809017, 0.309017, 0.5, 0.0, 0.309017, -0.5, 0.809017, 0.0, 0.0, 0.0, 0.0, 1.0 ], [ -0.309017, 0.5, -0.809017, 0.0, -0.5, -0.809017, -0.309017, 0.0, -0.809017, 0.309017, 0.5, 0.0, 0.0, 0.0, 0.0, 1.0 ], [ 0.809017, -0.309017, -0.5, 0.0, 0.309017, -0.5, 0.809017, 0.0, -0.5, -0.809017, -0.309017, 0.0, 0.0, 0.0, 0.0, 1.0 ], [ 0.5, 0.809017, -0.309017, 0.0, -0.809017, 0.309017, -0.5, 0.0, -0.309017, 0.5, 0.809017, 0.0, 0.0, 0.0, 0.0, 1.0 ], [ 0.309017, -0.5, -0.809017, 0.0, -0.5, -0.809017, 0.309017, 0.0, -0.809017, 0.309017, -0.5, 0.0, 0.0, 0.0, 0.0, 1.0 ], [ 0.809017, -0.309017, 0.5, 0.0, -0.309017, 0.5, 0.809017, 0.0, -0.5, -0.809017, 0.309017, 0.0, 0.0, 0.0, 0.0, 1.0 ], [ 0.809017, 0.309017, -0.5, 0.0, -0.309017, -0.5, -0.809017, 0.0, -0.5, 0.809017, -0.309017, 0.0, 0.0, 0.0, 0.0, 1.0 ], [ 0.5, -0.809017, 0.309017, 0.0, -0.809017, -0.309017, 0.5, 0.0, -0.309017, -0.5, -0.809017, 0.0, 0.0, 0.0, 0.0, 1.0 ], [ 0.309017, 0.5, 0.809017, 0.0, -0.5, 0.809017, -0.309017, 0.0, -0.809017, -0.309017, 0.5, 0.0, 0.0, 0.0, 0.0, 1.0 ], [ -1.0, 0.0, 0.0, 0.0, 0.0, -1.0, 0.0, 0.0, 0.0, 0.0, 1.0, 0.0, 0.0, 0.0, 0.0, 1.0 ], [ 0.0, 0.0, -1.0, 0.0, -1.0, 0.0, 0.0, 0.0, 0.0, 1.0, 0.0, 0.0, 0.0, 0.0, 0.0, 1.0 ], [ 0.0, -1.0, 0.0, 0.0, 0.0, 0.0, -1.0, 0.0, 1.0, 0.0, 0.0, 0.0, 0.0, 0.0, 0.0, 1.0 ], [ -0.809017, -0.309017, -0.5, 0.0, -0.309017, -0.5, 0.809017, 0.0, -0.5, 0.809017, 0.309017, 0.0, 0.0, 0.0, 0.0, 1.0 ], [ 0.5, -0.809017, -0.309017, 0.0, -0.809017, -0.309017, -0.5, 0.0, 0.309017, 0.5, -0.809017, 0.0, 0.0, 0.0, 0.0, 1.0 ], [ -0.309017, -0.5, 0.809017, 0.0, 0.5, -0.809017, -0.309017, 0.0, 0.809017, 0.309017, 0.5, 0.0, 0.0, 0.0, 0.0, 1.0 ], [ -0.5, -0.809017, -0.309017, 0.0, -0.809017, 0.309017, 0.5, 0.0, -0.309017, 0.5, -0.809017, 0.0, 0.0, 0.0, 0.0, 1.0 ], [ 0.309017, -0.5, 0.809017, 0.0, -0.5, -0.809017, -0.309017, 0.0, 0.809017, -0.309017, -0.5, 0.0, 0.0, 0.0, 0.0, 1.0 ], [ -0.809017, 0.309017, 0.5, 0.0, 0.309017, -0.5, 0.809017, 0.0, 0.5, 0.809017, 0.309017, 0.0, 0.0, 0.0, 0.0, 1.0 ], [ -0.5, -0.809017, 0.309017, 0.0, -0.809017, 0.309017, -0.5, 0.0, 0.309017, -0.5, -0.809017, 0.0, 0.0, 0.0, 0.0, 1.0 ], [ -0.309017, 0.5, 0.809017, 0.0, -0.5, -0.809017, 0.309017, 0.0, 0.809017, -0.309017, 0.5, 0.0, 0.0, 0.0, 0.0, 1.0 ], [ -0.809017, 0.309017, -0.5, 0.0, -0.309017, 0.5, 0.809017, 0.0, 0.5, 0.809017, -0.309017, 0.0, 0.0, 0.0, 0.0, 1.0 ], [ -0.809017, -0.309017, 0.5, 0.0, -0.309017, -0.5, -0.809017, 0.0, 0.5, -0.809017, 0.309017, 0.0, 0.0, 0.0, 0.0, 1.0 ], [ -0.5, 0.809017, -0.309017, 0.0, -0.809017, -0.309017, 0.5, 0.0, 0.309017, 0.5, 0.809017, 0.0, 0.0, 0.0, 0.0, 1.0 ], [ -0.309017, -0.5, -0.809017, 0.0, -0.5, 0.809017, -0.309017, 0.0, 0.809017, 0.309017, -0.5, 0.0, 0.0, 0.0, 0.0, 1.0 ], [ -1.0, 0.0, 0.0, 0.0, 0.0, 1.0, 0.0, 0.0, 0.0, 0.0, -1.0, 0.0, 0.0, 0.0, 0.0, 1.0 ], [ 0.0, 0.0, -1.0, 0.0, 1.0, 0.0, 0.0, 0.0, 0.0, -1.0, 0.0, 0.0, 0.0, 0.0, 0.0, 1.0 ], [ 0.0, -1.0, 0.0, 0.0, 0.0, 0.0, 1.0, 0.0, -1.0, 0.0, 0.0, 0.0, 0.0, 0.0, 0.0, 1.0 ], [ -0.809017, -0.309017, -0.5, 0.0, 0.309017, 0.5, -0.809017, 0.0, 0.5, -0.809017, -0.309017, 0.0, 0.0, 0.0, 0.0, 1.0 ], [ 0.5, -0.809017, -0.309017, 0.0, 0.809017, 0.309017, 0.5, 0.0, -0.309017, -0.5, 0.809017, 0.0, 0.0, 0.0, 0.0, 1.0 ], [ -0.309017, -0.5, 0.809017, 0.0, -0.5, 0.809017, 0.309017, 0.0, -0.809017, -0.309017, -0.5, 0.0, 0.0, 0.0, 0.0, 1.0 ], [ -0.5, -0.809017, -0.309017, 0.0, 0.809017, -0.309017, -0.5, 0.0, 0.309017, -0.5, 0.809017, 0.0, 0.0, 0.0, 0.0, 1.0 ], [ 0.309017, -0.5, 0.809017, 0.0, 0.5, 0.809017, 0.309017, 0.0, -0.809017, 0.309017, 0.5, 0.0, 0.0, 0.0, 0.0, 1.0 ], [ -0.809017, 0.309017, 0.5, 0.0, -0.309017, 0.5, -0.809017, 0.0, -0.5, -0.809017, -0.309017, 0.0, 0.0, 0.0, 0.0, 1.0 ], [ -0.5, -0.809017, 0.309017, 0.0, 0.809017, -0.309017, 0.5, 0.0, -0.309017, 0.5, 0.809017, 0.0, 0.0, 0.0, 0.0, 1.0 ], [ -0.309017, 0.5, 0.809017, 0.0, 0.5, 0.809017, -0.309017, 0.0, -0.809017, 0.309017, -0.5, 0.0, 0.0, 0.0, 0.0, 1.0 ], [ -0.809017, 0.309017, -0.5, 0.0, 0.309017, -0.5, -0.809017, 0.0, -0.5, -0.809017, 0.309017, 0.0, 0.0, 0.0, 0.0, 1.0 ], [ -0.809017, -0.309017, 0.5, 0.0, 0.309017, 0.5, 0.809017, 0.0, -0.5, 0.809017, -0.309017, 0.0, 0.0, 0.0, 0.0, 1.0 ], [ -0.5, 0.809017, -0.309017, 0.0, 0.809017, 0.309017, -0.5, 0.0, -0.309017, -0.5, -0.809017, 0.0, 0.0, 0.0, 0.0, 1.0 ], [ -0.309017, -0.5, -0.809017, 0.0, 0.5, -0.809017, 0.309017, 0.0, -0.809017, -0.309017, 0.5, 0.0, 0.0, 0.0, 0.0, 1.0 ] ],
  "lights" : {
    "directionalLights" : [ {
      "direction" : [ 1.0, -1.0, -1.0 ],
      "color" : "#EBEBE4"
    }, {
      "direction" : [ -1.0, 0.0, 0.0 ],
      "color" : "#E4E4EB"
    }, {
      "direction" : [ 0.0, 0.0, -1.0 ],
      "color" : "#1E1E1E"
    } ],
    "backgroundColor" : "#AFC8DC",
    "ambientColor" : "#292929"
  },
  "camera" : {
    "position" : {
      "x" : 31.545155,
      "y" : 3.2150726,
      "z" : 104.0051
    },
    "width" : 48.92907,
    "perspective" : true,
    "lookDirectionRV" : {
      "x" : -0.29012036,
      "y" : -0.02956898,
      "z" : -0.95653343,
      "zero" : false
    },
    "lookAtPointRV" : {
      "x" : 0.0,
      "y" : 0.0,
      "z" : 0.0,
      "zero" : true
    },
    "fieldOfView" : 0.44262886,
    "viewDistance" : 108.73127,
    "upDirectionRV" : {
      "x" : 0.038486723,
      "y" : 0.9983531,
      "z" : -0.04253512,
      "zero" : false
    },
    "lookAtPoint" : {
      "x" : 0.0,
      "y" : 0.0,
      "z" : 0.0
    },
    "lookDirection" : {
      "x" : -0.29012036,
      "y" : -0.02956898,
      "z" : -0.95653343
    },
    "upDirection" : {
      "x" : 0.038486723,
      "y" : 0.9983531,
      "z" : -0.04253512
    },
    "stereo" : false,
    "farClipDistance" : 217.46254,
    "nearClipDistance" : 0.27182817
  },
  "embedding" : [ 1.0, 0.0, 0.0, 0.0, 0.0, 1.0, 0.0, 0.0, 0.0, 0.0, 1.0, 0.0, 0.0, 0.0, 0.0, 1.0 ],
  "shapes" : [ {
    "id" : "030d455f-8d67-47ba-a1ea-6e1b480f59ca",
    "vertices" : [ {
      "x" : 0.0,
      "y" : 0.0,
      "z" : 0.0
    }, {
      "x" : 0.0,
      "y" : 2.618034,
      "z" : -6.854102
    }, {
      "x" : 0.0,
      "y" : 4.236068,
      "z" : -2.618034
    } ],
    "faces" : [ {
      "vertices" : [ 0, 1, 2 ]
    }, {
      "vertices" : [ 0, 2, 1 ]
    } ]
  }, {
    "id" : "5fb9e63c-614d-4909-99c3-ceb58f710935",
    "vertices" : [ {
      "x" : 0.0,
      "y" : 0.0,
      "z" : 0.0
    }, {
      "x" : 0.0,
      "y" : -4.236068,
      "z" : -2.618034
    }, {
      "x" : 0.0,
      "y" : 0.0,
      "z" : -5.236068
    }, {
      "x" : 0.0,
      "y" : 4.236068,
      "z" : -2.618034
    } ],
    "faces" : [ {
      "vertices" : [ 0, 1, 2, 3 ]
    }, {
      "vertices" : [ 0, 3, 2, 1 ]
    } ]
  }, {
    "id" : "ed8e3840-814b-4b51-b41c-855f2dc7ebc5",
    "vertices" : [ {
      "x" : 0.0,
      "y" : 0.0,
      "z" : 0.0
    }, {
      "x" : 0.0,
      "y" : -2.618034,
      "z" : 6.854102
    }, {
      "x" : 0.0,
      "y" : -4.236068,
      "z" : 2.618034
    } ],
    "faces" : [ {
      "vertices" : [ 0, 1, 2 ]
    }, {
      "vertices" : [ 0, 2, 1 ]
    } ]
  }, {
    "id" : "3797c013-6beb-4f45-ab1a-e25386b8a276",
    "vertices" : [ {
      "x" : 0.0,
      "y" : 0.0,
      "z" : 0.0
    }, {
      "x" : 0.0,
      "y" : 4.236068,
      "z" : 2.618034
    }, {
      "x" : 0.0,
      "y" : 0.0,
      "z" : 5.236068
    }, {
      "x" : 0.0,
      "y" : -4.236068,
      "z" : 2.618034
    } ],
    "faces" : [ {
      "vertices" : [ 0, 1, 2, 3 ]
    }, {
      "vertices" : [ 0, 3, 2, 1 ]
    } ]
  }, {
    "id" : "5fc239f3-a799-4626-99b6-b32b884ecb7d",
    "vertices" : [ {
      "x" : 0.0,
      "y" : 0.0,
      "z" : 0.0
    }, {
      "x" : 0.0,
      "y" : -2.618034,
      "z" : -6.854102
    }, {
      "x" : 0.0,
      "y" : 4.236068,
      "z" : -2.618034
    } ],
    "faces" : [ {
      "vertices" : [ 0, 1, 2 ]
    }, {
      "vertices" : [ 0, 2, 1 ]
    } ]
  }, {
    "id" : "e5fa324a-cbad-4ca9-bfb6-c426bb75d2b9",
    "vertices" : [ {
      "x" : 0.0,
      "y" : 0.0,
      "z" : 0.0
    }, {
      "x" : 0.0,
      "y" : 2.618034,
      "z" : 6.854102
    }, {
      "x" : 0.0,
      "y" : -4.236068,
      "z" : 2.618034
    } ],
    "faces" : [ {
      "vertices" : [ 0, 1, 2 ]
    }, {
      "vertices" : [ 0, 2, 1 ]
    } ]
  } ],
  "instances" : [ {
    "shape" : "030d455f-8d67-47ba-a1ea-6e1b480f59ca",
    "color" : "#7FC6E0",
    "position" : {
      "x" : 6.854102,
      "y" : -11.09017,
      "z" : 4.236068
    },
    "orientation" : 24
  }, {
    "shape" : "5fb9e63c-614d-4909-99c3-ceb58f710935",
    "color" : "#7FC6E0",
    "position" : {
      "x" : 6.854102,
      "y" : -6.854102,
      "z" : -6.854102
    },
    "orientation" : 38
  }, {
    "shape" : "ed8e3840-814b-4b51-b41c-855f2dc7ebc5",
    "color" : "#7FC6E0",
    "position" : {
      "x" : 11.09017,
      "y" : -4.236068,
      "z" : -6.854102
    },
    "orientation" : 41
  }, {
    "shape" : "3797c013-6beb-4f45-ab1a-e25386b8a276",
    "color" : "#7FC6E0",
    "position" : {
      "x" : 6.854102,
      "y" : -6.854102,
      "z" : 6.854102
    },
    "orientation" : 54
  }, {
    "shape" : "3797c013-6beb-4f45-ab1a-e25386b8a276",
    "color" : "#7FC6E0",
    "position" : {
      "x" : -6.854102,
      "y" : 6.854102,
      "z" : 6.854102
    },
    "orientation" : 26
  }, {
    "shape" : "3797c013-6beb-4f45-ab1a-e25386b8a276",
    "color" : "#7FC6E0",
    "position" : {
      "x" : 0.0,
      "y" : -4.236068,
      "z" : -11.09017
    },
    "orientation" : 7
  }, {
    "shape" : "ed8e3840-814b-4b51-b41c-855f2dc7ebc5",
    "color" : "#7FC6E0",
    "position" : {
      "x" : -4.236068,
      "y" : -6.854102,
      "z" : 11.09017
    },
    "orientation" : 23
  }, {
    "shape" : "ed8e3840-814b-4b51-b41c-855f2dc7ebc5",
    "color" : "#7FC6E0",
    "position" : {
      "x" : -11.09017,
      "y" : -4.236068,
      "z" : -6.854102
    },
    "orientation" : 0
  }, {
    "shape" : "ed8e3840-814b-4b51-b41c-855f2dc7ebc5",
    "color" : "#7FC6E0",
    "position" : {
      "x" : 4.236068,
      "y" : 6.854102,
      "z" : 11.09017
    },
    "orientation" : 53
  }, {
    "shape" : "ed8e3840-814b-4b51-b41c-855f2dc7ebc5",
    "color" : "#7FC6E0",
    "position" : {
      "x" : -4.236068,
      "y" : -6.854102,
      "z" : -11.09017
    },
    "orientation" : 2
  }, {
    "shape" : "ed8e3840-814b-4b51-b41c-855f2dc7ebc5",
    "color" : "#7FC6E0",
    "position" : {
      "x" : 4.236068,
      "y" : -6.854102,
      "z" : 11.09017
    },
    "orientation" : 47
  }, {
    "shape" : "030d455f-8d67-47ba-a1ea-6e1b480f59ca",
    "color" : "#7FC6E0",
    "position" : {
      "x" : 0.0,
      "y" : 0.0,
      "z" : 13.708204
    },
    "orientation" : 52
  }, {
    "shape" : "030d455f-8d67-47ba-a1ea-6e1b480f59ca",
    "color" : "#7FC6E0",
    "position" : {
      "x" : -11.09017,
      "y" : 4.236068,
      "z" : 6.854102
    },
    "orientation" : 0
  }, {
    "shape" : "ed8e3840-814b-4b51-b41c-855f2dc7ebc5",
    "color" : "#7FC6E0",
    "position" : {
      "x" : 13.708204,
      "y" : 0.0,
      "z" : 0.0
    },
    "orientation" : 23
  }, {
    "shape" : "030d455f-8d67-47ba-a1ea-6e1b480f59ca",
    "color" : "#7FC6E0",
    "position" : {
      "x" : 6.854102,
      "y" : 11.09017,
      "z" : -4.236068
    },
    "orientation" : 52
  }, {
    "shape" : "ed8e3840-814b-4b51-b41c-855f2dc7ebc5",
    "color" : "#7FC6E0",
    "position" : {
      "x" : -4.236068,
      "y" : 6.854102,
      "z" : -11.09017
    },
    "orientation" : 54
  }, {
    "shape" : "030d455f-8d67-47ba-a1ea-6e1b480f59ca",
    "color" : "#7FC6E0",
    "position" : {
      "x" : 11.09017,
      "y" : 4.236068,
      "z" : -6.854102
    },
    "orientation" : 26
  }, {
    "shape" : "030d455f-8d67-47ba-a1ea-6e1b480f59ca",
    "color" : "#7FC6E0",
    "position" : {
      "x" : 6.854102,
      "y" : 11.09017,
      "z" : 4.236068
    },
    "orientation" : 1
  }, {
    "shape" : "3797c013-6beb-4f45-ab1a-e25386b8a276",
    "color" : "#7FC6E0",
    "position" : {
      "x" : -6.854102,
      "y" : 6.854102,
      "z" : 6.854102
    },
    "orientation" : 25
  }, {
    "shape" : "030d455f-8d67-47ba-a1ea-6e1b480f59ca",
    "color" : "#7FC6E0",
    "position" : {
      "x" : -11.09017,
      "y" : -4.236068,
      "z" : -6.854102
    },
    "orientation" : 36
  }, {
    "shape" : "030d455f-8d67-47ba-a1ea-6e1b480f59ca",
    "color" : "#7FC6E0",
    "position" : {
      "x" : -13.708204,
      "y" : 0.0,
      "z" : 0.0
    },
    "orientation" : 23
  }, {
    "shape" : "030d455f-8d67-47ba-a1ea-6e1b480f59ca",
    "color" : "#7FC6E0",
    "position" : {
      "x" : 11.09017,
      "y" : 4.236068,
      "z" : -6.854102
    },
    "orientation" : 40
  }, {
    "shape" : "ed8e3840-814b-4b51-b41c-855f2dc7ebc5",
    "color" : "#7FC6E0",
    "position" : {
      "x" : -6.854102,
      "y" : 11.09017,
      "z" : -4.236068
    },
    "orientation" : 24
  }, {
    "shape" : "ed8e3840-814b-4b51-b41c-855f2dc7ebc5",
    "color" : "#7FC6E0",
    "position" : {
      "x" : 6.854102,
      "y" : -11.09017,
      "z" : -4.236068
    },
    "orientation" : 54
  }, {
    "shape" : "030d455f-8d67-47ba-a1ea-6e1b480f59ca",
    "color" : "#7FC6E0",
    "position" : {
      "x" : 11.09017,
      "y" : -4.236068,
      "z" : 6.854102
    },
    "orientation" : 11
  }, {
    "shape" : "030d455f-8d67-47ba-a1ea-6e1b480f59ca",
    "color" : "#7FC6E0",
    "position" : {
      "x" : -6.854102,
      "y" : 11.09017,
      "z" : 4.236068
    },
    "orientation" : 7
  }, {
    "shape" : "3797c013-6beb-4f45-ab1a-e25386b8a276",
    "color" : "#7FC6E0",
    "position" : {
      "x" : -11.09017,
      "y" : 0.0,
      "z" : -4.236068
    },
    "orientation" : 8
  }, {
    "shape" : "ed8e3840-814b-4b51-b41c-855f2dc7ebc5",
    "color" : "#7FC6E0",
    "position" : {
      "x" : -6.854102,
      "y" : 11.09017,
      "z" : -4.236068
    },
    "orientation" : 37
  }, {
    "shape" : "5fb9e63c-614d-4909-99c3-ceb58f710935",
    "color" : "#7FC6E0",
    "position" : {
      "x" : -4.236068,
      "y" : 11.09017,
      "z" : 0.0
    },
    "orientation" : 16
  }, {
    "shape" : "030d455f-8d67-47ba-a1ea-6e1b480f59ca",
    "color" : "#7FC6E0",
    "position" : {
      "x" : 0.0,
      "y" : -13.708204,
      "z" : 0.0
    },
    "orientation" : 6
  }, {
    "shape" : "030d455f-8d67-47ba-a1ea-6e1b480f59ca",
    "color" : "#7FC6E0",
    "position" : {
      "x" : 6.854102,
      "y" : -11.09017,
      "z" : -4.236068
    },
    "orientation" : 16
  }, {
    "shape" : "030d455f-8d67-47ba-a1ea-6e1b480f59ca",
    "color" : "#7FC6E0",
    "position" : {
      "x" : -11.09017,
      "y" : 4.236068,
      "z" : 6.854102
    },
    "orientation" : 41
  }, {
    "shape" : "030d455f-8d67-47ba-a1ea-6e1b480f59ca",
    "color" : "#7FC6E0",
    "position" : {
      "x" : 4.236068,
      "y" : -6.854102,
      "z" : 11.09017
    },
    "orientation" : 8
  }, {
    "shape" : "ed8e3840-814b-4b51-b41c-855f2dc7ebc5",
    "color" : "#7FC6E0",
    "position" : {
      "x" : -6.854102,
      "y" : 11.09017,
      "z" : -4.236068
    },
    "orientation" : 1
  }, {
    "shape" : "ed8e3840-814b-4b51-b41c-855f2dc7ebc5",
    "color" : "#7FC6E0",
    "position" : {
      "x" : 11.09017,
      "y" : -4.236068,
      "z" : 6.854102
    },
    "orientation" : 45
  }, {
    "shape" : "030d455f-8d67-47ba-a1ea-6e1b480f59ca",
    "color" : "#7FC6E0",
    "position" : {
      "x" : -11.09017,
      "y" : -4.236068,
      "z" : -6.854102
    },
    "orientation" : 56
  }, {
    "shape" : "ed8e3840-814b-4b51-b41c-855f2dc7ebc5",
    "color" : "#7FC6E0",
    "position" : {
      "x" : 0.0,
      "y" : 0.0,
      "z" : -13.708204
    },
    "orientation" : 52
  }, {
    "shape" : "ed8e3840-814b-4b51-b41c-855f2dc7ebc5",
    "color" : "#7FC6E0",
    "position" : {
      "x" : 0.0,
      "y" : 0.0,
      "z" : -13.708204
    },
    "orientation" : 22
  }, {
    "shape" : "030d455f-8d67-47ba-a1ea-6e1b480f59ca",
    "color" : "#7FC6E0",
    "position" : {
      "x" : -4.236068,
      "y" : -6.854102,
      "z" : -11.09017
    },
    "orientation" : 9
  }, {
    "shape" : "030d455f-8d67-47ba-a1ea-6e1b480f59ca",
    "color" : "#7FC6E0",
    "position" : {
      "x" : -6.854102,
      "y" : -11.09017,
      "z" : -4.236068
    },
    "orientation" : 39
  }, {
    "shape" : "ed8e3840-814b-4b51-b41c-855f2dc7ebc5",
    "color" : "#7FC6E0",
    "position" : {
      "x" : 11.09017,
      "y" : -4.236068,
      "z" : -6.854102
    },
    "orientation" : 0
  }, {
    "shape" : "ed8e3840-814b-4b51-b41c-855f2dc7ebc5",
    "color" : "#7FC6E0",
    "position" : {
      "x" : 11.09017,
      "y" : 4.236068,
      "z" : 6.854102
    },
    "orientation" : 36
  }, {
    "shape" : "ed8e3840-814b-4b51-b41c-855f2dc7ebc5",
    "color" : "#7FC6E0",
    "position" : {
      "x" : -6.854102,
      "y" : -11.09017,
      "z" : 4.236068
    },
    "orientation" : 52
  }, {
    "shape" : "5fb9e63c-614d-4909-99c3-ceb58f710935",
    "color" : "#7FC6E0",
    "position" : {
      "x" : -6.854102,
      "y" : -6.854102,
      "z" : 6.854102
    },
    "orientation" : 23
  }, {
    "shape" : "5fb9e63c-614d-4909-99c3-ceb58f710935",
    "color" : "#7FC6E0",
    "position" : {
      "x" : -11.09017,
      "y" : 0.0,
      "z" : -4.236068
    },
    "orientation" : 0
  }, {
    "shape" : "5fb9e63c-614d-4909-99c3-ceb58f710935",
    "color" : "#7FC6E0",
    "position" : {
      "x" : 4.236068,
      "y" : -11.09017,
      "z" : 0.0
    },
    "orientation" : 54
  }, {
    "shape" : "5fb9e63c-614d-4909-99c3-ceb58f710935",
    "color" : "#7FC6E0",
    "position" : {
      "x" : 0.0,
      "y" : -4.236068,
      "z" : -11.09017
    },
    "orientation" : 10
  }, {
    "shape" : "3797c013-6beb-4f45-ab1a-e25386b8a276",
    "color" : "#7FC6E0",
    "position" : {
      "x" : 0.0,
      "y" : 4.236068,
      "z" : 11.09017
    },
    "orientation" : 2
  }, {
    "shape" : "ed8e3840-814b-4b51-b41c-855f2dc7ebc5",
    "color" : "#7FC6E0",
    "position" : {
      "x" : 0.0,
      "y" : -13.708204,
      "z" : 0.0
    },
    "orientation" : 36
  }, {
    "shape" : "3797c013-6beb-4f45-ab1a-e25386b8a276",
    "color" : "#7FC6E0",
    "position" : {
      "x" : 0.0,
      "y" : 4.236068,
      "z" : -11.09017
    },
    "orientation" : 2
  }, {
    "shape" : "ed8e3840-814b-4b51-b41c-855f2dc7ebc5",
    "color" : "#7FC6E0",
    "position" : {
      "x" : -13.708204,
      "y" : 0.0,
      "z" : 0.0
    },
    "orientation" : 53
  }, {
    "shape" : "3797c013-6beb-4f45-ab1a-e25386b8a276",
    "color" : "#7FC6E0",
    "position" : {
      "x" : -6.854102,
      "y" : 6.854102,
      "z" : 6.854102
    },
    "orientation" : 24
  }, {
    "shape" : "ed8e3840-814b-4b51-b41c-855f2dc7ebc5",
    "color" : "#7FC6E0",
    "position" : {
      "x" : 6.854102,
      "y" : 11.09017,
      "z" : 4.236068
    },
    "orientation" : 39
  }, {
    "shape" : "ed8e3840-814b-4b51-b41c-855f2dc7ebc5",
    "color" : "#7FC6E0",
    "position" : {
      "x" : -11.09017,
      "y" : -4.236068,
      "z" : 6.854102
    },
    "orientation" : 26
  }, {
    "shape" : "030d455f-8d67-47ba-a1ea-6e1b480f59ca",
    "color" : "#7FC6E0",
    "position" : {
      "x" : -4.236068,
      "y" : -6.854102,
      "z" : -11.09017
    },
    "orientation" : 53
  }, {
    "shape" : "5fb9e63c-614d-4909-99c3-ceb58f710935",
    "color" : "#7FC6E0",
    "position" : {
      "x" : 6.854102,
      "y" : -6.854102,
      "z" : -6.854102
    },
    "orientation" : 7
  }, {
    "shape" : "030d455f-8d67-47ba-a1ea-6e1b480f59ca",
    "color" : "#7FC6E0",
    "position" : {
      "x" : 4.236068,
      "y" : -6.854102,
      "z" : 11.09017
    },
    "orientation" : 40
  }, {
    "shape" : "3797c013-6beb-4f45-ab1a-e25386b8a276",
    "color" : "#7FC6E0",
    "position" : {
      "x" : 6.854102,
      "y" : -6.854102,
      "z" : 6.854102
    },
    "orientation" : 56
  }, {
    "shape" : "3797c013-6beb-4f45-ab1a-e25386b8a276",
    "color" : "#7FC6E0",
    "position" : {
      "x" : 11.09017,
      "y" : 0.0,
      "z" : 4.236068
    },
    "orientation" : 53
  }, {
    "shape" : "030d455f-8d67-47ba-a1ea-6e1b480f59ca",
    "color" : "#7FC6E0",
    "position" : {
      "x" : 0.0,
      "y" : 0.0,
      "z" : -13.708204
    },
    "orientation" : 7
  }, {
    "shape" : "3797c013-6beb-4f45-ab1a-e25386b8a276",
    "color" : "#7FC6E0",
    "position" : {
      "x" : 11.09017,
      "y" : 0.0,
      "z" : -4.236068
    },
    "orientation" : 38
  }, {
    "shape" : "ed8e3840-814b-4b51-b41c-855f2dc7ebc5",
    "color" : "#7FC6E0",
    "position" : {
      "x" : -11.09017,
      "y" : 4.236068,
      "z" : -6.854102
    },
    "orientation" : 21
  }, {
    "shape" : "5fb9e63c-614d-4909-99c3-ceb58f710935",
    "color" : "#7FC6E0",
    "position" : {
      "x" : -6.854102,
      "y" : 6.854102,
      "z" : -6.854102
    },
    "orientation" : 37
  }, {
    "shape" : "030d455f-8d67-47ba-a1ea-6e1b480f59ca",
    "color" : "#7FC6E0",
    "position" : {
      "x" : -4.236068,
      "y" : 6.854102,
      "z" : 11.09017
    },
    "orientation" : 10
  }, {
    "shape" : "030d455f-8d67-47ba-a1ea-6e1b480f59ca",
    "color" : "#7FC6E0",
    "position" : {
      "x" : 0.0,
      "y" : 13.708204,
      "z" : 0.0
    },
    "orientation" : 36
  }, {
    "shape" : "030d455f-8d67-47ba-a1ea-6e1b480f59ca",
    "color" : "#7FC6E0",
    "position" : {
      "x" : -6.854102,
      "y" : -11.09017,
      "z" : -4.236068
    },
    "orientation" : 11
  }, {
    "shape" : "030d455f-8d67-47ba-a1ea-6e1b480f59ca",
    "color" : "#7FC6E0",
    "position" : {
      "x" : 6.854102,
      "y" : -11.09017,
      "z" : 4.236068
    },
    "orientation" : 56
  }, {
    "shape" : "ed8e3840-814b-4b51-b41c-855f2dc7ebc5",
    "color" : "#7FC6E0",
    "position" : {
      "x" : 0.0,
      "y" : 13.708204,
      "z" : 0.0
    },
    "orientation" : 51
  }, {
    "shape" : "030d455f-8d67-47ba-a1ea-6e1b480f59ca",
    "color" : "#7FC6E0",
    "position" : {
      "x" : 4.236068,
      "y" : 6.854102,
      "z" : -11.09017
    },
    "orientation" : 23
  }, {
    "shape" : "030d455f-8d67-47ba-a1ea-6e1b480f59ca",
    "color" : "#7FC6E0",
    "position" : {
      "x" : 0.0,
      "y" : 0.0,
      "z" : 13.708204
    },
    "orientation" : 22
  }, {
    "shape" : "ed8e3840-814b-4b51-b41c-855f2dc7ebc5",
    "color" : "#7FC6E0",
    "position" : {
      "x" : 11.09017,
      "y" : 4.236068,
      "z" : 6.854102
    },
    "orientation" : 56
  }, {
    "shape" : "030d455f-8d67-47ba-a1ea-6e1b480f59ca",
    "color" : "#7FC6E0",
    "position" : {
      "x" : -11.09017,
      "y" : 4.236068,
      "z" : 6.854102
    },
    "orientation" : 51
  }, {
    "shape" : "5fb9e63c-614d-4909-99c3-ceb58f710935",
    "color" : "#7FC6E0",
    "position" : {
      "x" : 0.0,
      "y" : -4.236068,
      "z" : 11.09017
    },
    "orientation" : 55
  }, {
    "shape" : "ed8e3840-814b-4b51-b41c-855f2dc7ebc5",
    "color" : "#7FC6E0",
    "position" : {
      "x" : 4.236068,
      "y" : -6.854102,
      "z" : -11.09017
    },
    "orientation" : 10
  }, {
    "shape" : "030d455f-8d67-47ba-a1ea-6e1b480f59ca",
    "color" : "#7FC6E0",
    "position" : {
      "x" : 6.854102,
      "y" : -11.09017,
      "z" : 4.236068
    },
    "orientation" : 1
  }, {
    "shape" : "ed8e3840-814b-4b51-b41c-855f2dc7ebc5",
    "color" : "#7FC6E0",
    "position" : {
      "x" : -11.09017,
      "y" : 4.236068,
      "z" : -6.854102
    },
    "orientation" : 11
  }, {
    "shape" : "030d455f-8d67-47ba-a1ea-6e1b480f59ca",
    "color" : "#7FC6E0",
    "position" : {
      "x" : 6.854102,
      "y" : -11.09017,
      "z" : 4.236068
    },
    "orientation" : 37
  }, {
    "shape" : "ed8e3840-814b-4b51-b41c-855f2dc7ebc5",
    "color" : "#7FC6E0",
    "position" : {
      "x" : 4.236068,
      "y" : 6.854102,
      "z" : 11.09017
    },
    "orientation" : 9
  }, {
    "shape" : "030d455f-8d67-47ba-a1ea-6e1b480f59ca",
    "color" : "#7FC6E0",
    "position" : {
      "x" : -4.236068,
      "y" : -6.854102,
      "z" : -11.09017
    },
    "orientation" : 25
  }, {
    "shape" : "030d455f-8d67-47ba-a1ea-6e1b480f59ca",
    "color" : "#7FC6E0",
    "position" : {
      "x" : -11.09017,
      "y" : 4.236068,
      "z" : -6.854102
    },
    "orientation" : 45
  }, {
    "shape" : "3797c013-6beb-4f45-ab1a-e25386b8a276",
    "color" : "#7FC6E0",
    "position" : {
      "x" : 4.236068,
      "y" : -11.09017,
      "z" : 0.0
    },
    "orientation" : 1
  }, {
    "shape" : "5fb9e63c-614d-4909-99c3-ceb58f710935",
    "color" : "#7FC6E0",
    "position" : {
      "x" : 4.236068,
      "y" : 11.09017,
      "z" : 0.0
    },
    "orientation" : 39
  }, {
    "shape" : "030d455f-8d67-47ba-a1ea-6e1b480f59ca",
    "color" : "#7FC6E0",
    "position" : {
      "x" : 13.708204,
      "y" : 0.0,
      "z" : 0.0
    },
    "orientation" : 53
  }, {
    "shape" : "030d455f-8d67-47ba-a1ea-6e1b480f59ca",
    "color" : "#7FC6E0",
    "position" : {
      "x" : 11.09017,
      "y" : 4.236068,
      "z" : -6.854102
    },
    "orientation" : 45
  }, {
    "shape" : "030d455f-8d67-47ba-a1ea-6e1b480f59ca",
    "color" : "#7FC6E0",
    "position" : {
      "x" : 11.09017,
      "y" : -4.236068,
      "z" : 6.854102
    },
    "orientation" : 55
  }, {
    "shape" : "5fb9e63c-614d-4909-99c3-ceb58f710935",
    "color" : "#7FC6E0",
    "position" : {
      "x" : -6.854102,
      "y" : 6.854102,
      "z" : -6.854102
    },
    "orientation" : 21
  }, {
    "shape" : "5fb9e63c-614d-4909-99c3-ceb58f710935",
    "color" : "#7FC6E0",
    "position" : {
      "x" : 11.09017,
      "y" : 0.0,
      "z" : -4.236068
    },
    "orientation" : 41
  }, {
    "shape" : "030d455f-8d67-47ba-a1ea-6e1b480f59ca",
    "color" : "#7FC6E0",
    "position" : {
      "x" : 6.854102,
      "y" : 11.09017,
      "z" : -4.236068
    },
    "orientation" : 41
  }, {
    "shape" : "ed8e3840-814b-4b51-b41c-855f2dc7ebc5",
    "color" : "#7FC6E0",
    "position" : {
      "x" : 6.854102,
      "y" : 11.09017,
      "z" : 4.236068
    },
    "orientation" : 22
  }, {
    "shape" : "ed8e3840-814b-4b51-b41c-855f2dc7ebc5",
    "color" : "#7FC6E0",
    "position" : {
      "x" : 0.0,
      "y" : 0.0,
      "z" : 13.708204
    },
    "orientation" : 37
  }, {
    "shape" : "030d455f-8d67-47ba-a1ea-6e1b480f59ca",
    "color" : "#7FC6E0",
    "position" : {
      "x" : -6.854102,
      "y" : 11.09017,
      "z" : 4.236068
    },
    "orientation" : 54
  }, {
    "shape" : "5fb9e63c-614d-4909-99c3-ceb58f710935",
    "color" : "#7FC6E0",
    "position" : {
      "x" : 0.0,
      "y" : 4.236068,
      "z" : -11.09017
    },
    "orientation" : 40
  }, {
    "shape" : "3797c013-6beb-4f45-ab1a-e25386b8a276",
    "color" : "#7FC6E0",
    "position" : {
      "x" : 6.854102,
      "y" : 6.854102,
      "z" : -6.854102
    },
    "orientation" : 40
  }, {
    "shape" : "ed8e3840-814b-4b51-b41c-855f2dc7ebc5",
    "color" : "#7FC6E0",
    "position" : {
      "x" : 4.236068,
      "y" : -6.854102,
      "z" : -11.09017
    },
    "orientation" : 38
  }, {
    "shape" : "030d455f-8d67-47ba-a1ea-6e1b480f59ca",
    "color" : "#7FC6E0",
    "position" : {
      "x" : 11.09017,
      "y" : 4.236068,
      "z" : -6.854102
    },
    "orientation" : 6
  }, {
    "shape" : "030d455f-8d67-47ba-a1ea-6e1b480f59ca",
    "color" : "#7FC6E0",
    "position" : {
      "x" : 6.854102,
      "y" : 11.09017,
      "z" : -4.236068
    },
    "orientation" : 9
  }, {
    "shape" : "ed8e3840-814b-4b51-b41c-855f2dc7ebc5",
    "color" : "#7FC6E0",
    "position" : {
      "x" : 11.09017,
      "y" : 4.236068,
      "z" : 6.854102
    },
    "orientation" : 10
  }, {
    "shape" : "ed8e3840-814b-4b51-b41c-855f2dc7ebc5",
    "color" : "#7FC6E0",
    "position" : {
      "x" : -4.236068,
      "y" : -6.854102,
      "z" : 11.09017
    },
    "orientation" : 55
  }, {
    "shape" : "ed8e3840-814b-4b51-b41c-855f2dc7ebc5",
    "color" : "#7FC6E0",
    "position" : {
      "x" : -6.854102,
      "y" : -11.09017,
      "z" : 4.236068
    },
    "orientation" : 16
  }, {
    "shape" : "030d455f-8d67-47ba-a1ea-6e1b480f59ca",
    "color" : "#7FC6E0",
    "position" : {
      "x" : -6.854102,
      "y" : -11.09017,
      "z" : -4.236068
    },
    "orientation" : 22
  }, {
    "shape" : "030d455f-8d67-47ba-a1ea-6e1b480f59ca",
    "color" : "#7FC6E0",
    "position" : {
      "x" : -6.854102,
      "y" : 11.09017,
      "z" : 4.236068
    },
    "orientation" : 26
  }, {
    "shape" : "030d455f-8d67-47ba-a1ea-6e1b480f59ca",
    "color" : "#7FC6E0",
    "position" : {
      "x" : 0.0,
      "y" : -13.708204,
      "z" : 0.0
    },
    "orientation" : 51
  }, {
    "shape" : "5fb9e63c-614d-4909-99c3-ceb58f710935",
    "color" : "#7FC6E0",
    "position" : {
      "x" : 0.0,
      "y" : -4.236068,
      "z" : -11.09017
    },
    "orientation" : 2
  }, {
    "shape" : "030d455f-8d67-47ba-a1ea-6e1b480f59ca",
    "color" : "#7FC6E0",
    "position" : {
      "x" : 11.09017,
      "y" : 4.236068,
      "z" : 6.854102
    },
    "orientation" : 0
  }, {
    "shape" : "ed8e3840-814b-4b51-b41c-855f2dc7ebc5",
    "color" : "#7FC6E0",
    "position" : {
      "x" : -11.09017,
      "y" : -4.236068,
      "z" : 6.854102
    },
    "orientation" : 40
  }, {
    "shape" : "ed8e3840-814b-4b51-b41c-855f2dc7ebc5",
    "color" : "#7FC6E0",
    "position" : {
      "x" : 4.236068,
      "y" : -6.854102,
      "z" : -11.09017
    },
    "orientation" : 24
  }, {
    "shape" : "030d455f-8d67-47ba-a1ea-6e1b480f59ca",
    "color" : "#7FC6E0",
    "position" : {
      "x" : 0.0,
      "y" : 0.0,
      "z" : -13.708204
    },
    "orientation" : 37
  }, {
    "shape" : "3797c013-6beb-4f45-ab1a-e25386b8a276",
    "color" : "#7FC6E0",
    "position" : {
      "x" : 6.854102,
      "y" : -6.854102,
      "z" : 6.854102
    },
    "orientation" : 55
  }, {
    "shape" : "5fb9e63c-614d-4909-99c3-ceb58f710935",
    "color" : "#7FC6E0",
    "position" : {
      "x" : -11.09017,
      "y" : 0.0,
      "z" : -4.236068
    },
    "orientation" : 11
  }, {
    "shape" : "3797c013-6beb-4f45-ab1a-e25386b8a276",
    "color" : "#7FC6E0",
    "position" : {
      "x" : 4.236068,
      "y" : -11.09017,
      "z" : 0.0
    },
    "orientation" : 51
  }, {
    "shape" : "ed8e3840-814b-4b51-b41c-855f2dc7ebc5",
    "color" : "#7FC6E0",
    "position" : {
      "x" : -4.236068,
      "y" : -6.854102,
      "z" : 11.09017
    },
    "orientation" : 39
  }, {
    "shape" : "3797c013-6beb-4f45-ab1a-e25386b8a276",
    "color" : "#7FC6E0",
    "position" : {
      "x" : -11.09017,
      "y" : 0.0,
      "z" : 4.236068
    },
    "orientation" : 23
  }, {
    "shape" : "ed8e3840-814b-4b51-b41c-855f2dc7ebc5",
    "color" : "#7FC6E0",
    "position" : {
      "x" : -4.236068,
      "y" : 6.854102,
      "z" : -11.09017
    },
    "orientation" : 8
  }, {
    "shape" : "030d455f-8d67-47ba-a1ea-6e1b480f59ca",
    "color" : "#7FC6E0",
    "position" : {
      "x" : -13.708204,
      "y" : 0.0,
      "z" : 0.0
    },
    "orientation" : 8
  }, {
    "shape" : "3797c013-6beb-4f45-ab1a-e25386b8a276",
    "color" : "#7FC6E0",
    "position" : {
      "x" : 11.09017,
      "y" : 0.0,
      "z" : -4.236068
    },
    "orientation" : 45
  }, {
    "shape" : "3797c013-6beb-4f45-ab1a-e25386b8a276",
    "color" : "#7FC6E0",
    "position" : {
      "x" : 6.854102,
      "y" : 6.854102,
      "z" : -6.854102
    },
    "orientation" : 41
  }, {
    "shape" : "5fb9e63c-614d-4909-99c3-ceb58f710935",
    "color" : "#7FC6E0",
    "position" : {
      "x" : -6.854102,
      "y" : -6.854102,
      "z" : 6.854102
    },
    "orientation" : 52
  }, {
    "shape" : "3797c013-6beb-4f45-ab1a-e25386b8a276",
    "color" : "#7FC6E0",
    "position" : {
      "x" : -6.854102,
      "y" : -6.854102,
      "z" : -6.854102
    },
    "orientation" : 10
  }, {
    "shape" : "ed8e3840-814b-4b51-b41c-855f2dc7ebc5",
    "color" : "#7FC6E0",
    "position" : {
      "x" : -6.854102,
      "y" : -11.09017,
      "z" : -4.236068
    },
    "orientation" : 1
  }, {
    "shape" : "5fb9e63c-614d-4909-99c3-ceb58f710935",
    "color" : "#7FC6E0",
    "position" : {
      "x" : -6.854102,
      "y" : 6.854102,
      "z" : -6.854102
    },
    "orientation" : 8
  }, {
    "shape" : "3797c013-6beb-4f45-ab1a-e25386b8a276",
    "color" : "#7FC6E0",
    "position" : {
      "x" : 4.236068,
      "y" : 11.09017,
      "z" : 0.0
    },
    "orientation" : 16
  }, {
    "shape" : "ed8e3840-814b-4b51-b41c-855f2dc7ebc5",
    "color" : "#7FC6E0",
    "position" : {
      "x" : 4.236068,
      "y" : 6.854102,
      "z" : 11.09017
    },
    "orientation" : 25
  }, {
    "shape" : "030d455f-8d67-47ba-a1ea-6e1b480f59ca",
    "color" : "#7FC6E0",
    "position" : {
      "x" : 4.236068,
      "y" : 6.854102,
      "z" : -11.09017
    },
    "orientation" : 2
  }, {
    "shape" : "ed8e3840-814b-4b51-b41c-855f2dc7ebc5",
    "color" : "#7FC6E0",
    "position" : {
      "x" : -13.708204,
      "y" : 0.0,
      "z" : 0.0
    },
    "orientation" : 38
  }, {
    "shape" : "ed8e3840-814b-4b51-b41c-855f2dc7ebc5",
    "color" : "#7FC6E0",
    "position" : {
      "x" : 6.854102,
      "y" : -11.09017,
      "z" : -4.236068
    },
    "orientation" : 7
  }, {
    "shape" : "3797c013-6beb-4f45-ab1a-e25386b8a276",
    "color" : "#7FC6E0",
    "position" : {
      "x" : -4.236068,
      "y" : 11.09017,
      "z" : 0.0
    },
    "orientation" : 21
  }, {
    "shape" : "5fb9e63c-614d-4909-99c3-ceb58f710935",
    "color" : "#7FC6E0",
    "position" : {
      "x" : 0.0,
      "y" : -4.236068,
      "z" : 11.09017
    },
    "orientation" : 47
  }, {
    "shape" : "5fb9e63c-614d-4909-99c3-ceb58f710935",
    "color" : "#7FC6E0",
    "position" : {
      "x" : -4.236068,
      "y" : -11.09017,
      "z" : 0.0
    },
    "orientation" : 9
  }, {
    "shape" : "030d455f-8d67-47ba-a1ea-6e1b480f59ca",
    "color" : "#7FC6E0",
    "position" : {
      "x" : -4.236068,
      "y" : 6.854102,
      "z" : 11.09017
    },
    "orientation" : 47
  }, {
    "shape" : "030d455f-8d67-47ba-a1ea-6e1b480f59ca",
    "color" : "#7FC6E0",
    "position" : {
      "x" : 4.236068,
      "y" : 6.854102,
      "z" : -11.09017
    },
    "orientation" : 55
  }, {
    "shape" : "3797c013-6beb-4f45-ab1a-e25386b8a276",
    "color" : "#7FC6E0",
    "position" : {
      "x" : -6.854102,
      "y" : -6.854102,
      "z" : -6.854102
    },
    "orientation" : 9
  }, {
    "shape" : "030d455f-8d67-47ba-a1ea-6e1b480f59ca",
    "color" : "#7FC6E0",
    "position" : {
      "x" : 0.0,
      "y" : 13.708204,
      "z" : 0.0
    },
    "orientation" : 21
  }, {
    "shape" : "030d455f-8d67-47ba-a1ea-6e1b480f59ca",
    "color" : "#7FC6E0",
    "position" : {
      "x" : 4.236068,
      "y" : 6.854102,
      "z" : -11.09017
    },
    "orientation" : 39
  }, {
    "shape" : "3797c013-6beb-4f45-ab1a-e25386b8a276",
    "color" : "#7FC6E0",
    "position" : {
      "x" : -6.854102,
      "y" : -6.854102,
      "z" : -6.854102
    },
    "orientation" : 11
  }, {
    "shape" : "030d455f-8d67-47ba-a1ea-6e1b480f59ca",
    "color" : "#7FC6E0",
    "position" : {
      "x" : 4.236068,
      "y" : 6.854102,
      "z" : 11.09017
    },
    "orientation" : 2
  }, {
    "shape" : "030d455f-8d67-47ba-a1ea-6e1b480f59ca",
    "color" : "#7FC6E0",
    "position" : {
      "x" : -4.236068,
      "y" : 6.854102,
      "z" : 11.09017
    },
    "orientation" : 24
  }, {
    "shape" : "ed8e3840-814b-4b51-b41c-855f2dc7ebc5",
    "color" : "#7FC6E0",
    "position" : {
      "x" : -6.854102,
      "y" : -11.09017,
      "z" : 4.236068
    },
    "orientation" : 41
  }, {
    "shape" : "5fb9e63c-614d-4909-99c3-ceb58f710935",
    "color" : "#7FC6E0",
    "position" : {
      "x" : 11.09017,
      "y" : 0.0,
      "z" : 4.236068
    },
    "orientation" : 45
  }, {
    "shape" : "030d455f-8d67-47ba-a1ea-6e1b480f59ca",
    "color" : "#7FC6E0",
    "position" : {
      "x" : -4.236068,
      "y" : 6.854102,
      "z" : 11.09017
    },
    "orientation" : 38
  }, {
    "shape" : "030d455f-8d67-47ba-a1ea-6e1b480f59ca",
    "color" : "#7FC6E0",
    "position" : {
      "x" : 4.236068,
      "y" : -6.854102,
      "z" : 11.09017
    },
    "orientation" : 54
  }, {
