{
  "polygons" : "true",
  "field" : "golden",
  "symmetry" : "icosahedral",
  "orientations" : [ [ 1.0, 0.0, 0.0, 0.0, 0.0, 1.0, 0.0, 0.0, 0.0, 0.0, 1.0, 0.0, 0.0, 0.0, 0.0, 1.0 ], [ 0.0, 0.0, 1.0, 0.0, 1.0, 0.0, 0.0, 0.0, 0.0, 1.0, 0.0, 0.0, 0.0, 0.0, 0.0, 1.0 ], [ 0.0, 1.0, 0.0, 0.0, 0.0, 0.0, 1.0, 0.0, 1.0, 0.0, 0.0, 0.0, 0.0, 0.0, 0.0, 1.0 ], [ 0.809017, 0.309017, 0.5, 0.0, 0.309017, 0.5, -0.809017, 0.0, -0.5, 0.809017, 0.309017, 0.0, 0.0, 0.0, 0.0, 1.0 ], [ -0.5, 0.809017, 0.309017, 0.0, 0.809017, 0.309017, 0.5, 0.0, 0.309017, 0.5, -0.809017, 0.0, 0.0, 0.0, 0.0, 1.0 ], [ 0.309017, 0.5, -0.809017, 0.0, -0.5, 0.809017, 0.309017, 0.0, 0.809017, 0.309017, 0.5, 0.0, 0.0, 0.0, 0.0, 1.0 ], [ 0.5, 0.809017, 0.309017, 0.0, 0.809017, -0.309017, -0.5, 0.0, -0.309017, 0.5, -0.809017, 0.0, 0.0, 0.0, 0.0, 1.0 ], [ -0.309017, 0.5, -0.809017, 0.0, 0.5, 0.809017, 0.309017, 0.0, 0.809017, -0.309017, -0.5, 0.0, 0.0, 0.0, 0.0, 1.0 ], [ 0.809017, -0.309017, -0.5, 0.0, -0.309017, 0.5, -0.809017, 0.0, 0.5, 0.809017, 0.309017, 0.0, 0.0, 0.0, 0.0, 1.0 ], [ 0.5, 0.809017, -0.309017, 0.0, 0.809017, -0.309017, 0.5, 0.0, 0.309017, -0.5, -0.809017, 0.0, 0.0, 0.0, 0.0, 1.0 ], [ 0.309017, -0.5, -0.809017, 0.0, 0.5, 0.809017, -0.309017, 0.0, 0.809017, -0.309017, 0.5, 0.0, 0.0, 0.0, 0.0, 1.0 ], [ 0.809017, -0.309017, 0.5, 0.0, 0.309017, -0.5, -0.809017, 0.0, 0.5, 0.809017, -0.309017, 0.0, 0.0, 0.0, 0.0, 1.0 ], [ 0.809017, 0.309017, -0.5, 0.0, 0.309017, 0.5, 0.809017, 0.0, 0.5, -0.809017, 0.309017, 0.0, 0.0, 0.0, 0.0, 1.0 ], [ 0.5, -0.809017, 0.309017, 0.0, 0.809017, 0.309017, -0.5, 0.0, 0.309017, 0.5, 0.809017, 0.0, 0.0, 0.0, 0.0, 1.0 ], [ 0.309017, 0.5, 0.809017, 0.0, 0.5, -0.809017, 0.309017, 0.0, 0.809017, 0.309017, -0.5, 0.0, 0.0, 0.0, 0.0, 1.0 ], [ 1.0, 0.0, 0.0, 0.0, 0.0, -1.0, 0.0, 0.0, 0.0, 0.0, -1.0, 0.0, 0.0, 0.0, 0.0, 1.0 ], [ 0.0, 0.0, 1.0, 0.0, -1.0, 0.0, 0.0, 0.0, 0.0, -1.0, 0.0, 0.0, 0.0, 0.0, 0.0, 1.0 ], [ 0.0, 1.0, 0.0, 0.0, 0.0, 0.0, -1.0, 0.0, -1.0, 0.0, 0.0, 0.0, 0.0, 0.0, 0.0, 1.0 ], [ 0.809017, 0.309017, 0.5, 0.0, -0.309017, -0.5, 0.809017, 0.0, 0.5, -0.809017, -0.309017, 0.0, 0.0, 0.0, 0.0, 1.0 ], [ -0.5, 0.809017, 0.309017, 0.0, -0.809017, -0.309017, -0.5, 0.0, -0.309017, -0.5, 0.809017, 0.0, 0.0, 0.0, 0.0, 1.0 ], [ 0.309017, 0.5, -0.809017, 0.0, 0.5, -0.809017, -0.309017, 0.0, -0.809017, -0.309017, -0.5, 0.0, 0.0, 0.0, 0.0, 1.0 ], [ 0.5, 0.809017, 0.309017, 0.0, -0.809017, 0.309017, 0.5, 0.0, 0.309017, -0.5, 0.809017, 0.0, 0.0, 0.0, 0.0, 1.0 ], [ -0.309017, 0.5, -0.809017, 0.0, -0.5, -0.809017, -0.309017, 0.0, -0.809017, 0.309017, 0.5, 0.0, 0.0, 0.0, 0.0, 1.0 ], [ 0.809017, -0.309017, -0.5, 0.0, 0.309017, -0.5, 0.809017, 0.0, -0.5, -0.809017, -0.309017, 0.0, 0.0, 0.0, 0.0, 1.0 ], [ 0.5, 0.809017, -0.309017, 0.0, -0.809017, 0.309017, -0.5, 0.0, -0.309017, 0.5, 0.809017, 0.0, 0.0, 0.0, 0.0, 1.0 ], [ 0.309017, -0.5, -0.809017, 0.0, -0.5, -0.809017, 0.309017, 0.0, -0.809017, 0.309017, -0.5, 0.0, 0.0, 0.0, 0.0, 1.0 ], [ 0.809017, -0.309017, 0.5, 0.0, -0.309017, 0.5, 0.809017, 0.0, -0.5, -0.809017, 0.309017, 0.0, 0.0, 0.0, 0.0, 1.0 ], [ 0.809017, 0.309017, -0.5, 0.0, -0.309017, -0.5, -0.809017, 0.0, -0.5, 0.809017, -0.309017, 0.0, 0.0, 0.0, 0.0, 1.0 ], [ 0.5, -0.809017, 0.309017, 0.0, -0.809017, -0.309017, 0.5, 0.0, -0.309017, -0.5, -0.809017, 0.0, 0.0, 0.0, 0.0, 1.0 ], [ 0.309017, 0.5, 0.809017, 0.0, -0.5, 0.809017, -0.309017, 0.0, -0.809017, -0.309017, 0.5, 0.0, 0.0, 0.0, 0.0, 1.0 ], [ -1.0, 0.0, 0.0, 0.0, 0.0, -1.0, 0.0, 0.0, 0.0, 0.0, 1.0, 0.0, 0.0, 0.0, 0.0, 1.0 ], [ 0.0, 0.0, -1.0, 0.0, -1.0, 0.0, 0.0, 0.0, 0.0, 1.0, 0.0, 0.0, 0.0, 0.0, 0.0, 1.0 ], [ 0.0, -1.0, 0.0, 0.0, 0.0, 0.0, -1.0, 0.0, 1.0, 0.0, 0.0, 0.0, 0.0, 0.0, 0.0, 1.0 ], [ -0.809017, -0.309017, -0.5, 0.0, -0.309017, -0.5, 0.809017, 0.0, -0.5, 0.809017, 0.309017, 0.0, 0.0, 0.0, 0.0, 1.0 ], [ 0.5, -0.809017, -0.309017, 0.0, -0.809017, -0.309017, -0.5, 0.0, 0.309017, 0.5, -0.809017, 0.0, 0.0, 0.0, 0.0, 1.0 ], [ -0.309017, -0.5, 0.809017, 0.0, 0.5, -0.809017, -0.309017, 0.0, 0.809017, 0.309017, 0.5, 0.0, 0.0, 0.0, 0.0, 1.0 ], [ -0.5, -0.809017, -0.309017, 0.0, -0.809017, 0.309017, 0.5, 0.0, -0.309017, 0.5, -0.809017, 0.0, 0.0, 0.0, 0.0, 1.0 ], [ 0.309017, -0.5, 0.809017, 0.0, -0.5, -0.809017, -0.309017, 0.0, 0.809017, -0.309017, -0.5, 0.0, 0.0, 0.0, 0.0, 1.0 ], [ -0.809017, 0.309017, 0.5, 0.0, 0.309017, -0.5, 0.809017, 0.0, 0.5, 0.809017, 0.309017, 0.0, 0.0, 0.0, 0.0, 1.0 ], [ -0.5, -0.809017, 0.309017, 0.0, -0.809017, 0.309017, -0.5, 0.0, 0.309017, -0.5, -0.809017, 0.0, 0.0, 0.0, 0.0, 1.0 ], [ -0.309017, 0.5, 0.809017, 0.0, -0.5, -0.809017, 0.309017, 0.0, 0.809017, -0.309017, 0.5, 0.0, 0.0, 0.0, 0.0, 1.0 ], [ -0.809017, 0.309017, -0.5, 0.0, -0.309017, 0.5, 0.809017, 0.0, 0.5, 0.809017, -0.309017, 0.0, 0.0, 0.0, 0.0, 1.0 ], [ -0.809017, -0.309017, 0.5, 0.0, -0.309017, -0.5, -0.809017, 0.0, 0.5, -0.809017, 0.309017, 0.0, 0.0, 0.0, 0.0, 1.0 ], [ -0.5, 0.809017, -0.309017, 0.0, -0.809017, -0.309017, 0.5, 0.0, 0.309017, 0.5, 0.809017, 0.0, 0.0, 0.0, 0.0, 1.0 ], [ -0.309017, -0.5, -0.809017, 0.0, -0.5, 0.809017, -0.309017, 0.0, 0.809017, 0.309017, -0.5, 0.0, 0.0, 0.0, 0.0, 1.0 ], [ -1.0, 0.0, 0.0, 0.0, 0.0, 1.0, 0.0, 0.0, 0.0, 0.0, -1.0, 0.0, 0.0, 0.0, 0.0, 1.0 ], [ 0.0, 0.0, -1.0, 0.0, 1.0, 0.0, 0.0, 0.0, 0.0, -1.0, 0.0, 0.0, 0.0, 0.0, 0.0, 1.0 ], [ 0.0, -1.0, 0.0, 0.0, 0.0, 0.0, 1.0, 0.0, -1.0, 0.0, 0.0, 0.0, 0.0, 0.0, 0.0, 1.0 ], [ -0.809017, -0.309017, -0.5, 0.0, 0.309017, 0.5, -0.809017, 0.0, 0.5, -0.809017, -0.309017, 0.0, 0.0, 0.0, 0.0, 1.0 ], [ 0.5, -0.809017, -0.309017, 0.0, 0.809017, 0.309017, 0.5, 0.0, -0.309017, -0.5, 0.809017, 0.0, 0.0, 0.0, 0.0, 1.0 ], [ -0.309017, -0.5, 0.809017, 0.0, -0.5, 0.809017, 0.309017, 0.0, -0.809017, -0.309017, -0.5, 0.0, 0.0, 0.0, 0.0, 1.0 ], [ -0.5, -0.809017, -0.309017, 0.0, 0.809017, -0.309017, -0.5, 0.0, 0.309017, -0.5, 0.809017, 0.0, 0.0, 0.0, 0.0, 1.0 ], [ 0.309017, -0.5, 0.809017, 0.0, 0.5, 0.809017, 0.309017, 0.0, -0.809017, 0.309017, 0.5, 0.0, 0.0, 0.0, 0.0, 1.0 ], [ -0.809017, 0.309017, 0.5, 0.0, -0.309017, 0.5, -0.809017, 0.0, -0.5, -0.809017, -0.309017, 0.0, 0.0, 0.0, 0.0, 1.0 ], [ -0.5, -0.809017, 0.309017, 0.0, 0.809017, -0.309017, 0.5, 0.0, -0.309017, 0.5, 0.809017, 0.0, 0.0, 0.0, 0.0, 1.0 ], [ -0.309017, 0.5, 0.809017, 0.0, 0.5, 0.809017, -0.309017, 0.0, -0.809017, 0.309017, -0.5, 0.0, 0.0, 0.0, 0.0, 1.0 ], [ -0.809017, 0.309017, -0.5, 0.0, 0.309017, -0.5, -0.809017, 0.0, -0.5, -0.809017, 0.309017, 0.0, 0.0, 0.0, 0.0, 1.0 ], [ -0.809017, -0.309017, 0.5, 0.0, 0.309017, 0.5, 0.809017, 0.0, -0.5, 0.809017, -0.309017, 0.0, 0.0, 0.0, 0.0, 1.0 ], [ -0.5, 0.809017, -0.309017, 0.0, 0.809017, 0.309017, -0.5, 0.0, -0.309017, -0.5, -0.809017, 0.0, 0.0, 0.0, 0.0, 1.0 ], [ -0.309017, -0.5, -0.809017, 0.0, 0.5, -0.809017, 0.309017, 0.0, -0.809017, -0.309017, 0.5, 0.0, 0.0, 0.0, 0.0, 1.0 ] ],
  "lights" : {
    "directionalLights" : [ {
      "direction" : [ 1.0, -1.0, -1.0 ],
      "color" : "#EBEBE4"
    }, {
      "direction" : [ -1.0, 0.0, 0.0 ],
      "color" : "#E4E4EB"
    }, {
      "direction" : [ 0.0, 0.0, -1.0 ],
      "color" : "#1E1E1E"
    } ],
    "ambientColor" : "#292929",
    "backgroundColor" : "#AFC8DC"
  },
  "camera" : {
    "width" : 944.2317,
    "position" : {
      "x" : 1341.8436,
      "y" : 639.98883,
      "z" : 1480.7778
    },
    "lookDirectionRV" : {
      "x" : -0.6394929,
      "y" : -0.30500448,
      "z" : -0.7057059,
      "zero" : false
    },
    "viewDistance" : 2098.2932,
    "upDirectionRV" : {
      "x" : -0.33622864,
      "y" : 0.9364522,
      "z" : -0.10005058,
      "zero" : false
    },
    "perspective" : true,
    "lookAtPointRV" : {
      "x" : 0.0,
      "y" : 0.0,
      "z" : 0.0,
      "zero" : true
    },
    "fieldOfView" : 0.44262877,
    "nearClipDistance" : 5.245734,
    "lookAtPoint" : {
      "x" : 0.0,
      "y" : 0.0,
      "z" : 0.0
    },
    "upDirection" : {
      "x" : -0.33622864,
      "y" : 0.9364522,
      "z" : -0.10005058
    },
    "lookDirection" : {
      "x" : -0.6394929,
      "y" : -0.30500448,
      "z" : -0.7057059
    },
    "farClipDistance" : 4196.5806,
    "stereo" : false
  },
  "embedding" : [ 1.0, 0.0, 0.0, 0.0, 0.0, 1.0, 0.0, 0.0, 0.0, 0.0, 1.0, 0.0, 0.0, 0.0, 0.0, 1.0 ],
  "shapes" : [ {
    "id" : "4c0a92bf-7b32-4555-ae95-da43a77aef40",
    "orbit" : "red",
    "orbitC" : "[[-1,1,1],[0,0,1]]",
    "length" : "[18,-6,1]",
    "name" : " :18 -6*phi",
    "vertices" : [ {
      "x" : 27.607391,
      "y" : 17.18034,
      "z" : 0.309017
    }, {
      "x" : 29.225426,
      "y" : 17.944271,
      "z" : 0.309017
    }, {
      "x" : 29.034441,
      "y" : 18.253288,
      "z" : 0.19098301
    }, {
      "x" : 0.809017,
      "y" : 0.618034,
      "z" : -0.309017
    }, {
      "x" : 0.690983,
      "y" : 0.809017,
      "z" : 0.0
    }, {
      "x" : 27.489357,
      "y" : 17.371323,
      "z" : 0.0
    }, {
      "x" : 27.607391,
      "y" : 17.18034,
      "z" : -0.309017
    }, {
      "x" : 56.0238,
      "y" : 34.506577,
      "z" : 0.309017
    }, {
      "x" : 27.798374,
      "y" : 16.871323,
      "z" : 0.19098301
    }, {
      "x" : 27.798374,
      "y" : 16.871323,
      "z" : -0.19098301
    }, {
      "x" : 29.343458,
      "y" : 17.753288,
      "z" : 0.0
    }, {
      "x" : 29.225426,
      "y" : 17.944271,
      "z" : -0.309017
    }, {
      "x" : 56.141834,
      "y" : 34.315594,
      "z" : 0.0
    }, {
      "x" : 1.0,
      "y" : 0.309017,
      "z" : 0.19098301
    }, {
      "x" : 1.0,
      "y" : 0.309017,
      "z" : -0.19098301
    }, {
      "x" : 0.809017,
      "y" : 0.618034,
      "z" : 0.309017
    }, {
      "x" : 55.832817,
      "y" : 34.815594,
      "z" : 0.19098301
    }, {
      "x" : 56.0238,
      "y" : 34.506577,
      "z" : -0.309017
    }, {
      "x" : 55.832817,
      "y" : 34.815594,
      "z" : -0.19098301
    }, {
      "x" : 56.832817,
      "y" : 35.12461,
      "z" : 0.0
    }, {
      "x" : 29.034441,
      "y" : 18.253288,
      "z" : -0.19098301
    } ],
    "faces" : [ {
      "vertices" : [ 3, 6, 9, 14 ]
    }, {
      "vertices" : [ 11, 20, 18, 17 ]
    }, {
      "vertices" : [ 0, 1, 2 ]
    }, {
      "vertices" : [ 0, 15, 13, 8 ]
    }, {
      "vertices" : [ 6, 20, 11 ]
    }, {
      "vertices" : [ 0, 2, 5 ]
    }, {
      "vertices" : [ 0, 8, 1 ]
    }, {
      "vertices" : [ 8, 13, 14, 9 ]
    }, {
      "vertices" : [ 3, 4, 5, 6 ]
    }, {
      "vertices" : [ 10, 11, 17, 12 ]
    }, {
      "vertices" : [ 1, 8, 10 ]
    }, {
      "vertices" : [ 0, 5, 4, 15 ]
    }, {
      "vertices" : [ 2, 16, 18, 20 ]
    }, {
      "vertices" : [ 1, 7, 16, 2 ]
    }, {
      "vertices" : [ 6, 11, 9 ]
    }, {
      "vertices" : [ 8, 9, 10 ]
    }, {
      "vertices" : [ 2, 20, 5 ]
    }, {
      "vertices" : [ 9, 11, 10 ]
    }, {
      "vertices" : [ 1, 10, 12, 7 ]
    }, {
      "vertices" : [ 5, 20, 6 ]
    } ]
  }, {
    "id" : "5edb7da4-1eee-43fe-bbd3-3662056545c9",
    "orbit" : "blue",
    "orbitC" : "[[0,0,1],[0,0,1]]",
    "length" : "[18,-6,1]",
    "name" : " :18 -6*phi",
    "vertices" : [ {
      "x" : 69.24922,
      "y" : 0.309017,
      "z" : 0.19098301
    }, {
      "x" : 69.24922,
      "y" : 0.309017,
      "z" : -0.19098301
    }, {
      "x" : 1.0,
      "y" : 0.309017,
      "z" : -0.19098301
    }, {
      "x" : 1.0,
      "y" : 0.309017,
      "z" : 0.19098301
    }, {
      "x" : 69.24922,
      "y" : -0.309017,
      "z" : 0.19098301
    }, {
      "x" : 1.0,
      "y" : -0.309017,
      "z" : 0.19098301
    }, {
      "x" : 1.0,
      "y" : -0.309017,
      "z" : -0.19098301
    }, {
      "x" : 69.24922,
      "y" : -0.309017,
      "z" : -0.19098301
    }, {
      "x" : 70.24922,
      "y" : 0.0,
      "z" : 0.0
    } ],
    "faces" : [ {
      "vertices" : [ 1, 7, 6, 2 ]
    }, {
      "vertices" : [ 0, 1, 2, 3 ]
    }, {
      "vertices" : [ 4, 5, 6, 7 ]
    }, {
      "vertices" : [ 0, 3, 5, 4 ]
    } ]
  }, {
    "id" : "9954bd3b-c1ea-4cac-a59a-4d7b4b70fe86",
    "name" : "ball",
    "vertices" : [ {
      "x" : 0.309017,
      "y" : -0.809017,
      "z" : 0.618034
    }, {
      "x" : 0.809017,
      "y" : -0.618034,
      "z" : 0.309017
    }, {
      "x" : 0.618034,
      "y" : -0.309017,
      "z" : 0.809017
    }, {
      "x" : 1.0,
      "y" : 0.309017,
      "z" : 0.19098301
    }, {
      "x" : 0.809017,
      "y" : 0.618034,
      "z" : 0.309017
    }, {
      "x" : 0.618034,
      "y" : 0.309017,
      "z" : 0.809017
    }, {
      "x" : 0.809017,
      "y" : 0.0,
      "z" : 0.690983
    }, {
      "x" : 0.19098301,
      "y" : -1.0,
      "z" : 0.309017
    }, {
      "x" : -0.19098301,
      "y" : -1.0,
      "z" : 0.309017
    }, {
      "x" : -0.19098301,
      "y" : -1.0,
      "z" : -0.309017
    }, {
      "x" : 0.19098301,
      "y" : -1.0,
      "z" : -0.309017
    }, {
      "x" : 1.0,
      "y" : -0.309017,
      "z" : -0.19098301
    }, {
      "x" : 0.809017,
      "y" : -0.618034,
      "z" : -0.309017
    }, {
      "x" : 0.618034,
      "y" : -0.309017,
      "z" : -0.809017
    }, {
      "x" : 0.809017,
      "y" : 0.0,
      "z" : -0.690983
    }, {
      "x" : 0.0,
      "y" : 0.690983,
      "z" : -0.809017
    }, {
      "x" : 0.309017,
      "y" : 0.809017,
      "z" : -0.618034
    }, {
      "x" : 0.618034,
      "y" : 0.309017,
      "z" : -0.809017
    }, {
      "x" : 0.309017,
      "y" : 0.19098301,
      "z" : -1.0
    }, {
      "x" : 1.0,
      "y" : 0.309017,
      "z" : -0.19098301
    }, {
      "x" : -0.309017,
      "y" : -0.809017,
      "z" : 0.618034
    }, {
      "x" : 0.0,
      "y" : -0.690983,
      "z" : 0.809017
    }, {
      "x" : 0.809017,
      "y" : 0.618034,
      "z" : -0.309017
    }, {
      "x" : 0.690983,
      "y" : 0.809017,
      "z" : 0.0
    }, {
      "x" : -0.690983,
      "y" : 0.809017,
      "z" : 0.0
    }, {
      "x" : -0.809017,
      "y" : 0.618034,
      "z" : 0.309017
    }, {
      "x" : -0.309017,
      "y" : 0.809017,
      "z" : 0.618034
    }, {
      "x" : -0.19098301,
      "y" : 1.0,
      "z" : 0.309017
    }, {
      "x" : 0.309017,
      "y" : -0.19098301,
      "z" : -1.0
    }, {
      "x" : 0.19098301,
      "y" : 1.0,
      "z" : 0.309017
    }, {
      "x" : 0.309017,
      "y" : 0.809017,
      "z" : 0.618034
    }, {
      "x" : -0.809017,
      "y" : -0.618034,
      "z" : 0.309017
    }, {
      "x" : -0.690983,
      "y" : -0.809017,
      "z" : 0.0
    }, {
      "x" : 0.0,
      "y" : 0.690983,
      "z" : 0.809017
    }, {
      "x" : 0.309017,
      "y" : -0.809017,
      "z" : -0.618034
    }, {
      "x" : 0.0,
      "y" : -0.690983,
      "z" : -0.809017
    }, {
      "x" : -1.0,
      "y" : 0.309017,
      "z" : 0.19098301
    }, {
      "x" : -0.809017,
      "y" : 0.0,
      "z" : 0.690983
    }, {
      "x" : -0.618034,
      "y" : 0.309017,
      "z" : 0.809017
    }, {
      "x" : 1.0,
      "y" : -0.309017,
      "z" : 0.19098301
    }, {
      "x" : -0.309017,
      "y" : -0.809017,
      "z" : -0.618034
    }, {
      "x" : -1.0,
      "y" : 0.309017,
      "z" : -0.19098301
    }, {
      "x" : -1.0,
      "y" : -0.309017,
      "z" : -0.19098301
    }, {
      "x" : -1.0,
      "y" : -0.309017,
      "z" : 0.19098301
    }, {
      "x" : 0.19098301,
      "y" : 1.0,
      "z" : -0.309017
    }, {
      "x" : -0.809017,
      "y" : 0.618034,
      "z" : -0.309017
    }, {
      "x" : -0.19098301,
      "y" : 1.0,
      "z" : -0.309017
    }, {
      "x" : -0.309017,
      "y" : 0.809017,
      "z" : -0.618034
    }, {
      "x" : -0.618034,
      "y" : -0.309017,
      "z" : 0.809017
    }, {
      "x" : 0.309017,
      "y" : 0.19098301,
      "z" : 1.0
    }, {
      "x" : -0.309017,
      "y" : 0.19098301,
      "z" : -1.0
    }, {
      "x" : -0.309017,
      "y" : 0.19098301,
      "z" : 1.0
    }, {
      "x" : -0.309017,
      "y" : -0.19098301,
      "z" : 1.0
    }, {
      "x" : 0.309017,
      "y" : -0.19098301,
      "z" : 1.0
    }, {
      "x" : 0.690983,
      "y" : -0.809017,
      "z" : 0.0
    }, {
      "x" : -0.809017,
      "y" : 0.0,
      "z" : -0.690983
    }, {
      "x" : -0.618034,
      "y" : -0.309017,
      "z" : -0.809017
    }, {
      "x" : -0.309017,
      "y" : -0.19098301,
      "z" : -1.0
    }, {
      "x" : -0.618034,
      "y" : 0.309017,
      "z" : -0.809017
    }, {
      "x" : -0.809017,
      "y" : -0.618034,
      "z" : -0.309017
    } ],
    "faces" : [ {
      "vertices" : [ 9, 40, 35, 34, 10 ]
    }, {
      "vertices" : [ 0, 1, 2 ]
    }, {
      "vertices" : [ 33, 51, 49 ]
    }, {
      "vertices" : [ 25, 36, 37, 38 ]
    }, {
      "vertices" : [ 41, 55, 42 ]
    }, {
      "vertices" : [ 9, 32, 59, 40 ]
    }, {
      "vertices" : [ 20, 21, 52, 48 ]
    }, {
      "vertices" : [ 26, 33, 30, 29, 27 ]
    }, {
      "vertices" : [ 3, 4, 5, 6 ]
    }, {
      "vertices" : [ 27, 29, 44, 46 ]
    }, {
      "vertices" : [ 50, 57, 56, 55, 58 ]
    }, {
      "vertices" : [ 26, 38, 51, 33 ]
    }, {
      "vertices" : [ 45, 47, 58 ]
    }, {
      "vertices" : [ 18, 28, 57, 50 ]
    }, {
      "vertices" : [ 40, 59, 56 ]
    }, {
      "vertices" : [ 31, 48, 37, 43 ]
    }, {
      "vertices" : [ 7, 8, 9, 10 ]
    }, {
      "vertices" : [ 36, 41, 42, 43 ]
    }, {
      "vertices" : [ 24, 46, 47, 45 ]
    }, {
      "vertices" : [ 4, 30, 5 ]
    }, {
      "vertices" : [ 15, 47, 46, 44, 16 ]
    }, {
      "vertices" : [ 15, 50, 58, 47 ]
    }, {
      "vertices" : [ 24, 45, 41, 36, 25 ]
    }, {
      "vertices" : [ 11, 14, 19 ]
    }, {
      "vertices" : [ 3, 6, 39 ]
    }, {
      "vertices" : [ 1, 39, 6, 2 ]
    }, {
      "vertices" : [ 8, 32, 9 ]
    }, {
      "vertices" : [ 11, 12, 13, 14 ]
    }, {
      "vertices" : [ 16, 22, 17 ]
    }, {
      "vertices" : [ 0, 21, 20, 8, 7 ]
    }, {
      "vertices" : [ 12, 34, 13 ]
    }, {
      "vertices" : [ 35, 40, 56, 57 ]
    }, {
      "vertices" : [ 0, 7, 54, 1 ]
    }, {
      "vertices" : [ 15, 16, 17, 18 ]
    }, {
      "vertices" : [ 3, 19, 22, 23, 4 ]
    }, {
      "vertices" : [ 7, 10, 54 ]
    }, {
      "vertices" : [ 41, 45, 58, 55 ]
    }, {
      "vertices" : [ 3, 39, 11, 19 ]
    }, {
      "vertices" : [ 14, 17, 22, 19 ]
    }, {
      "vertices" : [ 0, 2, 53, 21 ]
    }, {
      "vertices" : [ 49, 51, 52, 53 ]
    }, {
      "vertices" : [ 31, 43, 42, 59, 32 ]
    }, {
      "vertices" : [ 15, 18, 50 ]
    }, {
      "vertices" : [ 42, 55, 56, 59 ]
    }, {
      "vertices" : [ 4, 23, 29, 30 ]
    }, {
      "vertices" : [ 25, 38, 26 ]
    }, {
      "vertices" : [ 13, 28, 18, 17, 14 ]
    }, {
      "vertices" : [ 8, 20, 31, 32 ]
    }, {
      "vertices" : [ 23, 44, 29 ]
    }, {
      "vertices" : [ 24, 27, 46 ]
    }, {
      "vertices" : [ 37, 48, 52, 51, 38 ]
    }, {
      "vertices" : [ 20, 48, 31 ]
    }, {
      "vertices" : [ 24, 25, 26, 27 ]
    }, {
      "vertices" : [ 16, 44, 23, 22 ]
    }, {
      "vertices" : [ 13, 34, 35, 28 ]
    }, {
      "vertices" : [ 10, 34, 12, 54 ]
    }, {
      "vertices" : [ 2, 6, 5, 49, 53 ]
    }, {
      "vertices" : [ 36, 43, 37 ]
    }, {
      "vertices" : [ 5, 30, 33, 49 ]
    }, {
      "vertices" : [ 1, 54, 12, 11, 39 ]
    }, {
      "vertices" : [ 28, 35, 57 ]
    }, {
      "vertices" : [ 21, 53, 52 ]
    } ]
  }, {
    "id" : "1429d4a6-ccba-4211-b3cc-66b238286bcb",
    "orbit" : "yellow",
    "orbitC" : "[[0,0,1],[2,-1,1]]",
    "length" : "[18,-6,1]",
    "name" : " :18 -6*phi",
    "vertices" : [ {
      "x" : 0.809017,
      "y" : 0.0,
      "z" : -0.690983
    }, {
      "x" : 1.0,
      "y" : 0.309017,
      "z" : -0.19098301
    }, {
      "x" : 27.607391,
      "y" : 0.309017,
      "z" : -10.354102
    }, {
      "x" : 27.416409,
      "y" : 0.0,
      "z" : -10.854102
    }, {
      "x" : 55.832817,
      "y" : 0.309017,
      "z" : -21.517221
    }, {
      "x" : 1.0,
      "y" : -0.309017,
      "z" : -0.19098301
    }, {
      "x" : 27.607391,
      "y" : -0.309017,
      "z" : -10.354102
    }, {
      "x" : 29.225426,
      "y" : 0.309017,
      "z" : -11.354102
    }, {
      "x" : 29.416409,
      "y" : 0.0,
      "z" : -10.854102
    }, {
      "x" : 56.832817,
      "y" : 0.0,
      "z" : -21.708204
    }, {
      "x" : 29.225426,
      "y" : -0.309017,
      "z" : -11.354102
    }, {
      "x" : 56.0238,
      "y" : 0.0,
      "z" : -21.017221
    }, {
      "x" : 55.832817,
      "y" : -0.309017,
      "z" : -21.517221
    } ],
    "faces" : [ {
      "vertices" : [ 2, 6, 8 ]
    }, {
      "vertices" : [ 4, 12, 10, 7 ]
    }, {
      "vertices" : [ 2, 8, 7 ]
    }, {
      "vertices" : [ 3, 10, 6 ]
    }, {
      "vertices" : [ 3, 7, 10 ]
    }, {
      "vertices" : [ 0, 1, 2, 3 ]
    }, {
      "vertices" : [ 6, 10, 8 ]
    }, {
      "vertices" : [ 8, 10, 12, 11 ]
    }, {
      "vertices" : [ 2, 7, 3 ]
    }, {
      "vertices" : [ 0, 3, 6, 5 ]
    }, {
      "vertices" : [ 1, 5, 6, 2 ]
    }, {
      "vertices" : [ 4, 7, 8, 11 ]
    } ]
  }, {
    "id" : "fcb69198-419d-4526-a541-800f2b029251",
    "orbit" : "red",
    "orbitC" : "[[-1,1,1],[0,0,1]]",
    "length" : "[-24,18,1]",
    "name" : " :-24 +18*phi",
    "vertices" : [ {
      "x" : 16.753288,
      "y" : 10.472136,
      "z" : 0.309017
    }, {
      "x" : 18.371323,
      "y" : 11.236068,
      "z" : 0.309017
    }, {
      "x" : 18.18034,
      "y" : 11.545085,
      "z" : 0.19098301
    }, {
      "x" : 0.809017,
      "y" : 0.618034,
      "z" : -0.309017
    }, {
      "x" : 0.690983,
      "y" : 0.809017,
      "z" : 0.0
    }, {
      "x" : 16.635256,
      "y" : 10.663119,
      "z" : 0.0
    }, {
      "x" : 16.753288,
      "y" : 10.472136,
      "z" : -0.309017
    }, {
      "x" : 34.315594,
      "y" : 21.09017,
      "z" : 0.309017
    }, {
      "x" : 16.944271,
      "y" : 10.163119,
      "z" : 0.19098301
    }, {
      "x" : 16.944271,
      "y" : 10.163119,
      "z" : -0.19098301
    }, {
      "x" : 18.489357,
      "y" : 11.045085,
      "z" : 0.0
    }, {
      "x" : 18.371323,
      "y" : 11.236068,
      "z" : -0.309017
    }, {
      "x" : 34.433628,
      "y" : 20.899187,
      "z" : 0.0
    }, {
      "x" : 1.0,
      "y" : 0.309017,
      "z" : 0.19098301
    }, {
      "x" : 1.0,
      "y" : 0.309017,
      "z" : -0.19098301
    }, {
      "x" : 0.809017,
      "y" : 0.618034,
      "z" : 0.309017
    }, {
      "x" : 34.12461,
      "y" : 21.399187,
      "z" : 0.19098301
    }, {
      "x" : 34.315594,
      "y" : 21.09017,
      "z" : -0.309017
    }, {
      "x" : 34.12461,
      "y" : 21.399187,
      "z" : -0.19098301
    }, {
      "x" : 35.12461,
      "y" : 21.708204,
      "z" : 0.0
    }, {
      "x" : 18.18034,
      "y" : 11.545085,
      "z" : -0.19098301
    } ],
    "faces" : [ {
      "vertices" : [ 3, 6, 9, 14 ]
    }, {
      "vertices" : [ 11, 20, 18, 17 ]
    }, {
      "vertices" : [ 0, 1, 2 ]
    }, {
      "vertices" : [ 0, 15, 13, 8 ]
    }, {
      "vertices" : [ 6, 20, 11 ]
    }, {
      "vertices" : [ 0, 2, 5 ]
    }, {
      "vertices" : [ 0, 8, 1 ]
    }, {
      "vertices" : [ 8, 13, 14, 9 ]
    }, {
      "vertices" : [ 3, 4, 5, 6 ]
    }, {
      "vertices" : [ 10, 11, 17, 12 ]
    }, {
      "vertices" : [ 1, 8, 10 ]
    }, {
      "vertices" : [ 0, 5, 4, 15 ]
    }, {
      "vertices" : [ 2, 16, 18, 20 ]
    }, {
      "vertices" : [ 1, 7, 16, 2 ]
    }, {
      "vertices" : [ 6, 11, 9 ]
    }, {
      "vertices" : [ 8, 9, 10 ]
    }, {
      "vertices" : [ 2, 20, 5 ]
    }, {
      "vertices" : [ 9, 11, 10 ]
    }, {
      "vertices" : [ 1, 10, 12, 7 ]
    }, {
      "vertices" : [ 5, 20, 6 ]
    } ]
  }, {
    "id" : "5b15e9f6-a17d-47da-8dc5-53c37ce539fc",
    "orbit" : "yellow",
    "orbitC" : "[[0,0,1],[2,-1,1]]",
    "length" : "[-3,6,1]",
    "name" : " :-3 +6*phi",
    "vertices" : [ {
      "x" : 0.809017,
      "y" : 0.0,
      "z" : -0.690983
    }, {
      "x" : 1.0,
      "y" : 0.309017,
      "z" : -0.19098301
    }, {
      "x" : 22.18034,
      "y" : 0.309017,
      "z" : -8.281153
    }, {
      "x" : 21.989357,
      "y" : 0.0,
      "z" : -8.781153
    }, {
      "x" : 44.978714,
      "y" : 0.309017,
      "z" : -17.371323
    }, {
      "x" : 1.0,
      "y" : -0.309017,
      "z" : -0.19098301
    }, {
      "x" : 22.18034,
      "y" : -0.309017,
      "z" : -8.281153
    }, {
      "x" : 23.798374,
      "y" : 0.309017,
      "z" : -9.281153
    }, {
      "x" : 23.989357,
      "y" : 0.0,
      "z" : -8.781153
    }, {
      "x" : 45.978714,
      "y" : 0.0,
      "z" : -17.562305
    }, {
      "x" : 23.798374,
      "y" : -0.309017,
      "z" : -9.281153
    }, {
      "x" : 45.169697,
      "y" : 0.0,
      "z" : -16.871323
    }, {
      "x" : 44.978714,
      "y" : -0.309017,
      "z" : -17.371323
    } ],
    "faces" : [ {
      "vertices" : [ 2, 6, 8 ]
    }, {
      "vertices" : [ 4, 12, 10, 7 ]
    }, {
      "vertices" : [ 2, 8, 7 ]
    }, {
      "vertices" : [ 3, 10, 6 ]
    }, {
      "vertices" : [ 3, 7, 10 ]
    }, {
      "vertices" : [ 0, 1, 2, 3 ]
    }, {
      "vertices" : [ 6, 10, 8 ]
    }, {
      "vertices" : [ 8, 10, 12, 11 ]
    }, {
      "vertices" : [ 2, 7, 3 ]
    }, {
      "vertices" : [ 0, 3, 6, 5 ]
    }, {
      "vertices" : [ 1, 5, 6, 2 ]
    }, {
      "vertices" : [ 4, 7, 8, 11 ]
    } ]
  }, {
    "id" : "bdc5e8ea-e623-4cdf-bf5e-2ad9b36f935e",
    "orbit" : "red",
    "orbitC" : "[[-1,1,1],[0,0,1]]",
    "length" : "[9,-3,1]",
    "name" : " :9 -3*phi",
    "vertices" : [ {
      "x" : 13.399187,
      "y" : 8.399187,
      "z" : 0.309017
    }, {
      "x" : 15.0172205,
      "y" : 9.163119,
      "z" : 0.309017
    }, {
      "x" : 14.826238,
      "y" : 9.472136,
      "z" : 0.19098301
    }, {
      "x" : 0.809017,
      "y" : 0.618034,
      "z" : -0.309017
    }, {
      "x" : 0.690983,
      "y" : 0.809017,
      "z" : 0.0
    }, {
      "x" : 13.281153,
      "y" : 8.59017,
      "z" : 0.0
    }, {
      "x" : 13.399187,
      "y" : 8.399187,
      "z" : -0.309017
    }, {
      "x" : 27.607391,
      "y" : 16.944271,
      "z" : 0.309017
    }, {
      "x" : 13.59017,
      "y" : 8.09017,
      "z" : 0.19098301
    }, {
      "x" : 13.59017,
      "y" : 8.09017,
      "z" : -0.19098301
    }, {
      "x" : 15.135255,
      "y" : 8.972136,
      "z" : 0.0
    }, {
      "x" : 15.0172205,
      "y" : 9.163119,
      "z" : -0.309017
    }, {
      "x" : 27.725426,
      "y" : 16.753288,
      "z" : 0.0
    }, {
      "x" : 1.0,
      "y" : 0.309017,
      "z" : 0.19098301
    }, {
      "x" : 1.0,
      "y" : 0.309017,
      "z" : -0.19098301
    }, {
      "x" : 0.809017,
      "y" : 0.618034,
      "z" : 0.309017
    }, {
      "x" : 27.416409,
      "y" : 17.253288,
      "z" : 0.19098301
    }, {
      "x" : 27.607391,
      "y" : 16.944271,
      "z" : -0.309017
    }, {
      "x" : 27.416409,
      "y" : 17.253288,
      "z" : -0.19098301
    }, {
      "x" : 28.416409,
      "y" : 17.562305,
      "z" : 0.0
    }, {
      "x" : 14.826238,
      "y" : 9.472136,
      "z" : -0.19098301
    } ],
    "faces" : [ {
      "vertices" : [ 3, 6, 9, 14 ]
    }, {
      "vertices" : [ 11, 20, 18, 17 ]
    }, {
      "vertices" : [ 0, 1, 2 ]
    }, {
      "vertices" : [ 0, 15, 13, 8 ]
    }, {
      "vertices" : [ 6, 20, 11 ]
    }, {
      "vertices" : [ 0, 2, 5 ]
    }, {
      "vertices" : [ 0, 8, 1 ]
    }, {
      "vertices" : [ 8, 13, 14, 9 ]
    }, {
      "vertices" : [ 3, 4, 5, 6 ]
    }, {
      "vertices" : [ 10, 11, 17, 12 ]
    }, {
      "vertices" : [ 1, 8, 10 ]
    }, {
      "vertices" : [ 0, 5, 4, 15 ]
    }, {
      "vertices" : [ 2, 16, 18, 20 ]
    }, {
      "vertices" : [ 1, 7, 16, 2 ]
    }, {
      "vertices" : [ 6, 11, 9 ]
    }, {
      "vertices" : [ 8, 9, 10 ]
    }, {
      "vertices" : [ 2, 20, 5 ]
    }, {
      "vertices" : [ 9, 11, 10 ]
    }, {
      "vertices" : [ 1, 10, 12, 7 ]
    }, {
      "vertices" : [ 5, 20, 6 ]
    } ]
  }, {
    "id" : "91f2c4f4-5895-46ec-9676-79e9a13e7919",
    "orbit" : "red",
    "orbitC" : "[[-1,1,1],[0,0,1]]",
    "length" : "[-3,6,1]",
    "name" : " :-3 +6*phi",
    "vertices" : [ {
      "x" : 22.18034,
      "y" : 13.826238,
      "z" : 0.309017
    }, {
      "x" : 23.798374,
      "y" : 14.59017,
      "z" : 0.309017
    }, {
      "x" : 23.607391,
      "y" : 14.899187,
      "z" : 0.19098301
    }, {
      "x" : 0.809017,
      "y" : 0.618034,
      "z" : -0.309017
    }, {
      "x" : 0.690983,
      "y" : 0.809017,
      "z" : 0.0
    }, {
      "x" : 22.062305,
      "y" : 14.0172205,
      "z" : 0.0
    }, {
      "x" : 22.18034,
      "y" : 13.826238,
      "z" : -0.309017
    }, {
      "x" : 45.169697,
      "y" : 27.798374,
      "z" : 0.309017
    }, {
      "x" : 22.371323,
      "y" : 13.5172205,
      "z" : 0.19098301
    }, {
      "x" : 22.371323,
      "y" : 13.5172205,
      "z" : -0.19098301
    }, {
      "x" : 23.916409,
      "y" : 14.399187,
      "z" : 0.0
    }, {
      "x" : 23.798374,
      "y" : 14.59017,
      "z" : -0.309017
    }, {
      "x" : 45.28773,
      "y" : 27.607391,
      "z" : 0.0
    }, {
      "x" : 1.0,
      "y" : 0.309017,
      "z" : 0.19098301
    }, {
      "x" : 1.0,
      "y" : 0.309017,
      "z" : -0.19098301
    }, {
      "x" : 0.809017,
      "y" : 0.618034,
      "z" : 0.309017
    }, {
      "x" : 44.978714,
      "y" : 28.107391,
      "z" : 0.19098301
    }, {
      "x" : 45.169697,
      "y" : 27.798374,
      "z" : -0.309017
    }, {
      "x" : 44.978714,
      "y" : 28.107391,
      "z" : -0.19098301
    }, {
      "x" : 45.978714,
      "y" : 28.416409,
      "z" : 0.0
    }, {
      "x" : 23.607391,
      "y" : 14.899187,
      "z" : -0.19098301
    } ],
    "faces" : [ {
      "vertices" : [ 3, 6, 9, 14 ]
    }, {
      "vertices" : [ 11, 20, 18, 17 ]
    }, {
      "vertices" : [ 0, 1, 2 ]
    }, {
      "vertices" : [ 0, 15, 13, 8 ]
    }, {
      "vertices" : [ 6, 20, 11 ]
    }, {
      "vertices" : [ 0, 2, 5 ]
    }, {
      "vertices" : [ 0, 8, 1 ]
    }, {
      "vertices" : [ 8, 13, 14, 9 ]
    }, {
      "vertices" : [ 3, 4, 5, 6 ]
    }, {
      "vertices" : [ 10, 11, 17, 12 ]
    }, {
      "vertices" : [ 1, 8, 10 ]
    }, {
      "vertices" : [ 0, 5, 4, 15 ]
    }, {
      "vertices" : [ 2, 16, 18, 20 ]
    }, {
      "vertices" : [ 1, 7, 16, 2 ]
    }, {
      "vertices" : [ 6, 11, 9 ]
    }, {
      "vertices" : [ 8, 9, 10 ]
    }, {
      "vertices" : [ 2, 20, 5 ]
    }, {
      "vertices" : [ 9, 11, 10 ]
    }, {
      "vertices" : [ 1, 10, 12, 7 ]
    }, {
      "vertices" : [ 5, 20, 6 ]
    } ]
  }, {
    "id" : "9d11a066-2c5e-48fc-b008-8fc525ff857c",
    "orbit" : "blue",
    "orbitC" : "[[0,0,1],[0,0,1]]",
    "length" : "[-3,6,1]",
    "name" : " :-3 +6*phi",
    "vertices" : [ {
      "x" : 55.832817,
      "y" : 0.309017,
      "z" : 0.19098301
    }, {
      "x" : 55.832817,
      "y" : 0.309017,
      "z" : -0.19098301
    }, {
      "x" : 1.0,
      "y" : 0.309017,
      "z" : -0.19098301
    }, {
      "x" : 1.0,
      "y" : 0.309017,
      "z" : 0.19098301
    }, {
      "x" : 55.832817,
      "y" : -0.309017,
      "z" : 0.19098301
    }, {
      "x" : 1.0,
      "y" : -0.309017,
      "z" : 0.19098301
    }, {
      "x" : 1.0,
      "y" : -0.309017,
      "z" : -0.19098301
    }, {
      "x" : 55.832817,
      "y" : -0.309017,
      "z" : -0.19098301
    }, {
      "x" : 56.832817,
      "y" : 0.0,
      "z" : 0.0
    } ],
    "faces" : [ {
      "vertices" : [ 1, 7, 6, 2 ]
    }, {
      "vertices" : [ 0, 1, 2, 3 ]
    }, {
      "vertices" : [ 4, 5, 6, 7 ]
    }, {
      "vertices" : [ 0, 3, 5, 4 ]
    } ]
  } ],
  "instances" : [ {
    "shape" : "4c0a92bf-7b32-4555-ae95-da43a77aef40",
    "color" : "#D91218",
    "position" : {
      "x" : 56.832817,
      "y" : 240.74767,
      "z" : -56.832817
    },
    "orientation" : 2
  }, {
    "shape" : "5edb7da4-1eee-43fe-bbd3-3662056545c9",
    "color" : "#008EC2",
    "position" : {
      "x" : 148.79024,
      "y" : 148.79024,
      "z" : -35.12461
    },
    "orientation" : 24
  }, {
    "shape" : "9954bd3b-c1ea-4cac-a59a-4d7b4b70fe86",
    "color" : "#000000",
    "position" : {
      "x" : -56.832817,
      "y" : -205.62306,
      "z" : -148.79024
    }
  }, {
    "shape" : "9954bd3b-c1ea-4cac-a59a-4d7b4b70fe86",
    "color" : "#000000",
    "position" : {
      "x" : 148.79024,
      "y" : -148.79024,
      "z" : 35.12461
    }
  }, {
    "shape" : "1429d4a6-ccba-4211-b3cc-66b238286bcb",
    "color" : "#FFB31A",
    "position" : {
      "x" : 35.12461,
      "y" : 148.79024,
      "z" : -148.79024
    },
    "orientation" : 21
  }, {
    "shape" : "4c0a92bf-7b32-4555-ae95-da43a77aef40",
    "color" : "#D91218",
    "position" : {
      "x" : -183.91486,
      "y" : 0.0,
      "z" : 0.0
    },
    "orientation" : 17
  }, {
    "shape" : "9954bd3b-c1ea-4cac-a59a-4d7b4b70fe86",
    "color" : "#000000",
    "position" : {
      "x" : 56.832817,
      "y" : -205.62306,
      "z" : 148.79024
    }
  }, {
    "shape" : "4c0a92bf-7b32-4555-ae95-da43a77aef40",
    "color" : "#D91218",
    "position" : {
      "x" : -183.91486,
      "y" : 0.0,
      "z" : 0.0
    },
    "orientation" : 2
  }, {
    "shape" : "9954bd3b-c1ea-4cac-a59a-4d7b4b70fe86",
    "color" : "#000000",
    "position" : {
      "x" : 0.0,
      "y" : 35.12461,
      "z" : -91.95743
    }
  }, {
    "shape" : "4c0a92bf-7b32-4555-ae95-da43a77aef40",
    "color" : "#D91218",
    "position" : {
      "x" : 148.79024,
      "y" : 148.79024,
      "z" : -148.79024
    },
    "orientation" : 45
  }, {
    "shape" : "9954bd3b-c1ea-4cac-a59a-4d7b4b70fe86",
    "color" : "#000000",
    "position" : {
      "x" : -56.832817,
      "y" : 56.832817,
      "z" : 56.832817
    }
  }, {
    "shape" : "5edb7da4-1eee-43fe-bbd3-3662056545c9",
    "color" : "#008EC2",
    "position" : {
      "x" : -56.832817,
      "y" : -56.832817,
      "z" : -56.832817
    },
    "orientation" : 23
  }, {
    "shape" : "4c0a92bf-7b32-4555-ae95-da43a77aef40",
    "color" : "#D91218",
    "position" : {
      "x" : 148.79024,
      "y" : -148.79024,
      "z" : 148.79024
    },
    "orientation" : 1
  }, {
    "shape" : "9954bd3b-c1ea-4cac-a59a-4d7b4b70fe86",
    "color" : "#000000",
    "position" : {
      "x" : -56.832817,
      "y" : 148.79024,
      "z" : -183.91486
    }
  }, {
    "shape" : "fcb69198-419d-4526-a541-800f2b029251",
    "color" : "#D91218",
    "position" : {
      "x" : 148.79024,
      "y" : -148.79024,
      "z" : -35.12461
    },
    "orientation" : 16
  }, {
    "shape" : "9954bd3b-c1ea-4cac-a59a-4d7b4b70fe86",
    "color" : "#000000",
    "position" : {
      "x" : -91.95743,
      "y" : 205.62306,
      "z" : 91.95743
    }
  }, {
    "shape" : "9954bd3b-c1ea-4cac-a59a-4d7b4b70fe86",
    "color" : "#000000",
    "position" : {
      "x" : -183.91486,
      "y" : 91.95743,
      "z" : -56.832817
    }
  }, {
    "shape" : "9954bd3b-c1ea-4cac-a59a-4d7b4b70fe86",
    "color" : "#000000",
    "position" : {
      "x" : -148.79024,
      "y" : -35.12461,
      "z" : 148.79024
    }
  }, {
    "shape" : "4c0a92bf-7b32-4555-ae95-da43a77aef40",
    "color" : "#D91218",
    "position" : {
      "x" : -56.832817,
      "y" : 240.74767,
      "z" : 56.832817
    },
    "orientation" : 47
  }, {
    "shape" : "9954bd3b-c1ea-4cac-a59a-4d7b4b70fe86",
    "color" : "#000000",
    "position" : {
      "x" : 148.79024,
      "y" : -56.832817,
      "z" : -205.62306
    }
  }, {
    "shape" : "9954bd3b-c1ea-4cac-a59a-4d7b4b70fe86",
    "color" : "#000000",
    "position" : {
      "x" : -91.95743,
      "y" : 35.12461,
      "z" : -240.74767
    }
  }, {
    "shape" : "5edb7da4-1eee-43fe-bbd3-3662056545c9",
    "color" : "#008EC2",
    "position" : {
      "x" : -91.95743,
      "y" : -91.95743,
      "z" : 205.62306
    },
    "orientation" : 24
  }, {
    "shape" : "1429d4a6-ccba-4211-b3cc-66b238286bcb",
    "color" : "#FFB31A",
    "position" : {
      "x" : -240.74767,
      "y" : 56.832817,
      "z" : -56.832817
    },
    "orientation" : 2
  }, {
    "shape" : "1429d4a6-ccba-4211-b3cc-66b238286bcb",
    "color" : "#FFB31A",
    "position" : {
      "x" : -91.95743,
      "y" : 0.0,
      "z" : 35.12461
    },
    "orientation" : 38
  }, {
    "shape" : "9954bd3b-c1ea-4cac-a59a-4d7b4b70fe86",
    "color" : "#000000",
    "position" : {
      "x" : 183.91486,
      "y" : -148.79024,
      "z" : -91.95743
    }
  }, {
    "shape" : "9954bd3b-c1ea-4cac-a59a-4d7b4b70fe86",
    "color" : "#000000",
    "position" : {
      "x" : 35.12461,
      "y" : 240.74767,
      "z" : -91.95743
    }
  }, {
    "shape" : "fcb69198-419d-4526-a541-800f2b029251",
    "color" : "#D91218",
    "position" : {
      "x" : -35.12461,
      "y" : 148.79024,
      "z" : -148.79024
    },
    "orientation" : 47
  }, {
    "shape" : "9954bd3b-c1ea-4cac-a59a-4d7b4b70fe86",
    "color" : "#000000",
    "position" : {
      "x" : -183.91486,
      "y" : -56.832817,
      "z" : -148.79024
    }
  }, {
    "shape" : "1429d4a6-ccba-4211-b3cc-66b238286bcb",
    "color" : "#FFB31A",
    "position" : {
      "x" : -91.95743,
      "y" : 0.0,
      "z" : -35.12461
    },
    "orientation" : 30
  }, {
    "shape" : "9954bd3b-c1ea-4cac-a59a-4d7b4b70fe86",
    "color" : "#000000",
    "position" : {
      "x" : 183.91486,
      "y" : -91.95743,
      "z" : 56.832817
    }
  }, {
    "shape" : "9954bd3b-c1ea-4cac-a59a-4d7b4b70fe86",
    "color" : "#000000",
    "position" : {
      "x" : -91.95743,
      "y" : -183.91486,
      "z" : -148.79024
    }
  }, {
    "shape" : "9954bd3b-c1ea-4cac-a59a-4d7b4b70fe86",
    "color" : "#000000",
    "position" : {
      "x" : -91.95743,
      "y" : 148.79024,
      "z" : 56.832817
    }
  }, {
    "shape" : "9954bd3b-c1ea-4cac-a59a-4d7b4b70fe86",
    "color" : "#000000",
    "position" : {
      "x" : -205.62306,
      "y" : 0.0,
      "z" : -148.79024
    }
  }, {
    "shape" : "5edb7da4-1eee-43fe-bbd3-3662056545c9",
    "color" : "#008EC2",
    "position" : {
      "x" : -56.832817,
      "y" : 0.0,
      "z" : 205.62306
    },
    "orientation" : 36
  }, {
    "shape" : "1429d4a6-ccba-4211-b3cc-66b238286bcb",
    "color" : "#FFB31A",
    "position" : {
      "x" : -183.91486,
      "y" : -56.832817,
      "z" : 148.79024
    },
    "orientation" : 1
  }, {
    "shape" : "9954bd3b-c1ea-4cac-a59a-4d7b4b70fe86",
    "color" : "#000000",
    "position" : {
      "x" : 148.79024,
      "y" : 183.91486,
      "z" : -56.832817
    }
  }, {
