{
  "polygons" : "true",
  "field" : "golden",
  "symmetry" : "icosahedral",
  "orientations" : [ [ 1.0, 0.0, 0.0, 0.0, 0.0, 1.0, 0.0, 0.0, 0.0, 0.0, 1.0, 0.0, 0.0, 0.0, 0.0, 1.0 ], [ 0.0, 0.0, 1.0, 0.0, 1.0, 0.0, 0.0, 0.0, 0.0, 1.0, 0.0, 0.0, 0.0, 0.0, 0.0, 1.0 ], [ 0.0, 1.0, 0.0, 0.0, 0.0, 0.0, 1.0, 0.0, 1.0, 0.0, 0.0, 0.0, 0.0, 0.0, 0.0, 1.0 ], [ 0.809017, 0.309017, 0.5, 0.0, 0.309017, 0.5, -0.809017, 0.0, -0.5, 0.809017, 0.309017, 0.0, 0.0, 0.0, 0.0, 1.0 ], [ -0.5, 0.809017, 0.309017, 0.0, 0.809017, 0.309017, 0.5, 0.0, 0.309017, 0.5, -0.809017, 0.0, 0.0, 0.0, 0.0, 1.0 ], [ 0.309017, 0.5, -0.809017, 0.0, -0.5, 0.809017, 0.309017, 0.0, 0.809017, 0.309017, 0.5, 0.0, 0.0, 0.0, 0.0, 1.0 ], [ 0.5, 0.809017, 0.309017, 0.0, 0.809017, -0.309017, -0.5, 0.0, -0.309017, 0.5, -0.809017, 0.0, 0.0, 0.0, 0.0, 1.0 ], [ -0.309017, 0.5, -0.809017, 0.0, 0.5, 0.809017, 0.309017, 0.0, 0.809017, -0.309017, -0.5, 0.0, 0.0, 0.0, 0.0, 1.0 ], [ 0.809017, -0.309017, -0.5, 0.0, -0.309017, 0.5, -0.809017, 0.0, 0.5, 0.809017, 0.309017, 0.0, 0.0, 0.0, 0.0, 1.0 ], [ 0.5, 0.809017, -0.309017, 0.0, 0.809017, -0.309017, 0.5, 0.0, 0.309017, -0.5, -0.809017, 0.0, 0.0, 0.0, 0.0, 1.0 ], [ 0.309017, -0.5, -0.809017, 0.0, 0.5, 0.809017, -0.309017, 0.0, 0.809017, -0.309017, 0.5, 0.0, 0.0, 0.0, 0.0, 1.0 ], [ 0.809017, -0.309017, 0.5, 0.0, 0.309017, -0.5, -0.809017, 0.0, 0.5, 0.809017, -0.309017, 0.0, 0.0, 0.0, 0.0, 1.0 ], [ 0.809017, 0.309017, -0.5, 0.0, 0.309017, 0.5, 0.809017, 0.0, 0.5, -0.809017, 0.309017, 0.0, 0.0, 0.0, 0.0, 1.0 ], [ 0.5, -0.809017, 0.309017, 0.0, 0.809017, 0.309017, -0.5, 0.0, 0.309017, 0.5, 0.809017, 0.0, 0.0, 0.0, 0.0, 1.0 ], [ 0.309017, 0.5, 0.809017, 0.0, 0.5, -0.809017, 0.309017, 0.0, 0.809017, 0.309017, -0.5, 0.0, 0.0, 0.0, 0.0, 1.0 ], [ 1.0, 0.0, 0.0, 0.0, 0.0, -1.0, 0.0, 0.0, 0.0, 0.0, -1.0, 0.0, 0.0, 0.0, 0.0, 1.0 ], [ 0.0, 0.0, 1.0, 0.0, -1.0, 0.0, 0.0, 0.0, 0.0, -1.0, 0.0, 0.0, 0.0, 0.0, 0.0, 1.0 ], [ 0.0, 1.0, 0.0, 0.0, 0.0, 0.0, -1.0, 0.0, -1.0, 0.0, 0.0, 0.0, 0.0, 0.0, 0.0, 1.0 ], [ 0.809017, 0.309017, 0.5, 0.0, -0.309017, -0.5, 0.809017, 0.0, 0.5, -0.809017, -0.309017, 0.0, 0.0, 0.0, 0.0, 1.0 ], [ -0.5, 0.809017, 0.309017, 0.0, -0.809017, -0.309017, -0.5, 0.0, -0.309017, -0.5, 0.809017, 0.0, 0.0, 0.0, 0.0, 1.0 ], [ 0.309017, 0.5, -0.809017, 0.0, 0.5, -0.809017, -0.309017, 0.0, -0.809017, -0.309017, -0.5, 0.0, 0.0, 0.0, 0.0, 1.0 ], [ 0.5, 0.809017, 0.309017, 0.0, -0.809017, 0.309017, 0.5, 0.0, 0.309017, -0.5, 0.809017, 0.0, 0.0, 0.0, 0.0, 1.0 ], [ -0.309017, 0.5, -0.809017, 0.0, -0.5, -0.809017, -0.309017, 0.0, -0.809017, 0.309017, 0.5, 0.0, 0.0, 0.0, 0.0, 1.0 ], [ 0.809017, -0.309017, -0.5, 0.0, 0.309017, -0.5, 0.809017, 0.0, -0.5, -0.809017, -0.309017, 0.0, 0.0, 0.0, 0.0, 1.0 ], [ 0.5, 0.809017, -0.309017, 0.0, -0.809017, 0.309017, -0.5, 0.0, -0.309017, 0.5, 0.809017, 0.0, 0.0, 0.0, 0.0, 1.0 ], [ 0.309017, -0.5, -0.809017, 0.0, -0.5, -0.809017, 0.309017, 0.0, -0.809017, 0.309017, -0.5, 0.0, 0.0, 0.0, 0.0, 1.0 ], [ 0.809017, -0.309017, 0.5, 0.0, -0.309017, 0.5, 0.809017, 0.0, -0.5, -0.809017, 0.309017, 0.0, 0.0, 0.0, 0.0, 1.0 ], [ 0.809017, 0.309017, -0.5, 0.0, -0.309017, -0.5, -0.809017, 0.0, -0.5, 0.809017, -0.309017, 0.0, 0.0, 0.0, 0.0, 1.0 ], [ 0.5, -0.809017, 0.309017, 0.0, -0.809017, -0.309017, 0.5, 0.0, -0.309017, -0.5, -0.809017, 0.0, 0.0, 0.0, 0.0, 1.0 ], [ 0.309017, 0.5, 0.809017, 0.0, -0.5, 0.809017, -0.309017, 0.0, -0.809017, -0.309017, 0.5, 0.0, 0.0, 0.0, 0.0, 1.0 ], [ -1.0, 0.0, 0.0, 0.0, 0.0, -1.0, 0.0, 0.0, 0.0, 0.0, 1.0, 0.0, 0.0, 0.0, 0.0, 1.0 ], [ 0.0, 0.0, -1.0, 0.0, -1.0, 0.0, 0.0, 0.0, 0.0, 1.0, 0.0, 0.0, 0.0, 0.0, 0.0, 1.0 ], [ 0.0, -1.0, 0.0, 0.0, 0.0, 0.0, -1.0, 0.0, 1.0, 0.0, 0.0, 0.0, 0.0, 0.0, 0.0, 1.0 ], [ -0.809017, -0.309017, -0.5, 0.0, -0.309017, -0.5, 0.809017, 0.0, -0.5, 0.809017, 0.309017, 0.0, 0.0, 0.0, 0.0, 1.0 ], [ 0.5, -0.809017, -0.309017, 0.0, -0.809017, -0.309017, -0.5, 0.0, 0.309017, 0.5, -0.809017, 0.0, 0.0, 0.0, 0.0, 1.0 ], [ -0.309017, -0.5, 0.809017, 0.0, 0.5, -0.809017, -0.309017, 0.0, 0.809017, 0.309017, 0.5, 0.0, 0.0, 0.0, 0.0, 1.0 ], [ -0.5, -0.809017, -0.309017, 0.0, -0.809017, 0.309017, 0.5, 0.0, -0.309017, 0.5, -0.809017, 0.0, 0.0, 0.0, 0.0, 1.0 ], [ 0.309017, -0.5, 0.809017, 0.0, -0.5, -0.809017, -0.309017, 0.0, 0.809017, -0.309017, -0.5, 0.0, 0.0, 0.0, 0.0, 1.0 ], [ -0.809017, 0.309017, 0.5, 0.0, 0.309017, -0.5, 0.809017, 0.0, 0.5, 0.809017, 0.309017, 0.0, 0.0, 0.0, 0.0, 1.0 ], [ -0.5, -0.809017, 0.309017, 0.0, -0.809017, 0.309017, -0.5, 0.0, 0.309017, -0.5, -0.809017, 0.0, 0.0, 0.0, 0.0, 1.0 ], [ -0.309017, 0.5, 0.809017, 0.0, -0.5, -0.809017, 0.309017, 0.0, 0.809017, -0.309017, 0.5, 0.0, 0.0, 0.0, 0.0, 1.0 ], [ -0.809017, 0.309017, -0.5, 0.0, -0.309017, 0.5, 0.809017, 0.0, 0.5, 0.809017, -0.309017, 0.0, 0.0, 0.0, 0.0, 1.0 ], [ -0.809017, -0.309017, 0.5, 0.0, -0.309017, -0.5, -0.809017, 0.0, 0.5, -0.809017, 0.309017, 0.0, 0.0, 0.0, 0.0, 1.0 ], [ -0.5, 0.809017, -0.309017, 0.0, -0.809017, -0.309017, 0.5, 0.0, 0.309017, 0.5, 0.809017, 0.0, 0.0, 0.0, 0.0, 1.0 ], [ -0.309017, -0.5, -0.809017, 0.0, -0.5, 0.809017, -0.309017, 0.0, 0.809017, 0.309017, -0.5, 0.0, 0.0, 0.0, 0.0, 1.0 ], [ -1.0, 0.0, 0.0, 0.0, 0.0, 1.0, 0.0, 0.0, 0.0, 0.0, -1.0, 0.0, 0.0, 0.0, 0.0, 1.0 ], [ 0.0, 0.0, -1.0, 0.0, 1.0, 0.0, 0.0, 0.0, 0.0, -1.0, 0.0, 0.0, 0.0, 0.0, 0.0, 1.0 ], [ 0.0, -1.0, 0.0, 0.0, 0.0, 0.0, 1.0, 0.0, -1.0, 0.0, 0.0, 0.0, 0.0, 0.0, 0.0, 1.0 ], [ -0.809017, -0.309017, -0.5, 0.0, 0.309017, 0.5, -0.809017, 0.0, 0.5, -0.809017, -0.309017, 0.0, 0.0, 0.0, 0.0, 1.0 ], [ 0.5, -0.809017, -0.309017, 0.0, 0.809017, 0.309017, 0.5, 0.0, -0.309017, -0.5, 0.809017, 0.0, 0.0, 0.0, 0.0, 1.0 ], [ -0.309017, -0.5, 0.809017, 0.0, -0.5, 0.809017, 0.309017, 0.0, -0.809017, -0.309017, -0.5, 0.0, 0.0, 0.0, 0.0, 1.0 ], [ -0.5, -0.809017, -0.309017, 0.0, 0.809017, -0.309017, -0.5, 0.0, 0.309017, -0.5, 0.809017, 0.0, 0.0, 0.0, 0.0, 1.0 ], [ 0.309017, -0.5, 0.809017, 0.0, 0.5, 0.809017, 0.309017, 0.0, -0.809017, 0.309017, 0.5, 0.0, 0.0, 0.0, 0.0, 1.0 ], [ -0.809017, 0.309017, 0.5, 0.0, -0.309017, 0.5, -0.809017, 0.0, -0.5, -0.809017, -0.309017, 0.0, 0.0, 0.0, 0.0, 1.0 ], [ -0.5, -0.809017, 0.309017, 0.0, 0.809017, -0.309017, 0.5, 0.0, -0.309017, 0.5, 0.809017, 0.0, 0.0, 0.0, 0.0, 1.0 ], [ -0.309017, 0.5, 0.809017, 0.0, 0.5, 0.809017, -0.309017, 0.0, -0.809017, 0.309017, -0.5, 0.0, 0.0, 0.0, 0.0, 1.0 ], [ -0.809017, 0.309017, -0.5, 0.0, 0.309017, -0.5, -0.809017, 0.0, -0.5, -0.809017, 0.309017, 0.0, 0.0, 0.0, 0.0, 1.0 ], [ -0.809017, -0.309017, 0.5, 0.0, 0.309017, 0.5, 0.809017, 0.0, -0.5, 0.809017, -0.309017, 0.0, 0.0, 0.0, 0.0, 1.0 ], [ -0.5, 0.809017, -0.309017, 0.0, 0.809017, 0.309017, -0.5, 0.0, -0.309017, -0.5, -0.809017, 0.0, 0.0, 0.0, 0.0, 1.0 ], [ -0.309017, -0.5, -0.809017, 0.0, 0.5, -0.809017, 0.309017, 0.0, -0.809017, -0.309017, 0.5, 0.0, 0.0, 0.0, 0.0, 1.0 ] ],
  "lights" : {
    "directionalLights" : [ {
      "direction" : [ 1.0, -1.0, -1.0 ],
      "color" : "#EBEBE4"
    }, {
      "direction" : [ -1.0, 0.0, 0.0 ],
      "color" : "#E4E4EB"
    }, {
      "direction" : [ 0.0, 0.0, -1.0 ],
      "color" : "#1E1E1E"
    } ],
    "backgroundColor" : "#AFC8DC",
    "ambientColor" : "#292929"
  },
  "camera" : {
    "width" : 115.62721,
    "position" : {
      "x" : 252.5558,
      "y" : 20.421463,
      "z" : -42.680458
    },
    "perspective" : true,
    "viewDistance" : 256.94946,
    "lookAtPointRV" : {
      "x" : 0.0,
      "y" : 0.0,
      "z" : 0.0,
      "zero" : true
    },
    "upDirectionRV" : {
      "x" : -0.04241948,
      "y" : 0.9755292,
      "z" : 0.21574897,
      "zero" : false
    },
    "lookDirectionRV" : {
      "x" : -0.9829007,
      "y" : -0.07947657,
      "z" : 0.16610448,
      "zero" : false
    },
    "fieldOfView" : 0.4426287,
    "nearClipDistance" : 0.64237356,
    "upDirection" : {
      "x" : -0.04241948,
      "y" : 0.9755292,
      "z" : 0.21574897
    },
    "lookAtPoint" : {
      "x" : 0.0,
      "y" : 0.0,
      "z" : 0.0
    },
    "farClipDistance" : 513.8988,
    "lookDirection" : {
      "x" : -0.9829007,
      "y" : -0.07947657,
      "z" : 0.16610448
    },
    "stereo" : false
  },
  "embedding" : [ 1.0, 0.0, 0.0, 0.0, 0.0, 1.0, 0.0, 0.0, 0.0, 0.0, 1.0, 0.0, 0.0, 0.0, 0.0, 1.0 ],
  "shapes" : [ {
    "id" : "113a46d4-b812-4efc-a9b9-31971c3e1553",
    "orbit" : "blue",
    "orbitC" : "[[0,0,1],[0,0,1]]",
    "length" : "[\"1\",\"0\",\"1\"]",
    "name" : "b1",
    "vertices" : [ {
      "x" : 7.472136,
      "y" : 0.309017,
      "z" : 0.19098301
    }, {
      "x" : 7.472136,
      "y" : 0.309017,
      "z" : -0.19098301
    }, {
      "x" : 1.0,
      "y" : 0.309017,
      "z" : -0.19098301
    }, {
      "x" : 1.0,
      "y" : 0.309017,
      "z" : 0.19098301
    }, {
      "x" : 7.472136,
      "y" : -0.309017,
      "z" : 0.19098301
    }, {
      "x" : 1.0,
      "y" : -0.309017,
      "z" : 0.19098301
    }, {
      "x" : 1.0,
      "y" : -0.309017,
      "z" : -0.19098301
    }, {
      "x" : 7.472136,
      "y" : -0.309017,
      "z" : -0.19098301
    }, {
      "x" : 8.472136,
      "y" : 0.0,
      "z" : 0.0
    } ],
    "faces" : [ {
      "vertices" : [ 1, 7, 6, 2 ]
    }, {
      "vertices" : [ 0, 1, 2, 3 ]
    }, {
      "vertices" : [ 4, 5, 6, 7 ]
    }, {
      "vertices" : [ 0, 3, 5, 4 ]
    } ]
  }, {
    "id" : "25c81cf3-19d7-4e91-8a1f-826a4b12e341",
    "name" : "ball",
    "vertices" : [ {
      "x" : 0.309017,
      "y" : -0.809017,
      "z" : 0.618034
    }, {
      "x" : 0.809017,
      "y" : -0.618034,
      "z" : 0.309017
    }, {
      "x" : 0.618034,
      "y" : -0.309017,
      "z" : 0.809017
    }, {
      "x" : 1.0,
      "y" : 0.309017,
      "z" : 0.19098301
    }, {
      "x" : 0.809017,
      "y" : 0.618034,
      "z" : 0.309017
    }, {
      "x" : 0.618034,
      "y" : 0.309017,
      "z" : 0.809017
    }, {
      "x" : 0.809017,
      "y" : 0.0,
      "z" : 0.690983
    }, {
      "x" : 0.19098301,
      "y" : -1.0,
      "z" : 0.309017
    }, {
      "x" : -0.19098301,
      "y" : -1.0,
      "z" : 0.309017
    }, {
      "x" : -0.19098301,
      "y" : -1.0,
      "z" : -0.309017
    }, {
      "x" : 0.19098301,
      "y" : -1.0,
      "z" : -0.309017
    }, {
      "x" : 1.0,
      "y" : -0.309017,
      "z" : -0.19098301
    }, {
      "x" : 0.809017,
      "y" : -0.618034,
      "z" : -0.309017
    }, {
      "x" : 0.618034,
      "y" : -0.309017,
      "z" : -0.809017
    }, {
      "x" : 0.809017,
      "y" : 0.0,
      "z" : -0.690983
    }, {
      "x" : 0.0,
      "y" : 0.690983,
      "z" : -0.809017
    }, {
      "x" : 0.309017,
      "y" : 0.809017,
      "z" : -0.618034
    }, {
      "x" : 0.618034,
      "y" : 0.309017,
      "z" : -0.809017
    }, {
      "x" : 0.309017,
      "y" : 0.19098301,
      "z" : -1.0
    }, {
      "x" : 1.0,
      "y" : 0.309017,
      "z" : -0.19098301
    }, {
      "x" : -0.309017,
      "y" : -0.809017,
      "z" : 0.618034
    }, {
      "x" : 0.0,
      "y" : -0.690983,
      "z" : 0.809017
    }, {
      "x" : 0.809017,
      "y" : 0.618034,
      "z" : -0.309017
    }, {
      "x" : 0.690983,
      "y" : 0.809017,
      "z" : 0.0
    }, {
      "x" : -0.690983,
      "y" : 0.809017,
      "z" : 0.0
    }, {
      "x" : -0.809017,
      "y" : 0.618034,
      "z" : 0.309017
    }, {
      "x" : -0.309017,
      "y" : 0.809017,
      "z" : 0.618034
    }, {
      "x" : -0.19098301,
      "y" : 1.0,
      "z" : 0.309017
    }, {
      "x" : 0.309017,
      "y" : -0.19098301,
      "z" : -1.0
    }, {
      "x" : 0.19098301,
      "y" : 1.0,
      "z" : 0.309017
    }, {
      "x" : 0.309017,
      "y" : 0.809017,
      "z" : 0.618034
    }, {
      "x" : -0.809017,
      "y" : -0.618034,
      "z" : 0.309017
    }, {
      "x" : -0.690983,
      "y" : -0.809017,
      "z" : 0.0
    }, {
      "x" : 0.0,
      "y" : 0.690983,
      "z" : 0.809017
    }, {
      "x" : 0.309017,
      "y" : -0.809017,
      "z" : -0.618034
    }, {
      "x" : 0.0,
      "y" : -0.690983,
      "z" : -0.809017
    }, {
      "x" : -1.0,
      "y" : 0.309017,
      "z" : 0.19098301
    }, {
      "x" : -0.809017,
      "y" : 0.0,
      "z" : 0.690983
    }, {
      "x" : -0.618034,
      "y" : 0.309017,
      "z" : 0.809017
    }, {
      "x" : 1.0,
      "y" : -0.309017,
      "z" : 0.19098301
    }, {
      "x" : -0.309017,
      "y" : -0.809017,
      "z" : -0.618034
    }, {
      "x" : -1.0,
      "y" : 0.309017,
      "z" : -0.19098301
    }, {
      "x" : -1.0,
      "y" : -0.309017,
      "z" : -0.19098301
    }, {
      "x" : -1.0,
      "y" : -0.309017,
      "z" : 0.19098301
    }, {
      "x" : 0.19098301,
      "y" : 1.0,
      "z" : -0.309017
    }, {
      "x" : -0.809017,
      "y" : 0.618034,
      "z" : -0.309017
    }, {
      "x" : -0.19098301,
      "y" : 1.0,
      "z" : -0.309017
    }, {
      "x" : -0.309017,
      "y" : 0.809017,
      "z" : -0.618034
    }, {
      "x" : -0.618034,
      "y" : -0.309017,
      "z" : 0.809017
    }, {
      "x" : 0.309017,
      "y" : 0.19098301,
      "z" : 1.0
    }, {
      "x" : -0.309017,
      "y" : 0.19098301,
      "z" : -1.0
    }, {
      "x" : -0.309017,
      "y" : 0.19098301,
      "z" : 1.0
    }, {
      "x" : -0.309017,
      "y" : -0.19098301,
      "z" : 1.0
    }, {
      "x" : 0.309017,
      "y" : -0.19098301,
      "z" : 1.0
    }, {
      "x" : 0.690983,
      "y" : -0.809017,
      "z" : 0.0
    }, {
      "x" : -0.809017,
      "y" : 0.0,
      "z" : -0.690983
    }, {
      "x" : -0.618034,
      "y" : -0.309017,
      "z" : -0.809017
    }, {
      "x" : -0.309017,
      "y" : -0.19098301,
      "z" : -1.0
    }, {
      "x" : -0.618034,
      "y" : 0.309017,
      "z" : -0.809017
    }, {
      "x" : -0.809017,
      "y" : -0.618034,
      "z" : -0.309017
    } ],
    "faces" : [ {
      "vertices" : [ 9, 40, 35, 34, 10 ]
    }, {
      "vertices" : [ 0, 1, 2 ]
    }, {
      "vertices" : [ 33, 51, 49 ]
    }, {
      "vertices" : [ 25, 36, 37, 38 ]
    }, {
      "vertices" : [ 41, 55, 42 ]
    }, {
      "vertices" : [ 9, 32, 59, 40 ]
    }, {
      "vertices" : [ 20, 21, 52, 48 ]
    }, {
      "vertices" : [ 26, 33, 30, 29, 27 ]
    }, {
      "vertices" : [ 3, 4, 5, 6 ]
    }, {
      "vertices" : [ 27, 29, 44, 46 ]
    }, {
      "vertices" : [ 50, 57, 56, 55, 58 ]
    }, {
      "vertices" : [ 26, 38, 51, 33 ]
    }, {
      "vertices" : [ 45, 47, 58 ]
    }, {
      "vertices" : [ 18, 28, 57, 50 ]
    }, {
      "vertices" : [ 40, 59, 56 ]
    }, {
      "vertices" : [ 31, 48, 37, 43 ]
    }, {
      "vertices" : [ 7, 8, 9, 10 ]
    }, {
      "vertices" : [ 36, 41, 42, 43 ]
    }, {
      "vertices" : [ 24, 46, 47, 45 ]
    }, {
      "vertices" : [ 4, 30, 5 ]
    }, {
      "vertices" : [ 15, 47, 46, 44, 16 ]
    }, {
      "vertices" : [ 15, 50, 58, 47 ]
    }, {
      "vertices" : [ 24, 45, 41, 36, 25 ]
    }, {
      "vertices" : [ 11, 14, 19 ]
    }, {
      "vertices" : [ 3, 6, 39 ]
    }, {
      "vertices" : [ 1, 39, 6, 2 ]
    }, {
      "vertices" : [ 8, 32, 9 ]
    }, {
      "vertices" : [ 11, 12, 13, 14 ]
    }, {
      "vertices" : [ 16, 22, 17 ]
    }, {
      "vertices" : [ 0, 21, 20, 8, 7 ]
    }, {
      "vertices" : [ 12, 34, 13 ]
    }, {
      "vertices" : [ 35, 40, 56, 57 ]
    }, {
      "vertices" : [ 0, 7, 54, 1 ]
    }, {
      "vertices" : [ 15, 16, 17, 18 ]
    }, {
      "vertices" : [ 3, 19, 22, 23, 4 ]
    }, {
      "vertices" : [ 7, 10, 54 ]
    }, {
      "vertices" : [ 41, 45, 58, 55 ]
    }, {
      "vertices" : [ 3, 39, 11, 19 ]
    }, {
      "vertices" : [ 14, 17, 22, 19 ]
    }, {
      "vertices" : [ 0, 2, 53, 21 ]
    }, {
      "vertices" : [ 49, 51, 52, 53 ]
    }, {
      "vertices" : [ 31, 43, 42, 59, 32 ]
    }, {
      "vertices" : [ 15, 18, 50 ]
    }, {
      "vertices" : [ 42, 55, 56, 59 ]
    }, {
      "vertices" : [ 4, 23, 29, 30 ]
    }, {
      "vertices" : [ 25, 38, 26 ]
    }, {
      "vertices" : [ 13, 28, 18, 17, 14 ]
    }, {
      "vertices" : [ 8, 20, 31, 32 ]
    }, {
      "vertices" : [ 23, 44, 29 ]
    }, {
      "vertices" : [ 24, 27, 46 ]
    }, {
      "vertices" : [ 37, 48, 52, 51, 38 ]
    }, {
      "vertices" : [ 20, 48, 31 ]
    }, {
      "vertices" : [ 24, 25, 26, 27 ]
    }, {
      "vertices" : [ 16, 44, 23, 22 ]
    }, {
      "vertices" : [ 13, 34, 35, 28 ]
    }, {
      "vertices" : [ 10, 34, 12, 54 ]
    }, {
      "vertices" : [ 2, 6, 5, 49, 53 ]
    }, {
      "vertices" : [ 36, 43, 37 ]
    }, {
      "vertices" : [ 5, 30, 33, 49 ]
    }, {
      "vertices" : [ 1, 54, 12, 11, 39 ]
    }, {
      "vertices" : [ 28, 35, 57 ]
    }, {
      "vertices" : [ 21, 53, 52 ]
    } ]
  } ],
  "instances" : [ {
    "shape" : "113a46d4-b812-4efc-a9b9-31971c3e1553",
    "color" : "#008EC2",
    "position" : {
      "x" : -6.854102,
      "y" : 13.708204,
      "z" : -11.09017
    },
    "orientation" : 26
  }, {
    "shape" : "25c81cf3-19d7-4e91-8a1f-826a4b12e341",
    "color" : "#F2F2F2",
    "position" : {
      "x" : -15.326238,
      "y" : 13.708204,
      "z" : -24.798374
    }
  }, {
    "shape" : "113a46d4-b812-4efc-a9b9-31971c3e1553",
    "color" : "#008EC2",
    "position" : {
      "x" : -17.944271,
      "y" : -26.416409,
      "z" : 4.236068
    },
    "orientation" : 8
  }, {
    "shape" : "113a46d4-b812-4efc-a9b9-31971c3e1553",
    "color" : "#008EC2",
    "position" : {
      "x" : -11.09017,
      "y" : 20.562305,
      "z" : 22.18034
    },
    "orientation" : 8
  }, {
    "shape" : "25c81cf3-19d7-4e91-8a1f-826a4b12e341",
    "color" : "#F2F2F2",
    "position" : {
      "x" : -4.236068,
      "y" : 31.652475,
      "z" : 4.236068
    }
  }, {
    "shape" : "113a46d4-b812-4efc-a9b9-31971c3e1553",
    "color" : "#008EC2",
    "position" : {
      "x" : 13.708204,
      "y" : 11.09017,
      "z" : 6.854102
    },
    "orientation" : 24
  }, {
    "shape" : "113a46d4-b812-4efc-a9b9-31971c3e1553",
    "color" : "#008EC2",
    "position" : {
      "x" : -6.854102,
      "y" : 13.708204,
      "z" : 11.09017
    },
    "orientation" : 54
  }, {
    "shape" : "113a46d4-b812-4efc-a9b9-31971c3e1553",
    "color" : "#008EC2",
    "position" : {
      "x" : 4.236068,
      "y" : 4.236068,
      "z" : -17.944271
    },
    "orientation" : 11
  }, {
    "shape" : "113a46d4-b812-4efc-a9b9-31971c3e1553",
    "color" : "#008EC2",
    "position" : {
      "x" : -4.236068,
      "y" : -17.944271,
      "z" : -4.236068
    },
    "orientation" : 2
  }, {
    "shape" : "25c81cf3-19d7-4e91-8a1f-826a4b12e341",
    "color" : "#F2F2F2",
    "position" : {
      "x" : -17.944271,
      "y" : 26.416409,
      "z" : -4.236068
    }
  }, {
    "shape" : "25c81cf3-19d7-4e91-8a1f-826a4b12e341",
    "color" : "#F2F2F2",
    "position" : {
      "x" : -17.944271,
      "y" : -26.416409,
      "z" : -4.236068
    }
  }, {
    "shape" : "113a46d4-b812-4efc-a9b9-31971c3e1553",
    "color" : "#008EC2",
    "position" : {
      "x" : 11.09017,
      "y" : 29.034441,
      "z" : 8.472136
    },
    "orientation" : 56
  }, {
    "shape" : "113a46d4-b812-4efc-a9b9-31971c3e1553",
    "color" : "#008EC2",
    "position" : {
      "x" : 13.708204,
      "y" : -11.09017,
      "z" : 6.854102
    },
    "orientation" : 22
  }, {
    "shape" : "25c81cf3-19d7-4e91-8a1f-826a4b12e341",
    "color" : "#F2F2F2",
    "position" : {
      "x" : -13.708204,
      "y" : 19.562305,
      "z" : -6.854102
    }
  }, {
    "shape" : "113a46d4-b812-4efc-a9b9-31971c3e1553",
    "color" : "#008EC2",
    "position" : {
      "x" : 22.18034,
      "y" : 11.09017,
      "z" : 20.562305
    },
    "orientation" : 22
  }, {
    "shape" : "113a46d4-b812-4efc-a9b9-31971c3e1553",
    "color" : "#008EC2",
    "position" : {
      "x" : -8.472136,
      "y" : -11.09017,
      "z" : 20.562305
    },
    "orientation" : 41
  }, {
    "shape" : "25c81cf3-19d7-4e91-8a1f-826a4b12e341",
    "color" : "#F2F2F2",
    "position" : {
      "x" : 0.0,
      "y" : 11.09017,
      "z" : -15.326238
    }
  }, {
    "shape" : "113a46d4-b812-4efc-a9b9-31971c3e1553",
    "color" : "#008EC2",
    "position" : {
      "x" : -8.472136,
      "y" : 11.09017,
      "z" : -20.562305
    },
    "orientation" : 40
  }, {
    "shape" : "25c81cf3-19d7-4e91-8a1f-826a4b12e341",
    "color" : "#F2F2F2",
    "position" : {
      "x" : 17.944271,
      "y" : -4.236068,
      "z" : 4.236068
    }
  }, {
    "shape" : "113a46d4-b812-4efc-a9b9-31971c3e1553",
    "color" : "#008EC2",
    "position" : {
      "x" : 8.472136,
      "y" : -11.09017,
      "z" : 20.562305
    },
    "orientation" : 52
  }, {
    "shape" : "113a46d4-b812-4efc-a9b9-31971c3e1553",
    "color" : "#008EC2",
    "position" : {
      "x" : -4.236068,
      "y" : -17.944271,
      "z" : -4.236068
    },
    "orientation" : 21
  }, {
    "shape" : "25c81cf3-19d7-4e91-8a1f-826a4b12e341",
    "color" : "#F2F2F2",
    "position" : {
      "x" : -11.09017,
      "y" : -29.034441,
      "z" : -8.472136
    }
  }, {
    "shape" : "113a46d4-b812-4efc-a9b9-31971c3e1553",
    "color" : "#008EC2",
    "position" : {
      "x" : -17.944271,
      "y" : 26.416409,
      "z" : -4.236068
    },
    "orientation" : 24
  }, {
    "shape" : "113a46d4-b812-4efc-a9b9-31971c3e1553",
    "color" : "#008EC2",
    "position" : {
      "x" : -11.09017,
      "y" : 20.562305,
      "z" : -8.472136
    },
    "orientation" : 8
  }, {
    "shape" : "113a46d4-b812-4efc-a9b9-31971c3e1553",
    "color" : "#008EC2",
    "position" : {
      "x" : -15.326238,
      "y" : 0.0,
      "z" : -11.09017
    },
    "orientation" : 6
  }, {
    "shape" : "113a46d4-b812-4efc-a9b9-31971c3e1553",
    "color" : "#008EC2",
    "position" : {
      "x" : -13.708204,
      "y" : -19.562305,
      "z" : -6.854102
    },
    "orientation" : 39
  }, {
    "shape" : "25c81cf3-19d7-4e91-8a1f-826a4b12e341",
    "color" : "#F2F2F2",
    "position" : {
      "x" : 13.708204,
      "y" : -11.09017,
      "z" : -6.854102
    }
  }, {
    "shape" : "25c81cf3-19d7-4e91-8a1f-826a4b12e341",
    "color" : "#F2F2F2",
    "position" : {
      "x" : 15.326238,
      "y" : 0.0,
      "z" : 11.09017
    }
  }, {
    "shape" : "113a46d4-b812-4efc-a9b9-31971c3e1553",
    "color" : "#008EC2",
    "position" : {
      "x" : -13.708204,
      "y" : 19.562305,
      "z" : 6.854102
    },
    "orientation" : 16
  }, {
    "shape" : "113a46d4-b812-4efc-a9b9-31971c3e1553",
    "color" : "#008EC2",
    "position" : {
      "x" : -11.09017,
      "y" : 29.034441,
      "z" : -8.472136
    },
    "orientation" : 11
  }, {
    "shape" : "113a46d4-b812-4efc-a9b9-31971c3e1553",
    "color" : "#008EC2",
    "position" : {
      "x" : -29.034441,
      "y" : 8.472136,
      "z" : 11.09017
    },
    "orientation" : 9
  }, {
    "shape" : "113a46d4-b812-4efc-a9b9-31971c3e1553",
    "color" : "#008EC2",
    "position" : {
      "x" : 13.708204,
      "y" : 19.562305,
      "z" : 6.854102
    },
    "orientation" : 6
  }, {
    "shape" : "25c81cf3-19d7-4e91-8a1f-826a4b12e341",
    "color" : "#F2F2F2",
    "position" : {
      "x" : 19.562305,
      "y" : -6.854102,
      "z" : 13.708204
    }
  }, {
    "shape" : "25c81cf3-19d7-4e91-8a1f-826a4b12e341",
    "color" : "#F2F2F2",
    "position" : {
      "x" : 20.562305,
      "y" : 22.18034,
      "z" : 11.09017
    }
  }, {
    "shape" : "113a46d4-b812-4efc-a9b9-31971c3e1553",
    "color" : "#008EC2",
    "position" : {
      "x" : -8.472136,
      "y" : 11.09017,
      "z" : 20.562305
    },
    "orientation" : 24
  }, {
    "shape" : "25c81cf3-19d7-4e91-8a1f-826a4b12e341",
    "color" : "#F2F2F2",
    "position" : {
      "x" : 4.236068,
      "y" : 17.944271,
      "z" : 4.236068
    }
  }, {
    "shape" : "113a46d4-b812-4efc-a9b9-31971c3e1553",
    "color" : "#008EC2",
    "position" : {
      "x" : 0.0,
      "y" : 11.09017,
      "z" : 15.326238
    },
    "orientation" : 39
  }, {
    "shape" : "113a46d4-b812-4efc-a9b9-31971c3e1553",
    "color" : "#008EC2",
    "position" : {
      "x" : 11.09017,
      "y" : -6.854102,
      "z" : -13.708204
    },
    "orientation" : 56
  }, {
    "shape" : "113a46d4-b812-4efc-a9b9-31971c3e1553",
    "color" : "#008EC2",
    "position" : {
      "x" : 29.034441,
      "y" : 8.472136,
      "z" : 11.09017
    },
    "orientation" : 40
  }, {
    "shape" : "113a46d4-b812-4efc-a9b9-31971c3e1553",
    "color" : "#008EC2",
    "position" : {
      "x" : 8.472136,
      "y" : 11.09017,
      "z" : -29.034441
    },
    "orientation" : 51
  }, {
    "shape" : "113a46d4-b812-4efc-a9b9-31971c3e1553",
    "color" : "#008EC2",
    "position" : {
      "x" : 8.472136,
      "y" : -11.09017,
      "z" : 20.562305
    },
    "orientation" : 2
  }, {
    "shape" : "113a46d4-b812-4efc-a9b9-31971c3e1553",
    "color" : "#008EC2",
    "position" : {
      "x" : 17.944271,
      "y" : 4.236068,
      "z" : 4.236068
    },
    "orientation" : 26
  }, {
    "shape" : "25c81cf3-19d7-4e91-8a1f-826a4b12e341",
    "color" : "#F2F2F2",
    "position" : {
      "x" : 11.09017,
      "y" : -6.854102,
      "z" : 13.708204
    }
  }, {
    "shape" : "25c81cf3-19d7-4e91-8a1f-826a4b12e341",
    "color" : "#F2F2F2",
    "position" : {
      "x" : 11.09017,
      "y" : 20.562305,
      "z" : -8.472136
    }
  }, {
    "shape" : "113a46d4-b812-4efc-a9b9-31971c3e1553",
    "color" : "#008EC2",
    "position" : {
      "x" : 17.944271,
      "y" : 4.236068,
      "z" : -4.236068
    },
    "orientation" : 52
  }, {
    "shape" : "113a46d4-b812-4efc-a9b9-31971c3e1553",
    "color" : "#008EC2",
    "position" : {
      "x" : -4.236068,
      "y" : -4.236068,
      "z" : -31.652475
    },
    "orientation" : 10
  }, {
    "shape" : "113a46d4-b812-4efc-a9b9-31971c3e1553",
    "color" : "#008EC2",
    "position" : {
      "x" : 11.09017,
      "y" : 6.854102,
      "z" : 13.708204
    },
    "orientation" : 24
  }, {
    "shape" : "113a46d4-b812-4efc-a9b9-31971c3e1553",
    "color" : "#008EC2",
    "position" : {
      "x" : -6.854102,
      "y" : 13.708204,
      "z" : 19.562305
    },
    "orientation" : 10
  }, {
    "shape" : "113a46d4-b812-4efc-a9b9-31971c3e1553",
    "color" : "#008EC2",
    "position" : {
      "x" : 4.236068,
      "y" : -4.236068,
      "z" : 17.944271
    },
    "orientation" : 26
  }, {
    "shape" : "25c81cf3-19d7-4e91-8a1f-826a4b12e341",
    "color" : "#F2F2F2",
    "position" : {
      "x" : -20.562305,
      "y" : -8.472136,
      "z" : 11.09017
    }
  }, {
    "shape" : "25c81cf3-19d7-4e91-8a1f-826a4b12e341",
    "color" : "#F2F2F2",
    "position" : {
      "x" : 1.618034,
      "y" : 0.0,
      "z" : -24.798374
    }
  }, {
    "shape" : "113a46d4-b812-4efc-a9b9-31971c3e1553",
    "color" : "#008EC2",
    "position" : {
      "x" : 11.09017,
      "y" : -20.562305,
      "z" : -22.18034
    },
    "orientation" : 6
  }, {
    "shape" : "113a46d4-b812-4efc-a9b9-31971c3e1553",
    "color" : "#008EC2",
    "position" : {
      "x" : -26.416409,
      "y" : 4.236068,
      "z" : 17.944271
    },
    "orientation" : 23
  }, {
    "shape" : "25c81cf3-19d7-4e91-8a1f-826a4b12e341",
    "color" : "#F2F2F2",
    "position" : {
      "x" : -17.944271,
      "y" : 4.236068,
      "z" : 4.236068
    }
  }, {
    "shape" : "25c81cf3-19d7-4e91-8a1f-826a4b12e341",
    "color" : "#F2F2F2",
    "position" : {
      "x" : 4.236068,
      "y" : -4.236068,
      "z" : -31.652475
    }
  }, {
    "shape" : "25c81cf3-19d7-4e91-8a1f-826a4b12e341",
    "color" : "#F2F2F2",
    "position" : {
      "x" : 6.854102,
      "y" : -13.708204,
      "z" : -11.09017
    }
  }, {
    "shape" : "25c81cf3-19d7-4e91-8a1f-826a4b12e341",
    "color" : "#F2F2F2",
    "position" : {
      "x" : 31.652475,
      "y" : -4.236068,
      "z" : 4.236068
    }
  }, {
    "shape" : "113a46d4-b812-4efc-a9b9-31971c3e1553",
    "color" : "#008EC2",
    "position" : {
      "x" : 1.618034,
      "y" : 0.0,
      "z" : 24.798374
    },
    "orientation" : 10
  }, {
    "shape" : "113a46d4-b812-4efc-a9b9-31971c3e1553",
    "color" : "#008EC2",
    "position" : {
      "x" : -15.326238,
      "y" : 13.708204,
      "z" : -24.798374
    },
    "orientation" : 26
  }, {
    "shape" : "25c81cf3-19d7-4e91-8a1f-826a4b12e341",
    "color" : "#F2F2F2",
    "position" : {
      "x" : 17.944271,
      "y" : 4.236068,
      "z" : -4.236068
    }
  }, {
    "shape" : "25c81cf3-19d7-4e91-8a1f-826a4b12e341",
    "color" : "#F2F2F2",
    "position" : {
      "x" : 13.708204,
      "y" : 19.562305,
      "z" : -6.854102
    }
  }, {
    "shape" : "113a46d4-b812-4efc-a9b9-31971c3e1553",
    "color" : "#008EC2",
    "position" : {
      "x" : -17.944271,
      "y" : 4.236068,
      "z" : -4.236068
    },
    "orientation" : 16
  }, {
    "shape" : "113a46d4-b812-4efc-a9b9-31971c3e1553",
    "color" : "#008EC2",
    "position" : {
      "x" : -20.562305,
      "y" : 22.18034,
      "z" : 11.09017
    },
    "orientation" : 39
  }, {
    "shape" : "113a46d4-b812-4efc-a9b9-31971c3e1553",
    "color" : "#008EC2",
    "position" : {
      "x" : 15.326238,
      "y" : 0.0,
      "z" : -11.09017
    },
    "orientation" : 54
  }, {
    "shape" : "113a46d4-b812-4efc-a9b9-31971c3e1553",
    "color" : "#008EC2",
    "position" : {
      "x" : -8.472136,
      "y" : 11.09017,
      "z" : 29.034441
    },
    "orientation" : 6
  }, {
    "shape" : "113a46d4-b812-4efc-a9b9-31971c3e1553",
    "color" : "#008EC2",
    "position" : {
      "x" : -26.416409,
      "y" : 4.236068,
      "z" : -17.944271
    },
    "orientation" : 16
  }, {
    "shape" : "25c81cf3-19d7-4e91-8a1f-826a4b12e341",
    "color" : "#F2F2F2",
    "position" : {
      "x" : 4.236068,
      "y" : -31.652475,
      "z" : 4.236068
    }
  }, {
    "shape" : "25c81cf3-19d7-4e91-8a1f-826a4b12e341",
    "color" : "#F2F2F2",
    "position" : {
      "x" : -4.236068,
      "y" : -17.944271,
      "z" : -4.236068
    }
  }, {
    "shape" : "113a46d4-b812-4efc-a9b9-31971c3e1553",
    "color" : "#008EC2",
    "position" : {
      "x" : -8.472136,
      "y" : 11.09017,
      "z" : -29.034441
    },
    "orientation" : 24
  }, {
    "shape" : "25c81cf3-19d7-4e91-8a1f-826a4b12e341",
    "color" : "#F2F2F2",
    "position" : {
      "x" : -29.034441,
      "y" : 8.472136,
      "z" : -11.09017
    }
  }, {
    "shape" : "113a46d4-b812-4efc-a9b9-31971c3e1553",
    "color" : "#008EC2",
    "position" : {
      "x" : 15.326238,
      "y" : 0.0,
      "z" : 11.09017
    },
    "orientation" : 9
  }, {
    "shape" : "113a46d4-b812-4efc-a9b9-31971c3e1553",
    "color" : "#008EC2",
    "position" : {
      "x" : -15.326238,
      "y" : -13.708204,
      "z" : 24.798374
    },
    "orientation" : 24
  }, {
    "shape" : "113a46d4-b812-4efc-a9b9-31971c3e1553",
    "color" : "#008EC2",
    "position" : {
      "x" : -13.708204,
      "y" : 11.09017,
      "z" : 6.854102
    },
    "orientation" : 11
  }, {
    "shape" : "113a46d4-b812-4efc-a9b9-31971c3e1553",
    "color" : "#008EC2",
    "position" : {
      "x" : 4.236068,
      "y" : -17.944271,
      "z" : -4.236068
    },
    "orientation" : 2
  }, {
    "shape" : "25c81cf3-19d7-4e91-8a1f-826a4b12e341",
    "color" : "#F2F2F2",
    "position" : {
      "x" : 4.236068,
      "y" : -17.944271,
      "z" : -4.236068
    }
  }, {
    "shape" : "113a46d4-b812-4efc-a9b9-31971c3e1553",
    "color" : "#008EC2",
    "position" : {
      "x" : 8.472136,
      "y" : -11.09017,
      "z" : -20.562305
    },
    "orientation" : 26
  }, {
    "shape" : "113a46d4-b812-4efc-a9b9-31971c3e1553",
    "color" : "#008EC2",
    "position" : {
      "x" : 19.562305,
      "y" : 6.854102,
      "z" : -13.708204
    },
    "orientation" : 39
  }, {
    "shape" : "113a46d4-b812-4efc-a9b9-31971c3e1553",
    "color" : "#008EC2",
    "position" : {
      "x" : -13.708204,
      "y" : -24.798374,
      "z" : 15.326238
    },
    "orientation" : 10
  }, {
    "shape" : "113a46d4-b812-4efc-a9b9-31971c3e1553",
    "color" : "#008EC2",
    "position" : {
      "x" : 17.944271,
      "y" : 26.416409,
      "z" : 4.236068
    },
    "orientation" : 38
  }, {
    "shape" : "113a46d4-b812-4efc-a9b9-31971c3e1553",
    "color" : "#008EC2",
    "position" : {
      "x" : 15.326238,
      "y" : 0.0,
      "z" : 11.09017
    },
    "orientation" : 52
  }, {
    "shape" : "113a46d4-b812-4efc-a9b9-31971c3e1553",
    "color" : "#008EC2",
    "position" : {
      "x" : -13.708204,
      "y" : 19.562305,
      "z" : -6.854102
    },
    "orientation" : 16
  }, {
    "shape" : "113a46d4-b812-4efc-a9b9-31971c3e1553",
    "color" : "#008EC2",
    "position" : {
      "x" : -6.854102,
      "y" : 13.708204,
      "z" : 19.562305
    },
    "orientation" : 26
  }, {
    "shape" : "25c81cf3-19d7-4e91-8a1f-826a4b12e341",
    "color" : "#F2F2F2",
    "position" : {
      "x" : -4.236068,
      "y" : -4.236068,
      "z" : -31.652475
    }
  }, {
    "shape" : "113a46d4-b812-4efc-a9b9-31971c3e1553",
    "color" : "#008EC2",
    "position" : {
      "x" : -11.09017,
      "y" : -20.562305,
      "z" : 8.472136
    },
    "orientation" : 9
  }, {
    "shape" : "113a46d4-b812-4efc-a9b9-31971c3e1553",
    "color" : "#008EC2",
    "position" : {
      "x" : -26.416409,
      "y" : 4.236068,
      "z" : 17.944271
    },
    "orientation" : 16
  }, {
    "shape" : "25c81cf3-19d7-4e91-8a1f-826a4b12e341",
    "color" : "#F2F2F2",
    "position" : {
      "x" : -17.944271,
      "y" : -4.236068,
      "z" : -4.236068
    }
  }, {
    "shape" : "113a46d4-b812-4efc-a9b9-31971c3e1553",
    "color" : "#008EC2",
    "position" : {
      "x" : 26.416409,
      "y" : -4.236068,
      "z" : 17.944271
    },
    "orientation" : 39
  }, {
    "shape" : "113a46d4-b812-4efc-a9b9-31971c3e1553",
    "color" : "#008EC2",
    "position" : {
      "x" : -20.562305,
      "y" : 8.472136,
      "z" : -11.09017
    },
    "orientation" : 45
  }, {
    "shape" : "113a46d4-b812-4efc-a9b9-31971c3e1553",
    "color" : "#008EC2",
    "position" : {
      "x" : -20.562305,
      "y" : 8.472136,
      "z" : 11.09017
    },
    "orientation" : 51
  }, {
    "shape" : "113a46d4-b812-4efc-a9b9-31971c3e1553",
    "color" : "#008EC2",
    "position" : {
      "x" : -6.854102,
      "y" : 13.708204,
      "z" : -19.562305
    },
    "orientation" : 52
  }, {
    "shape" : "113a46d4-b812-4efc-a9b9-31971c3e1553",
    "color" : "#008EC2",
    "position" : {
      "x" : -24.798374,
      "y" : 15.326238,
      "z" : -13.708204
    },
    "orientation" : 9
  }, {
    "shape" : "113a46d4-b812-4efc-a9b9-31971c3e1553",
    "color" : "#008EC2",
    "position" : {
      "x" : 11.09017,
      "y" : -20.562305,
      "z" : -8.472136
    },
    "orientation" : 38
  }, {
    "shape" : "25c81cf3-19d7-4e91-8a1f-826a4b12e341",
    "color" : "#F2F2F2",
    "position" : {
      "x" : 20.562305,
      "y" : -8.472136,
      "z" : 11.09017
    }
  }, {
    "shape" : "113a46d4-b812-4efc-a9b9-31971c3e1553",
    "color" : "#008EC2",
    "position" : {
      "x" : 4.236068,
      "y" : -31.652475,
      "z" : -4.236068
    },
    "orientation" : 45
  }, {
    "shape" : "113a46d4-b812-4efc-a9b9-31971c3e1553",
    "color" : "#008EC2",
    "position" : {
      "x" : -13.708204,
      "y" : 24.798374,
      "z" : 15.326238
    },
    "orientation" : 37
  }, {
    "shape" : "113a46d4-b812-4efc-a9b9-31971c3e1553",
    "color" : "#008EC2",
    "position" : {
      "x" : 15.326238,
      "y" : -13.708204,
      "z" : -24.798374
    },
    "orientation" : 11
  }, {
    "shape" : "25c81cf3-19d7-4e91-8a1f-826a4b12e341",
    "color" : "#F2F2F2",
    "position" : {
      "x" : -22.18034,
      "y" : -11.09017,
      "z" : 20.562305
    }
  }, {
    "shape" : "113a46d4-b812-4efc-a9b9-31971c3e1553",
    "color" : "#008EC2",
    "position" : {
      "x" : -19.562305,
      "y" : -6.854102,
      "z" : -13.708204
    },
    "orientation" : 9
  }, {
    "shape" : "113a46d4-b812-4efc-a9b9-31971c3e1553",
    "color" : "#008EC2",
    "position" : {
      "x" : -20.562305,
      "y" : -22.18034,
      "z" : -11.09017
    },
    "orientation" : 26
  }, {
    "shape" : "113a46d4-b812-4efc-a9b9-31971c3e1553",
    "color" : "#008EC2",
    "position" : {
      "x" : 17.944271,
      "y" : -4.236068,
      "z" : 4.236068
    },
    "orientation" : 47
  }, {
    "shape" : "113a46d4-b812-4efc-a9b9-31971c3e1553",
    "color" : "#008EC2",
    "position" : {
      "x" : -13.708204,
      "y" : 24.798374,
      "z" : 15.326238
    },
    "orientation" : 52
  }, {
    "shape" : "113a46d4-b812-4efc-a9b9-31971c3e1553",
    "color" : "#008EC2",
    "position" : {
      "x" : 17.944271,
      "y" : 26.416409,
      "z" : -4.236068
    },
    "orientation" : 56
  }, {
    "shape" : "113a46d4-b812-4efc-a9b9-31971c3e1553",
    "color" : "#008EC2",
    "position" : {
      "x" : 17.944271,
      "y" : -26.416409,
      "z" : -4.236068
    },
    "orientation" : 54
  }, {
    "shape" : "113a46d4-b812-4efc-a9b9-31971c3e1553",
    "color" : "#008EC2",
    "position" : {
      "x" : 11.09017,
      "y" : -20.562305,
      "z" : 8.472136
    },
    "orientation" : 37
  }, {
    "shape" : "25c81cf3-19d7-4e91-8a1f-826a4b12e341",
    "color" : "#F2F2F2",
    "position" : {
      "x" : 20.562305,
      "y" : 22.18034,
      "z" : -11.09017
    }
  }, {
    "shape" : "113a46d4-b812-4efc-a9b9-31971c3e1553",
    "color" : "#008EC2",
    "position" : {
      "x" : 4.236068,
      "y" : 17.944271,
      "z" : 26.416409
    },
    "orientation" : 45
  }, {
    "shape" : "113a46d4-b812-4efc-a9b9-31971c3e1553",
    "color" : "#008EC2",
    "position" : {
      "x" : 31.652475,
      "y" : 4.236068,
      "z" : -4.236068
    },
    "orientation" : 2
  }, {
    "shape" : "25c81cf3-19d7-4e91-8a1f-826a4b12e341",
    "color" : "#F2F2F2",
    "position" : {
      "x" : -4.236068,
      "y" : -17.944271,
      "z" : -26.416409
    }
  }, {
    "shape" : "113a46d4-b812-4efc-a9b9-31971c3e1553",
    "color" : "#008EC2",
    "position" : {
      "x" : 31.652475,
      "y" : 4.236068,
      "z" : 4.236068
    },
    "orientation" : 16
  }, {
    "shape" : "113a46d4-b812-4efc-a9b9-31971c3e1553",
    "color" : "#008EC2",
    "position" : {
      "x" : -13.708204,
      "y" : 24.798374,
      "z" : -15.326238
    },
    "orientation" : 10
  }, {
    "shape" : "113a46d4-b812-4efc-a9b9-31971c3e1553",
    "color" : "#008EC2",
    "position" : {
      "x" : -31.652475,
      "y" : 4.236068,
      "z" : 4.236068
    },
    "orientation" : 16
  }, {
    "shape" : "25c81cf3-19d7-4e91-8a1f-826a4b12e341",
    "color" : "#F2F2F2",
    "position" : {
      "x" : -8.472136,
      "y" : -11.09017,
      "z" : -29.034441
    }
  }, {
    "shape" : "113a46d4-b812-4efc-a9b9-31971c3e1553",
