{
  "polygons" : "true",
  "field" : "golden",
  "symmetry" : "icosahedral",
  "orientations" : [ [ 1.0, 0.0, 0.0, 0.0, 0.0, 1.0, 0.0, 0.0, 0.0, 0.0, 1.0, 0.0, 0.0, 0.0, 0.0, 1.0 ], [ 0.0, 0.0, 1.0, 0.0, 1.0, 0.0, 0.0, 0.0, 0.0, 1.0, 0.0, 0.0, 0.0, 0.0, 0.0, 1.0 ], [ 0.0, 1.0, 0.0, 0.0, 0.0, 0.0, 1.0, 0.0, 1.0, 0.0, 0.0, 0.0, 0.0, 0.0, 0.0, 1.0 ], [ 0.809017, 0.309017, 0.5, 0.0, 0.309017, 0.5, -0.809017, 0.0, -0.5, 0.809017, 0.309017, 0.0, 0.0, 0.0, 0.0, 1.0 ], [ -0.5, 0.809017, 0.309017, 0.0, 0.809017, 0.309017, 0.5, 0.0, 0.309017, 0.5, -0.809017, 0.0, 0.0, 0.0, 0.0, 1.0 ], [ 0.309017, 0.5, -0.809017, 0.0, -0.5, 0.809017, 0.309017, 0.0, 0.809017, 0.309017, 0.5, 0.0, 0.0, 0.0, 0.0, 1.0 ], [ 0.5, 0.809017, 0.309017, 0.0, 0.809017, -0.309017, -0.5, 0.0, -0.309017, 0.5, -0.809017, 0.0, 0.0, 0.0, 0.0, 1.0 ], [ -0.309017, 0.5, -0.809017, 0.0, 0.5, 0.809017, 0.309017, 0.0, 0.809017, -0.309017, -0.5, 0.0, 0.0, 0.0, 0.0, 1.0 ], [ 0.809017, -0.309017, -0.5, 0.0, -0.309017, 0.5, -0.809017, 0.0, 0.5, 0.809017, 0.309017, 0.0, 0.0, 0.0, 0.0, 1.0 ], [ 0.5, 0.809017, -0.309017, 0.0, 0.809017, -0.309017, 0.5, 0.0, 0.309017, -0.5, -0.809017, 0.0, 0.0, 0.0, 0.0, 1.0 ], [ 0.309017, -0.5, -0.809017, 0.0, 0.5, 0.809017, -0.309017, 0.0, 0.809017, -0.309017, 0.5, 0.0, 0.0, 0.0, 0.0, 1.0 ], [ 0.809017, -0.309017, 0.5, 0.0, 0.309017, -0.5, -0.809017, 0.0, 0.5, 0.809017, -0.309017, 0.0, 0.0, 0.0, 0.0, 1.0 ], [ 0.809017, 0.309017, -0.5, 0.0, 0.309017, 0.5, 0.809017, 0.0, 0.5, -0.809017, 0.309017, 0.0, 0.0, 0.0, 0.0, 1.0 ], [ 0.5, -0.809017, 0.309017, 0.0, 0.809017, 0.309017, -0.5, 0.0, 0.309017, 0.5, 0.809017, 0.0, 0.0, 0.0, 0.0, 1.0 ], [ 0.309017, 0.5, 0.809017, 0.0, 0.5, -0.809017, 0.309017, 0.0, 0.809017, 0.309017, -0.5, 0.0, 0.0, 0.0, 0.0, 1.0 ], [ 1.0, 0.0, 0.0, 0.0, 0.0, -1.0, 0.0, 0.0, 0.0, 0.0, -1.0, 0.0, 0.0, 0.0, 0.0, 1.0 ], [ 0.0, 0.0, 1.0, 0.0, -1.0, 0.0, 0.0, 0.0, 0.0, -1.0, 0.0, 0.0, 0.0, 0.0, 0.0, 1.0 ], [ 0.0, 1.0, 0.0, 0.0, 0.0, 0.0, -1.0, 0.0, -1.0, 0.0, 0.0, 0.0, 0.0, 0.0, 0.0, 1.0 ], [ 0.809017, 0.309017, 0.5, 0.0, -0.309017, -0.5, 0.809017, 0.0, 0.5, -0.809017, -0.309017, 0.0, 0.0, 0.0, 0.0, 1.0 ], [ -0.5, 0.809017, 0.309017, 0.0, -0.809017, -0.309017, -0.5, 0.0, -0.309017, -0.5, 0.809017, 0.0, 0.0, 0.0, 0.0, 1.0 ], [ 0.309017, 0.5, -0.809017, 0.0, 0.5, -0.809017, -0.309017, 0.0, -0.809017, -0.309017, -0.5, 0.0, 0.0, 0.0, 0.0, 1.0 ], [ 0.5, 0.809017, 0.309017, 0.0, -0.809017, 0.309017, 0.5, 0.0, 0.309017, -0.5, 0.809017, 0.0, 0.0, 0.0, 0.0, 1.0 ], [ -0.309017, 0.5, -0.809017, 0.0, -0.5, -0.809017, -0.309017, 0.0, -0.809017, 0.309017, 0.5, 0.0, 0.0, 0.0, 0.0, 1.0 ], [ 0.809017, -0.309017, -0.5, 0.0, 0.309017, -0.5, 0.809017, 0.0, -0.5, -0.809017, -0.309017, 0.0, 0.0, 0.0, 0.0, 1.0 ], [ 0.5, 0.809017, -0.309017, 0.0, -0.809017, 0.309017, -0.5, 0.0, -0.309017, 0.5, 0.809017, 0.0, 0.0, 0.0, 0.0, 1.0 ], [ 0.309017, -0.5, -0.809017, 0.0, -0.5, -0.809017, 0.309017, 0.0, -0.809017, 0.309017, -0.5, 0.0, 0.0, 0.0, 0.0, 1.0 ], [ 0.809017, -0.309017, 0.5, 0.0, -0.309017, 0.5, 0.809017, 0.0, -0.5, -0.809017, 0.309017, 0.0, 0.0, 0.0, 0.0, 1.0 ], [ 0.809017, 0.309017, -0.5, 0.0, -0.309017, -0.5, -0.809017, 0.0, -0.5, 0.809017, -0.309017, 0.0, 0.0, 0.0, 0.0, 1.0 ], [ 0.5, -0.809017, 0.309017, 0.0, -0.809017, -0.309017, 0.5, 0.0, -0.309017, -0.5, -0.809017, 0.0, 0.0, 0.0, 0.0, 1.0 ], [ 0.309017, 0.5, 0.809017, 0.0, -0.5, 0.809017, -0.309017, 0.0, -0.809017, -0.309017, 0.5, 0.0, 0.0, 0.0, 0.0, 1.0 ], [ -1.0, 0.0, 0.0, 0.0, 0.0, -1.0, 0.0, 0.0, 0.0, 0.0, 1.0, 0.0, 0.0, 0.0, 0.0, 1.0 ], [ 0.0, 0.0, -1.0, 0.0, -1.0, 0.0, 0.0, 0.0, 0.0, 1.0, 0.0, 0.0, 0.0, 0.0, 0.0, 1.0 ], [ 0.0, -1.0, 0.0, 0.0, 0.0, 0.0, -1.0, 0.0, 1.0, 0.0, 0.0, 0.0, 0.0, 0.0, 0.0, 1.0 ], [ -0.809017, -0.309017, -0.5, 0.0, -0.309017, -0.5, 0.809017, 0.0, -0.5, 0.809017, 0.309017, 0.0, 0.0, 0.0, 0.0, 1.0 ], [ 0.5, -0.809017, -0.309017, 0.0, -0.809017, -0.309017, -0.5, 0.0, 0.309017, 0.5, -0.809017, 0.0, 0.0, 0.0, 0.0, 1.0 ], [ -0.309017, -0.5, 0.809017, 0.0, 0.5, -0.809017, -0.309017, 0.0, 0.809017, 0.309017, 0.5, 0.0, 0.0, 0.0, 0.0, 1.0 ], [ -0.5, -0.809017, -0.309017, 0.0, -0.809017, 0.309017, 0.5, 0.0, -0.309017, 0.5, -0.809017, 0.0, 0.0, 0.0, 0.0, 1.0 ], [ 0.309017, -0.5, 0.809017, 0.0, -0.5, -0.809017, -0.309017, 0.0, 0.809017, -0.309017, -0.5, 0.0, 0.0, 0.0, 0.0, 1.0 ], [ -0.809017, 0.309017, 0.5, 0.0, 0.309017, -0.5, 0.809017, 0.0, 0.5, 0.809017, 0.309017, 0.0, 0.0, 0.0, 0.0, 1.0 ], [ -0.5, -0.809017, 0.309017, 0.0, -0.809017, 0.309017, -0.5, 0.0, 0.309017, -0.5, -0.809017, 0.0, 0.0, 0.0, 0.0, 1.0 ], [ -0.309017, 0.5, 0.809017, 0.0, -0.5, -0.809017, 0.309017, 0.0, 0.809017, -0.309017, 0.5, 0.0, 0.0, 0.0, 0.0, 1.0 ], [ -0.809017, 0.309017, -0.5, 0.0, -0.309017, 0.5, 0.809017, 0.0, 0.5, 0.809017, -0.309017, 0.0, 0.0, 0.0, 0.0, 1.0 ], [ -0.809017, -0.309017, 0.5, 0.0, -0.309017, -0.5, -0.809017, 0.0, 0.5, -0.809017, 0.309017, 0.0, 0.0, 0.0, 0.0, 1.0 ], [ -0.5, 0.809017, -0.309017, 0.0, -0.809017, -0.309017, 0.5, 0.0, 0.309017, 0.5, 0.809017, 0.0, 0.0, 0.0, 0.0, 1.0 ], [ -0.309017, -0.5, -0.809017, 0.0, -0.5, 0.809017, -0.309017, 0.0, 0.809017, 0.309017, -0.5, 0.0, 0.0, 0.0, 0.0, 1.0 ], [ -1.0, 0.0, 0.0, 0.0, 0.0, 1.0, 0.0, 0.0, 0.0, 0.0, -1.0, 0.0, 0.0, 0.0, 0.0, 1.0 ], [ 0.0, 0.0, -1.0, 0.0, 1.0, 0.0, 0.0, 0.0, 0.0, -1.0, 0.0, 0.0, 0.0, 0.0, 0.0, 1.0 ], [ 0.0, -1.0, 0.0, 0.0, 0.0, 0.0, 1.0, 0.0, -1.0, 0.0, 0.0, 0.0, 0.0, 0.0, 0.0, 1.0 ], [ -0.809017, -0.309017, -0.5, 0.0, 0.309017, 0.5, -0.809017, 0.0, 0.5, -0.809017, -0.309017, 0.0, 0.0, 0.0, 0.0, 1.0 ], [ 0.5, -0.809017, -0.309017, 0.0, 0.809017, 0.309017, 0.5, 0.0, -0.309017, -0.5, 0.809017, 0.0, 0.0, 0.0, 0.0, 1.0 ], [ -0.309017, -0.5, 0.809017, 0.0, -0.5, 0.809017, 0.309017, 0.0, -0.809017, -0.309017, -0.5, 0.0, 0.0, 0.0, 0.0, 1.0 ], [ -0.5, -0.809017, -0.309017, 0.0, 0.809017, -0.309017, -0.5, 0.0, 0.309017, -0.5, 0.809017, 0.0, 0.0, 0.0, 0.0, 1.0 ], [ 0.309017, -0.5, 0.809017, 0.0, 0.5, 0.809017, 0.309017, 0.0, -0.809017, 0.309017, 0.5, 0.0, 0.0, 0.0, 0.0, 1.0 ], [ -0.809017, 0.309017, 0.5, 0.0, -0.309017, 0.5, -0.809017, 0.0, -0.5, -0.809017, -0.309017, 0.0, 0.0, 0.0, 0.0, 1.0 ], [ -0.5, -0.809017, 0.309017, 0.0, 0.809017, -0.309017, 0.5, 0.0, -0.309017, 0.5, 0.809017, 0.0, 0.0, 0.0, 0.0, 1.0 ], [ -0.309017, 0.5, 0.809017, 0.0, 0.5, 0.809017, -0.309017, 0.0, -0.809017, 0.309017, -0.5, 0.0, 0.0, 0.0, 0.0, 1.0 ], [ -0.809017, 0.309017, -0.5, 0.0, 0.309017, -0.5, -0.809017, 0.0, -0.5, -0.809017, 0.309017, 0.0, 0.0, 0.0, 0.0, 1.0 ], [ -0.809017, -0.309017, 0.5, 0.0, 0.309017, 0.5, 0.809017, 0.0, -0.5, 0.809017, -0.309017, 0.0, 0.0, 0.0, 0.0, 1.0 ], [ -0.5, 0.809017, -0.309017, 0.0, 0.809017, 0.309017, -0.5, 0.0, -0.309017, -0.5, -0.809017, 0.0, 0.0, 0.0, 0.0, 1.0 ], [ -0.309017, -0.5, -0.809017, 0.0, 0.5, -0.809017, 0.309017, 0.0, -0.809017, -0.309017, 0.5, 0.0, 0.0, 0.0, 0.0, 1.0 ] ],
  "lights" : {
    "directionalLights" : [ {
      "direction" : [ 1.0, -1.0, -1.0 ],
      "color" : "#EBEBE4"
    }, {
      "direction" : [ -1.0, 0.0, 0.0 ],
      "color" : "#E4E4EB"
    }, {
      "direction" : [ 0.0, 0.0, -1.0 ],
      "color" : "#1E1E1E"
    } ],
    "ambientColor" : "#292929",
    "backgroundColor" : "#AFC8DC"
  },
  "camera" : {
    "width" : 115.62723,
    "position" : {
      "x" : 123.95903,
      "y" : -211.57228,
      "z" : -76.77637
    },
    "nearClipDistance" : 0.6423736,
    "lookDirectionRV" : {
      "x" : -0.48242572,
      "y" : 0.8234004,
      "z" : 0.29879948,
      "zero" : false
    },
    "viewDistance" : 256.94946,
    "fieldOfView" : 0.44262877,
    "upDirectionRV" : {
      "x" : 0.62018,
      "y" : 0.561976,
      "z" : -0.5473068,
      "zero" : false
    },
    "lookAtPointRV" : {
      "x" : 0.0,
      "y" : 0.0,
      "z" : 0.0,
      "zero" : true
    },
    "perspective" : true,
    "upDirection" : {
      "x" : 0.62018,
      "y" : 0.561976,
      "z" : -0.5473068
    },
    "lookAtPoint" : {
      "x" : 0.0,
      "y" : 0.0,
      "z" : 0.0
    },
    "lookDirection" : {
      "x" : -0.48242572,
      "y" : 0.8234004,
      "z" : 0.29879948
    },
    "stereo" : false,
    "farClipDistance" : 513.8988
  },
  "embedding" : [ 1.0, 0.0, 0.0, 0.0, 0.0, 1.0, 0.0, 0.0, 0.0, 0.0, 1.0, 0.0, 0.0, 0.0, 0.0, 1.0 ],
  "shapes" : [ {
    "id" : "6614f100-2f45-45db-a240-f6b00458bdca",
    "orbit" : "blue",
    "orbitC" : "[[0,0,1],[0,0,1]]",
    "length" : "[1,0,1]",
    "name" : "b1",
    "vertices" : [ {
      "x" : 1.0,
      "y" : 0.309017,
      "z" : 0.19098301
    }, {
      "x" : 1.0,
      "y" : -0.309017,
      "z" : 0.19098301
    }, {
      "x" : 7.472136,
      "y" : -0.309017,
      "z" : 0.19098301
    }, {
      "x" : 7.472136,
      "y" : 0.309017,
      "z" : 0.19098301
    }, {
      "x" : 7.472136,
      "y" : -0.309017,
      "z" : -0.19098301
    }, {
      "x" : 7.472136,
      "y" : 0.309017,
      "z" : -0.19098301
    }, {
      "x" : 8.09017,
      "y" : 0.0,
      "z" : 0.0
    }, {
      "x" : 0.38196602,
      "y" : 0.0,
      "z" : 0.0
    }, {
      "x" : 1.0,
      "y" : 0.309017,
      "z" : -0.19098301
    }, {
      "x" : 1.0,
      "y" : -0.309017,
      "z" : -0.19098301
    }, {
      "x" : 8.472136,
      "y" : 0.0,
      "z" : 0.0
    } ],
    "faces" : [ {
      "vertices" : [ 1, 9, 4, 2 ]
    }, {
      "vertices" : [ 0, 3, 5, 8 ]
    }, {
      "vertices" : [ 1, 7, 9 ]
    }, {
      "vertices" : [ 0, 1, 2, 3 ]
    }, {
      "vertices" : [ 7, 8, 9 ]
    }, {
      "vertices" : [ 0, 7, 1 ]
    }, {
      "vertices" : [ 4, 9, 8, 5 ]
    }, {
      "vertices" : [ 2, 6, 3 ]
    }, {
      "vertices" : [ 2, 4, 6 ]
    }, {
      "vertices" : [ 3, 6, 5 ]
    }, {
      "vertices" : [ 4, 5, 6 ]
    }, {
      "vertices" : [ 0, 8, 7 ]
    } ]
  }, {
    "id" : "f042b64e-a1ad-4d8c-8fe7-be908136a96e",
    "name" : "ball",
    "vertices" : [ {
      "x" : -0.309017,
      "y" : -0.19098301,
      "z" : 0.0
    }, {
      "x" : -0.309017,
      "y" : 0.19098301,
      "z" : 0.0
    }, {
      "x" : -0.19098301,
      "y" : 0.0,
      "z" : -0.309017
    }, {
      "x" : -0.19098301,
      "y" : 0.0,
      "z" : 0.309017
    }, {
      "x" : 0.0,
      "y" : -0.309017,
      "z" : -0.19098301
    }, {
      "x" : 0.0,
      "y" : -0.309017,
      "z" : 0.19098301
    }, {
      "x" : 0.0,
      "y" : 0.309017,
      "z" : -0.19098301
    }, {
      "x" : 0.0,
      "y" : 0.309017,
      "z" : 0.19098301
    }, {
      "x" : 0.19098301,
      "y" : 0.0,
      "z" : -0.309017
    }, {
      "x" : 0.19098301,
      "y" : 0.0,
      "z" : 0.309017
    }, {
      "x" : 0.309017,
      "y" : -0.19098301,
      "z" : 0.0
    }, {
      "x" : 0.309017,
      "y" : 0.19098301,
      "z" : 0.0
    } ],
    "faces" : [ {
      "vertices" : [ 0, 1, 2 ]
    }, {
      "vertices" : [ 0, 3, 1 ]
    }, {
      "vertices" : [ 0, 2, 4 ]
    }, {
      "vertices" : [ 0, 5, 3 ]
    }, {
      "vertices" : [ 0, 4, 5 ]
    }, {
      "vertices" : [ 1, 6, 2 ]
    }, {
      "vertices" : [ 1, 3, 7 ]
    }, {
      "vertices" : [ 1, 7, 6 ]
    }, {
      "vertices" : [ 2, 8, 4 ]
    }, {
      "vertices" : [ 2, 6, 8 ]
    }, {
      "vertices" : [ 3, 5, 9 ]
    }, {
      "vertices" : [ 3, 9, 7 ]
    }, {
      "vertices" : [ 4, 10, 5 ]
    }, {
      "vertices" : [ 4, 8, 10 ]
    }, {
      "vertices" : [ 5, 10, 9 ]
    }, {
      "vertices" : [ 6, 7, 11 ]
    }, {
      "vertices" : [ 6, 11, 8 ]
    }, {
      "vertices" : [ 7, 9, 11 ]
    }, {
      "vertices" : [ 8, 11, 10 ]
    }, {
      "vertices" : [ 9, 10, 11 ]
    } ]
  }, {
    "id" : "6d81181f-3d63-4db9-8462-42125596d8c3",
    "vertices" : [ {
      "x" : 0.0,
      "y" : 0.0,
      "z" : 0.0
    }, {
      "x" : -2.618034,
      "y" : 4.236068,
      "z" : 6.854102
    }, {
      "x" : 0.0,
      "y" : 0.0,
      "z" : 13.708204
    }, {
      "x" : 4.236068,
      "y" : -6.854102,
      "z" : 11.09017
    }, {
      "x" : 4.236068,
      "y" : -6.854102,
      "z" : 2.618034
    } ],
    "faces" : [ {
      "vertices" : [ 0, 1, 2, 3, 4 ]
    }, {
      "vertices" : [ 0, 4, 3, 2, 1 ]
    } ]
  }, {
    "id" : "a5a279f0-ee72-449f-afae-6160ca8f970c",
    "vertices" : [ {
      "x" : 0.0,
      "y" : 0.0,
      "z" : 0.0
    }, {
      "x" : 0.0,
      "y" : -8.472136,
      "z" : 0.0
    }, {
      "x" : -2.618034,
      "y" : -4.236068,
      "z" : -6.854102
    } ],
    "faces" : [ {
      "vertices" : [ 0, 1, 2 ]
    }, {
      "vertices" : [ 0, 2, 1 ]
    } ]
  }, {
    "id" : "4b9a8556-f954-4547-b9b2-ae23b92517b9",
    "vertices" : [ {
      "x" : 0.0,
      "y" : 0.0,
      "z" : 0.0
    }, {
      "x" : 2.618034,
      "y" : 4.236068,
      "z" : 6.854102
    }, {
      "x" : 5.236068,
      "y" : 0.0,
      "z" : 13.708204
    }, {
      "x" : 5.236068,
      "y" : -8.472136,
      "z" : 13.708204
    }, {
      "x" : 2.618034,
      "y" : -12.708204,
      "z" : 6.854102
    }, {
      "x" : 0.0,
      "y" : -8.472136,
      "z" : 0.0
    } ],
    "faces" : [ {
      "vertices" : [ 0, 1, 2, 3, 4, 5 ]
    }, {
      "vertices" : [ 0, 5, 4, 3, 2, 1 ]
    } ]
  }, {
    "id" : "d48c8ee7-9376-486c-bb29-9edab6f582da",
    "vertices" : [ {
      "x" : 0.0,
      "y" : 0.0,
      "z" : 0.0
    }, {
      "x" : -2.618034,
      "y" : -4.236068,
      "z" : -6.854102
    }, {
      "x" : -5.236068,
      "y" : 0.0,
      "z" : -13.708204
    }, {
      "x" : -5.236068,
      "y" : 8.472136,
      "z" : -13.708204
    }, {
      "x" : -2.618034,
      "y" : 12.708204,
      "z" : -6.854102
    }, {
      "x" : 0.0,
      "y" : 8.472136,
      "z" : 0.0
    } ],
    "faces" : [ {
      "vertices" : [ 0, 1, 2, 3, 4, 5 ]
    }, {
      "vertices" : [ 0, 5, 4, 3, 2, 1 ]
    } ]
  }, {
    "id" : "66db1d29-7f2c-4be2-9c7f-bb1b460b0a30",
    "vertices" : [ {
      "x" : 0.0,
      "y" : 0.0,
      "z" : 0.0
    }, {
      "x" : 0.0,
      "y" : 8.472136,
      "z" : 0.0
    }, {
      "x" : 0.0,
      "y" : 8.472136,
      "z" : 8.472136
    }, {
      "x" : 0.0,
      "y" : 0.0,
      "z" : 8.472136
    } ],
    "faces" : [ {
      "vertices" : [ 0, 1, 2, 3 ]
    }, {
      "vertices" : [ 0, 3, 2, 1 ]
    } ]
  }, {
    "id" : "0b1dec05-e09c-48a2-91a4-09d693e57720",
    "vertices" : [ {
      "x" : 0.0,
      "y" : 0.0,
      "z" : 0.0
    }, {
      "x" : -2.618034,
      "y" : -4.236068,
      "z" : -6.854102
    }, {
      "x" : -2.618034,
      "y" : 4.236068,
      "z" : -6.854102
    } ],
    "faces" : [ {
      "vertices" : [ 0, 1, 2 ]
    }, {
      "vertices" : [ 0, 2, 1 ]
    } ]
  }, {
    "id" : "b85c1bde-2512-4ec3-b497-5a0b94d740a5",
    "vertices" : [ {
      "x" : 0.0,
      "y" : 0.0,
      "z" : 0.0
    }, {
      "x" : 0.0,
      "y" : -8.472136,
      "z" : 0.0
    }, {
      "x" : 0.0,
      "y" : -8.472136,
      "z" : -8.472136
    }, {
      "x" : 0.0,
      "y" : 0.0,
      "z" : -8.472136
    } ],
    "faces" : [ {
      "vertices" : [ 0, 1, 2, 3 ]
    }, {
      "vertices" : [ 0, 3, 2, 1 ]
    } ]
  }, {
    "id" : "1e877649-3eca-432f-919e-03c0bd4a0e27",
    "vertices" : [ {
      "x" : 0.0,
      "y" : 0.0,
      "z" : 0.0
    }, {
      "x" : 0.0,
      "y" : 0.0,
      "z" : -8.472136
    }, {
      "x" : 0.0,
      "y" : 8.472136,
      "z" : -8.472136
    }, {
      "x" : 0.0,
      "y" : 8.472136,
      "z" : 0.0
    } ],
    "faces" : [ {
      "vertices" : [ 0, 1, 2, 3 ]
    }, {
      "vertices" : [ 0, 3, 2, 1 ]
    } ]
  }, {
    "id" : "8b1e48ef-e065-4deb-acf2-6ccc2d6c1a9f",
    "vertices" : [ {
      "x" : 0.0,
      "y" : 0.0,
      "z" : 0.0
    }, {
      "x" : 0.0,
      "y" : 0.0,
      "z" : -8.472136
    }, {
      "x" : -4.236068,
      "y" : 6.854102,
      "z" : -11.09017
    }, {
      "x" : -6.854102,
      "y" : 11.09017,
      "z" : -4.236068
    }, {
      "x" : -4.236068,
      "y" : 6.854102,
      "z" : 2.618034
    } ],
    "faces" : [ {
      "vertices" : [ 0, 1, 2, 3, 4 ]
    }, {
      "vertices" : [ 0, 4, 3, 2, 1 ]
    } ]
  }, {
    "id" : "caf425e8-3b0d-44c0-a453-f0cd69fa5b64",
    "vertices" : [ {
      "x" : 0.0,
      "y" : 0.0,
      "z" : 0.0
    }, {
      "x" : 2.618034,
      "y" : -4.236068,
      "z" : 6.854102
    }, {
      "x" : 2.618034,
      "y" : -12.708204,
      "z" : 6.854102
    }, {
      "x" : 0.0,
      "y" : -16.944271,
      "z" : 0.0
    }, {
      "x" : -2.618034,
      "y" : -12.708204,
      "z" : -6.854102
    }, {
      "x" : -2.618034,
      "y" : -4.236068,
      "z" : -6.854102
    } ],
    "faces" : [ {
      "vertices" : [ 0, 1, 2, 3, 4, 5 ]
    }, {
      "vertices" : [ 0, 5, 4, 3, 2, 1 ]
    } ]
  }, {
    "id" : "2d817e46-9886-48de-8375-8dccd289b52a",
    "vertices" : [ {
      "x" : 0.0,
      "y" : 0.0,
      "z" : 0.0
    }, {
      "x" : 4.236068,
      "y" : -6.854102,
      "z" : 2.618034
    }, {
      "x" : 6.854102,
      "y" : -11.09017,
      "z" : -4.236068
    }, {
      "x" : 4.236068,
      "y" : -6.854102,
      "z" : -11.09017
    }, {
      "x" : 0.0,
      "y" : 0.0,
      "z" : -8.472136
    } ],
    "faces" : [ {
      "vertices" : [ 0, 1, 2, 3, 4 ]
    }, {
      "vertices" : [ 0, 4, 3, 2, 1 ]
    } ]
  }, {
    "id" : "b5997022-10b6-49a0-ae8b-fd621dc6e715",
    "vertices" : [ {
      "x" : 0.0,
      "y" : 0.0,
      "z" : 0.0
    }, {
      "x" : 0.0,
      "y" : 0.0,
      "z" : 8.472136
    }, {
      "x" : 4.236068,
      "y" : -6.854102,
      "z" : 11.09017
    }, {
      "x" : 6.854102,
      "y" : -11.09017,
      "z" : 4.236068
    }, {
      "x" : 4.236068,
      "y" : -6.854102,
      "z" : -2.618034
    } ],
    "faces" : [ {
      "vertices" : [ 0, 1, 2, 3, 4 ]
    }, {
      "vertices" : [ 0, 4, 3, 2, 1 ]
    } ]
  }, {
    "id" : "e0c7cbcb-3d62-452c-80f4-d5b3fbe48163",
    "vertices" : [ {
      "x" : 0.0,
      "y" : 0.0,
      "z" : 0.0
    }, {
      "x" : -4.236068,
      "y" : 6.854102,
      "z" : -2.618034
    }, {
      "x" : -6.854102,
      "y" : 11.09017,
      "z" : 4.236068
    }, {
      "x" : -4.236068,
      "y" : 6.854102,
      "z" : 11.09017
    }, {
      "x" : 0.0,
      "y" : 0.0,
      "z" : 8.472136
    } ],
    "faces" : [ {
      "vertices" : [ 0, 1, 2, 3, 4 ]
    }, {
      "vertices" : [ 0, 4, 3, 2, 1 ]
    } ]
  }, {
    "id" : "6c8ccf4b-4d11-49a1-ac19-980c64de5664",
    "vertices" : [ {
      "x" : 0.0,
      "y" : 0.0,
      "z" : 0.0
    }, {
      "x" : 0.0,
      "y" : -8.472136,
      "z" : 0.0
    }, {
      "x" : -2.618034,
      "y" : -12.708204,
      "z" : -6.854102
    }, {
      "x" : -5.236068,
      "y" : -8.472136,
      "z" : -13.708204
    }, {
      "x" : -5.236068,
      "y" : 0.0,
      "z" : -13.708204
    }, {
      "x" : -2.618034,
      "y" : 4.236068,
      "z" : -6.854102
    } ],
    "faces" : [ {
      "vertices" : [ 0, 1, 2, 3, 4, 5 ]
    }, {
      "vertices" : [ 0, 5, 4, 3, 2, 1 ]
    } ]
  }, {
    "id" : "9c2b00d0-4365-44f8-8d0a-35c8331ba4cf",
    "vertices" : [ {
      "x" : 0.0,
      "y" : 0.0,
      "z" : 0.0
    }, {
      "x" : 0.0,
      "y" : 0.0,
      "z" : 8.472136
    }, {
      "x" : 0.0,
      "y" : -8.472136,
      "z" : 8.472136
    }, {
      "x" : 0.0,
      "y" : -8.472136,
      "z" : 0.0
    } ],
    "faces" : [ {
      "vertices" : [ 0, 1, 2, 3 ]
    }, {
      "vertices" : [ 0, 3, 2, 1 ]
    } ]
  }, {
    "id" : "5d0b5969-b033-4490-8a51-ff05c1af7186",
    "vertices" : [ {
      "x" : 0.0,
      "y" : 0.0,
      "z" : 0.0
    }, {
      "x" : 2.618034,
      "y" : -4.236068,
      "z" : -6.854102
    }, {
      "x" : 0.0,
      "y" : 0.0,
      "z" : -13.708204
    }, {
      "x" : -4.236068,
      "y" : 6.854102,
      "z" : -11.09017
    }, {
      "x" : -4.236068,
      "y" : 6.854102,
      "z" : -2.618034
    } ],
    "faces" : [ {
      "vertices" : [ 0, 1, 2, 3, 4 ]
    }, {
      "vertices" : [ 0, 4, 3, 2, 1 ]
    } ]
  }, {
    "id" : "83839af0-3984-4f90-8e62-a109abf044c2",
    "vertices" : [ {
      "x" : 0.0,
      "y" : 0.0,
      "z" : 0.0
    }, {
      "x" : -2.618034,
      "y" : 4.236068,
      "z" : -6.854102
    }, {
      "x" : -2.618034,
      "y" : 12.708204,
      "z" : -6.854102
    }, {
      "x" : 0.0,
      "y" : 16.944271,
      "z" : 0.0
    }, {
      "x" : 2.618034,
      "y" : 12.708204,
      "z" : 6.854102
    }, {
      "x" : 2.618034,
      "y" : 4.236068,
      "z" : 6.854102
    } ],
    "faces" : [ {
      "vertices" : [ 0, 1, 2, 3, 4, 5 ]
    }, {
      "vertices" : [ 0, 5, 4, 3, 2, 1 ]
    } ]
  }, {
    "id" : "5020c8db-24f3-459e-9d8e-c1532d30b052",
    "vertices" : [ {
      "x" : 0.0,
      "y" : 0.0,
      "z" : 0.0
    }, {
      "x" : 2.618034,
      "y" : 4.236068,
      "z" : 6.854102
    }, {
      "x" : 2.618034,
      "y" : -4.236068,
      "z" : 6.854102
    } ],
    "faces" : [ {
      "vertices" : [ 0, 1, 2 ]
    }, {
      "vertices" : [ 0, 2, 1 ]
    } ]
  }, {
    "id" : "569148d1-bc28-4c05-97fa-b243525ed53e",
    "vertices" : [ {
      "x" : 0.0,
      "y" : 0.0,
      "z" : 0.0
    }, {
      "x" : 2.618034,
      "y" : -4.236068,
      "z" : 6.854102
    }, {
      "x" : 0.0,
      "y" : -8.472136,
      "z" : 0.0
    } ],
    "faces" : [ {
      "vertices" : [ 0, 1, 2 ]
    }, {
      "vertices" : [ 0, 2, 1 ]
    } ]
  }, {
    "id" : "1f959957-ac08-4425-86d6-80274553e101",
    "vertices" : [ {
      "x" : 0.0,
      "y" : 0.0,
      "z" : 0.0
    }, {
      "x" : 4.236068,
      "y" : -6.854102,
      "z" : -2.618034
    }, {
      "x" : 4.236068,
      "y" : -6.854102,
      "z" : -11.09017
    }, {
      "x" : 0.0,
      "y" : 0.0,
      "z" : -13.708204
    }, {
      "x" : -2.618034,
      "y" : 4.236068,
      "z" : -6.854102
    } ],
    "faces" : [ {
      "vertices" : [ 0, 1, 2, 3, 4 ]
    }, {
      "vertices" : [ 0, 4, 3, 2, 1 ]
    } ]
  }, {
    "id" : "1ae279cb-3e69-4157-a3b6-e4919fef04f8",
    "vertices" : [ {
      "x" : 0.0,
      "y" : 0.0,
      "z" : 0.0
    }, {
      "x" : 0.0,
      "y" : 8.472136,
      "z" : 0.0
    }, {
      "x" : 2.618034,
      "y" : 4.236068,
      "z" : 6.854102
    } ],
    "faces" : [ {
      "vertices" : [ 0, 1, 2 ]
    }, {
      "vertices" : [ 0, 2, 1 ]
    } ]
  }, {
    "id" : "8e3244c5-73b5-47f8-b124-8e7de3e8c3e2",
    "vertices" : [ {
      "x" : 0.0,
      "y" : 0.0,
      "z" : 0.0
    }, {
      "x" : 0.0,
      "y" : 8.472136,
      "z" : 0.0
    }, {
      "x" : 2.618034,
      "y" : 12.708204,
      "z" : 6.854102
    }, {
      "x" : 5.236068,
      "y" : 8.472136,
      "z" : 13.708204
    }, {
      "x" : 5.236068,
      "y" : 0.0,
      "z" : 13.708204
    }, {
      "x" : 2.618034,
      "y" : -4.236068,
      "z" : 6.854102
    } ],
    "faces" : [ {
      "vertices" : [ 0, 1, 2, 3, 4, 5 ]
    }, {
      "vertices" : [ 0, 5, 4, 3, 2, 1 ]
    } ]
  }, {
    "id" : "a436a69c-389d-42c2-8b2e-9131330e1a91",
    "vertices" : [ {
      "x" : 0.0,
      "y" : 0.0,
      "z" : 0.0
    }, {
      "x" : -2.618034,
      "y" : 4.236068,
      "z" : -6.854102
    }, {
      "x" : 0.0,
      "y" : 8.472136,
      "z" : 0.0
    } ],
    "faces" : [ {
      "vertices" : [ 0, 1, 2 ]
    }, {
      "vertices" : [ 0, 2, 1 ]
    } ]
  }, {
    "id" : "79c219b9-84e0-41e1-acf4-21993b11a62d",
    "vertices" : [ {
      "x" : 0.0,
      "y" : 0.0,
      "z" : 0.0
    }, {
      "x" : 2.618034,
      "y" : -4.236068,
      "z" : 6.854102
    }, {
      "x" : 6.854102,
      "y" : -11.09017,
      "z" : 4.236068
    }, {
      "x" : 6.854102,
      "y" : -11.09017,
      "z" : -4.236068
    }, {
      "x" : 2.618034,
      "y" : -4.236068,
      "z" : -6.854102
    } ],
    "faces" : [ {
      "vertices" : [ 0, 1, 2, 3, 4 ]
    }, {
      "vertices" : [ 0, 4, 3, 2, 1 ]
    } ]
  } ],
  "instances" : [ {
    "shape" : "6614f100-2f45-45db-a240-f6b00458bdca",
    "color" : "#00FFFF",
    "position" : {
      "x" : 24.798374,
      "y" : -15.326238,
      "z" : -13.708204
    },
    "orientation" : 9
  }, {
    "shape" : "6614f100-2f45-45db-a240-f6b00458bdca",
    "color" : "#00FFFF",
    "position" : {
      "x" : 20.562305,
      "y" : 22.18034,
      "z" : -11.09017
    },
    "orientation" : 56
  }, {
    "shape" : "f042b64e-a1ad-4d8c-8fe7-be908136a96e",
    "color" : "#00FFFF",
    "position" : {
      "x" : -13.708204,
      "y" : -24.798374,
      "z" : 15.326238
    }
  }, {
    "shape" : "6614f100-2f45-45db-a240-f6b00458bdca",
    "color" : "#CCFF00",
    "position" : {
      "x" : -19.562305,
      "y" : 6.854102,
      "z" : -35.888542
    },
    "orientation" : 0
  }, {
    "shape" : "f042b64e-a1ad-4d8c-8fe7-be908136a96e",
    "color" : "#00FFFF",
    "position" : {
      "x" : 29.034441,
      "y" : 8.472136,
      "z" : -11.09017
    }
  }, {
    "shape" : "6d81181f-3d63-4db9-8462-42125596d8c3",
    "color" : "#CCFF00",
    "position" : {
      "x" : -19.562305,
      "y" : 6.854102,
      "z" : -13.708204
    },
    "orientation" : 17
  }, {
    "shape" : "6614f100-2f45-45db-a240-f6b00458bdca",
    "color" : "#CCFF00",
    "position" : {
      "x" : -15.326238,
      "y" : 0.0,
      "z" : -38.506577
    },
    "orientation" : 9
  }, {
    "shape" : "f042b64e-a1ad-4d8c-8fe7-be908136a96e",
    "color" : "#00FFFF",
    "position" : {
      "x" : 8.472136,
      "y" : 11.09017,
      "z" : 29.034441
    }
  }, {
    "shape" : "f042b64e-a1ad-4d8c-8fe7-be908136a96e",
    "color" : "#FF00FF",
    "position" : {
      "x" : -17.944271,
      "y" : 4.236068,
      "z" : 4.236068
    }
  }, {
    "shape" : "a5a279f0-ee72-449f-afae-6160ca8f970c",
    "color" : "#FF00FF",
    "position" : {
      "x" : -4.236068,
      "y" : 17.944271,
      "z" : 4.236068
    },
    "orientation" : 1
  }, {
    "shape" : "f042b64e-a1ad-4d8c-8fe7-be908136a96e",
    "color" : "#FF00FF",
    "position" : {
      "x" : 0.0,
      "y" : 11.09017,
      "z" : 15.326238
    }
  }, {
    "shape" : "6614f100-2f45-45db-a240-f6b00458bdca",
    "color" : "#00FFFF",
    "position" : {
      "x" : -13.708204,
      "y" : -24.798374,
      "z" : -15.326238
    },
    "orientation" : 37
  }, {
    "shape" : "6614f100-2f45-45db-a240-f6b00458bdca",
    "color" : "#00FFFF",
    "position" : {
      "x" : -17.944271,
      "y" : -26.416409,
      "z" : -4.236068
    },
    "orientation" : 2
  }, {
    "shape" : "f042b64e-a1ad-4d8c-8fe7-be908136a96e",
    "color" : "#FF00FF",
    "position" : {
      "x" : -6.854102,
      "y" : -13.708204,
      "z" : 11.09017
    }
  }, {
    "shape" : "6614f100-2f45-45db-a240-f6b00458bdca",
    "color" : "#00FFFF",
    "position" : {
      "x" : 15.326238,
      "y" : 13.708204,
      "z" : -24.798374
    },
    "orientation" : 8
  }, {
    "shape" : "a5a279f0-ee72-449f-afae-6160ca8f970c",
    "color" : "#FF00FF",
    "position" : {
      "x" : 11.09017,
      "y" : 15.326238,
      "z" : 0.0
    },
    "orientation" : 6
  }, {
    "shape" : "6614f100-2f45-45db-a240-f6b00458bdca",
    "color" : "#FF00FF",
    "position" : {
      "x" : -11.09017,
      "y" : 6.854102,
      "z" : -13.708204
    },
    "orientation" : 7
  }, {
    "shape" : "6614f100-2f45-45db-a240-f6b00458bdca",
    "color" : "#FF00FF",
    "position" : {
      "x" : 0.0,
      "y" : -11.09017,
      "z" : 15.326238
    },
    "orientation" : 26
  }, {
    "shape" : "6614f100-2f45-45db-a240-f6b00458bdca",
    "color" : "#CCFF00",
    "position" : {
      "x" : -15.326238,
      "y" : 0.0,
      "z" : -38.506577
    },
    "orientation" : 51
  }, {
    "shape" : "6614f100-2f45-45db-a240-f6b00458bdca",
    "color" : "#FF00FF",
    "position" : {
      "x" : -13.708204,
      "y" : 11.09017,
      "z" : 6.854102
    },
    "orientation" : 11
  }, {
    "shape" : "6614f100-2f45-45db-a240-f6b00458bdca",
    "color" : "#00FFFF",
    "position" : {
      "x" : 17.944271,
      "y" : -26.416409,
      "z" : -4.236068
    },
    "orientation" : 53
  }, {
    "shape" : "4b9a8556-f954-4547-b9b2-ae23b92517b9",
    "color" : "#00FFFF",
    "position" : {
      "x" : -26.416409,
      "y" : -4.236068,
      "z" : -17.944271
    },
    "orientation" : 30
  }, {
    "shape" : "6614f100-2f45-45db-a240-f6b00458bdca",
    "color" : "#00FFFF",
    "position" : {
      "x" : -4.236068,
      "y" : -31.652475,
      "z" : 4.236068
    },
    "orientation" : 47
  }, {
    "shape" : "6614f100-2f45-45db-a240-f6b00458bdca",
    "color" : "#00FFFF",
    "position" : {
      "x" : 20.562305,
      "y" : 22.18034,
      "z" : 11.09017
    },
    "orientation" : 21
  }, {
    "shape" : "6614f100-2f45-45db-a240-f6b00458bdca",
    "color" : "#00FFFF",
    "position" : {
      "x" : 26.416409,
      "y" : 4.236068,
      "z" : -17.944271
    },
    "orientation" : 10
  }, {
    "shape" : "f042b64e-a1ad-4d8c-8fe7-be908136a96e",
    "color" : "#00FFFF",
    "position" : {
      "x" : 31.652475,
      "y" : -4.236068,
      "z" : -4.236068
    }
  }, {
    "shape" : "d48c8ee7-9376-486c-bb29-9edab6f582da",
    "color" : "#00FFFF",
    "position" : {
      "x" : 11.09017,
      "y" : -29.034441,
      "z" : 8.472136
    },
    "orientation" : 21
  }, {
    "shape" : "6614f100-2f45-45db-a240-f6b00458bdca",
    "color" : "#00FFFF",
    "position" : {
      "x" : -31.652475,
      "y" : 4.236068,
      "z" : 4.236068
    },
    "orientation" : 16
  }, {
    "shape" : "6614f100-2f45-45db-a240-f6b00458bdca",
    "color" : "#00FFFF",
    "position" : {
      "x" : 11.09017,
      "y" : 20.562305,
      "z" : 22.18034
    },
    "orientation" : 52
  }, {
    "shape" : "f042b64e-a1ad-4d8c-8fe7-be908136a96e",
    "color" : "#00FFFF",
    "position" : {
      "x" : 11.09017,
      "y" : 29.034441,
      "z" : 8.472136
    }
  }, {
    "shape" : "f042b64e-a1ad-4d8c-8fe7-be908136a96e",
    "color" : "#00FFFF",
    "position" : {
      "x" : 22.18034,
      "y" : 11.09017,
      "z" : -20.562305
    }
  }, {
    "shape" : "66db1d29-7f2c-4be2-9c7f-bb1b460b0a30",
    "color" : "#00FFFF",
    "position" : {
      "x" : -31.652475,
      "y" : -4.236068,
      "z" : 4.236068
    },
    "orientation" : 45
  }, {
    "shape" : "6614f100-2f45-45db-a240-f6b00458bdca",
    "color" : "#FF00FF",
    "position" : {
      "x" : 6.854102,
      "y" : -13.708204,
      "z" : -11.09017
    },
    "orientation" : 56
  }, {
    "shape" : "0b1dec05-e09c-48a2-91a4-09d693e57720",
    "color" : "#CCFF00",
    "position" : {
      "x" : -22.18034,
      "y" : 11.09017,
      "z" : -29.034441
    },
    "orientation" : 54
  }, {
    "shape" : "6614f100-2f45-45db-a240-f6b00458bdca",
    "color" : "#00FFFF",
    "position" : {
      "x" : -11.09017,
      "y" : -29.034441,
      "z" : 8.472136
    },
    "orientation" : 26
  }, {
    "shape" : "f042b64e-a1ad-4d8c-8fe7-be908136a96e",
    "color" : "#00FFFF",
    "position" : {
      "x" : 15.326238,
      "y" : 13.708204,
      "z" : 24.798374
    }
  }, {
    "shape" : "b85c1bde-2512-4ec3-b497-5a0b94d740a5",
    "color" : "#00FFFF",
    "position" : {
      "x" : -17.944271,
      "y" : -26.416409,
      "z" : 4.236068
    },
    "orientation" : 39
  }, {
    "shape" : "4b9a8556-f954-4547-b9b2-ae23b92517b9",
    "color" : "#00FFFF",
    "position" : {
      "x" : -15.326238,
      "y" : 13.708204,
      "z" : 24.798374
    },
    "orientation" : 4
  }, {
    "shape" : "6614f100-2f45-45db-a240-f6b00458bdca",
    "color" : "#FF00FF",
    "position" : {
      "x" : 13.708204,
      "y" : -11.09017,
      "z" : 6.854102
    },
    "orientation" : 41
  }, {
    "shape" : "6614f100-2f45-45db-a240-f6b00458bdca",
    "color" : "#FF00FF",
    "position" : {
      "x" : -11.09017,
      "y" : -15.326238,
      "z" : 0.0
    },
    "orientation" : 55
  }, {
    "shape" : "6614f100-2f45-45db-a240-f6b00458bdca",
    "color" : "#00FFFF",
    "position" : {
      "x" : -17.944271,
      "y" : 26.416409,
      "z" : -4.236068
    },
    "orientation" : 22
  }, {
    "shape" : "6614f100-2f45-45db-a240-f6b00458bdca",
    "color" : "#CCFF00",
    "position" : {
      "x" : -8.472136,
      "y" : 11.09017,
      "z" : -29.034441
    },
    "orientation" : 22
  }, {
    "shape" : "6614f100-2f45-45db-a240-f6b00458bdca",
    "color" : "#00FFFF",
    "position" : {
      "x" : 22.18034,
      "y" : -11.09017,
      "z" : 20.562305
    },
    "orientation" : 6
  }, {
    "shape" : "6614f100-2f45-45db-a240-f6b00458bdca",
    "color" : "#CCFF00",
    "position" : {
      "x" : -19.562305,
      "y" : 6.854102,
      "z" : -13.708204
    },
    "orientation" : 21
  }, {
    "shape" : "6614f100-2f45-45db-a240-f6b00458bdca",
    "color" : "#00FFFF",
    "position" : {
      "x" : -17.944271,
      "y" : 26.416409,
      "z" : -4.236068
    },
    "orientation" : 23
  }, {
    "shape" : "1e877649-3eca-432f-919e-03c0bd4a0e27",
    "color" : "#FF00FF",
    "position" : {
      "x" : -4.236068,
      "y" : 4.236068,
      "z" : -17.944271
    },
    "orientation" : 55
  }, {
    "shape" : "6614f100-2f45-45db-a240-f6b00458bdca",
    "color" : "#00FFFF",
    "position" : {
      "x" : 17.944271,
      "y" : 26.416409,
      "z" : -4.236068
    },
    "orientation" : 2
  }, {
    "shape" : "6614f100-2f45-45db-a240-f6b00458bdca",
    "color" : "#FF00FF",
    "position" : {
      "x" : 17.944271,
      "y" : -4.236068,
      "z" : 4.236068
    },
    "orientation" : 1
  }, {
    "shape" : "6614f100-2f45-45db-a240-f6b00458bdca",
    "color" : "#CCFF00",
    "position" : {
      "x" : -26.416409,
      "y" : -4.236068,
      "z" : -31.652475
    },
    "orientation" : 26
  }, {
    "shape" : "6614f100-2f45-45db-a240-f6b00458bdca",
    "color" : "#00FFFF",
    "position" : {
      "x" : 4.236068,
      "y" : -31.652475,
      "z" : -4.236068
    },
    "orientation" : 45
  }, {
    "shape" : "6614f100-2f45-45db-a240-f6b00458bdca",
    "color" : "#CCFF00",
    "position" : {
      "x" : -19.562305,
      "y" : -6.854102,
      "z" : -13.708204
    },
    "orientation" : 9
  }, {
    "shape" : "6614f100-2f45-45db-a240-f6b00458bdca",
    "color" : "#00FFFF",
    "position" : {
      "x" : -31.652475,
      "y" : -4.236068,
      "z" : -4.236068
    },
    "orientation" : 2
  }, {
    "shape" : "6614f100-2f45-45db-a240-f6b00458bdca",
    "color" : "#FF00FF",
    "position" : {
      "x" : 17.944271,
      "y" : -4.236068,
      "z" : 4.236068
    },
    "orientation" : 7
  }, {
    "shape" : "f042b64e-a1ad-4d8c-8fe7-be908136a96e",
    "color" : "#00FFFF",
    "position" : {
      "x" : 13.708204,
      "y" : -24.798374,
      "z" : 15.326238
    }
  }, {
    "shape" : "f042b64e-a1ad-4d8c-8fe7-be908136a96e",
    "color" : "#FF00FF",
    "position" : {
      "x" : 0.0,
      "y" : 11.09017,
      "z" : -15.326238
    }
  }, {
    "shape" : "8b1e48ef-e065-4deb-acf2-6ccc2d6c1a9f",
    "color" : "#CCFF00",
    "position" : {
      "x" : -19.562305,
      "y" : -6.854102,
      "z" : -13.708204
    },
    "orientation" : 46
  }, {
    "shape" : "caf425e8-3b0d-44c0-a453-f0cd69fa5b64",
    "color" : "#00FFFF",
    "position" : {
      "x" : 26.416409,
      "y" : 4.236068,
      "z" : 17.944271
    },
    "orientation" : 8
  }, {
    "shape" : "f042b64e-a1ad-4d8c-8fe7-be908136a96e",
    "color" : "#00FFFF",
    "position" : {
      "x" : 26.416409,
      "y" : 4.236068,
      "z" : -17.944271
    }
  }, {
    "shape" : "4b9a8556-f954-4547-b9b2-ae23b92517b9",
    "color" : "#00FFFF",
    "position" : {
      "x" : 4.236068,
      "y" : 17.944271,
      "z" : -26.416409
    },
    "orientation" : 17
  }, {
    "shape" : "6614f100-2f45-45db-a240-f6b00458bdca",
    "color" : "#00FFFF",
    "position" : {
      "x" : -29.034441,
      "y" : -8.472136,
      "z" : 11.09017
    },
    "orientation" : 21
  }, {
    "shape" : "6614f100-2f45-45db-a240-f6b00458bdca",
    "color" : "#FF00FF",
    "position" : {
      "x" : 0.0,
      "y" : 11.09017,
      "z" : -15.326238
    },
    "orientation" : 11
  }, {
    "shape" : "f042b64e-a1ad-4d8c-8fe7-be908136a96e",
    "color" : "#00FFFF",
    "position" : {
      "x" : -17.944271,
      "y" : -26.416409,
      "z" : -4.236068
    }
  }, {
    "shape" : "f042b64e-a1ad-4d8c-8fe7-be908136a96e",
    "color" : "#FF00FF",
    "position" : {
      "x" : 4.236068,
      "y" : 4.236068,
      "z" : 17.944271
    }
  }, {
    "shape" : "f042b64e-a1ad-4d8c-8fe7-be908136a96e",
    "color" : "#00FFFF",
    "position" : {
      "x" : -13.708204,
      "y" : -24.798374,
      "z" : -15.326238
    }
  }, {
    "shape" : "6614f100-2f45-45db-a240-f6b00458bdca",
    "color" : "#00FFFF",
    "position" : {
      "x" : 11.09017,
      "y" : -20.562305,
      "z" : -22.18034
    },
    "orientation" : 56
  }, {
    "shape" : "6614f100-2f45-45db-a240-f6b00458bdca",
    "color" : "#00FFFF",
    "position" : {
      "x" : 17.944271,
      "y" : 26.416409,
      "z" : 4.236068
    },
    "orientation" : 38
  }, {
    "shape" : "f042b64e-a1ad-4d8c-8fe7-be908136a96e",
    "color" : "#FF00FF",
    "position" : {
      "x" : 4.236068,
      "y" : 4.236068,
      "z" : -17.944271
    }
  }, {
    "shape" : "4b9a8556-f954-4547-b9b2-ae23b92517b9",
    "color" : "#00FFFF",
    "position" : {
      "x" : -22.18034,
      "y" : -11.09017,
      "z" : 20.562305
    },
    "orientation" : 39
  }, {
    "shape" : "2d817e46-9886-48de-8375-8dccd289b52a",
    "color" : "#CCFF00",
    "position" : {
      "x" : -22.18034,
      "y" : 11.09017,
      "z" : -29.034441
    },
    "orientation" : 45
  }, {
    "shape" : "6614f100-2f45-45db-a240-f6b00458bdca",
    "color" : "#00FFFF",
    "position" : {
      "x" : 11.09017,
      "y" : -29.034441,
      "z" : 8.472136
    },
    "orientation" : 53
  }, {
    "shape" : "b5997022-10b6-49a0-ae8b-fd621dc6e715",
    "color" : "#CCFF00",
    "position" : {
      "x" : -4.236068,
      "y" : 4.236068,
      "z" : -31.652475
    },
    "orientation" : 17
  }, {
    "shape" : "f042b64e-a1ad-4d8c-8fe7-be908136a96e",
    "color" : "#CCFF00",
    "position" : {
      "x" : -19.562305,
      "y" : 6.854102,
      "z" : -35.888542
    }
  }, {
    "shape" : "6614f100-2f45-45db-a240-f6b00458bdca",
    "color" : "#00FFFF",
    "position" : {
      "x" : -11.09017,
      "y" : 29.034441,
      "z" : -8.472136
    },
    "orientation" : 11
  }, {
    "shape" : "f042b64e-a1ad-4d8c-8fe7-be908136a96e",
    "color" : "#CCFF00",
    "position" : {
      "x" : -8.472136,
      "y" : 11.09017,
      "z" : -20.562305
    }
  }, {
    "shape" : "f042b64e-a1ad-4d8c-8fe7-be908136a96e",
    "color" : "#FF00FF",
    "position" : {
      "x" : 4.236068,
      "y" : 17.944271,
      "z" : -4.236068
    }
  }, {
    "shape" : "0b1dec05-e09c-48a2-91a4-09d693e57720",
    "color" : "#CCFF00",
    "position" : {
      "x" : -1.618034,
      "y" : 0.0,
      "z" : -24.798374
    },
    "orientation" : 0
  }, {
    "shape" : "e0c7cbcb-3d62-452c-80f4-d5b3fbe48163",
    "color" : "#CCFF00",
    "position" : {
      "x" : -8.472136,
      "y" : -11.09017,
      "z" : -20.562305
    },
    "orientation" : 45
  }, {
    "shape" : "f042b64e-a1ad-4d8c-8fe7-be908136a96e",
    "color" : "#00FFFF",
    "position" : {
      "x" : 29.034441,
      "y" : -8.472136,
      "z" : 11.09017
    }
  }, {
    "shape" : "6614f100-2f45-45db-a240-f6b00458bdca",
    "color" : "#00FFFF",
    "position" : {
      "x" : 11.09017,
      "y" : -29.034441,
      "z" : 8.472136
    },
    "orientation" : 23
  }, {
    "shape" : "6c8ccf4b-4d11-49a1-ac19-980c64de5664",
    "color" : "#00FFFF",
    "position" : {
      "x" : -26.416409,
      "y" : 4.236068,
      "z" : 17.944271
    },
    "orientation" : 38
  }, {
    "shape" : "6614f100-2f45-45db-a240-f6b00458bdca",
    "color" : "#FF00FF",
    "position" : {
      "x" : 13.708204,
      "y" : 11.09017,
      "z" : 6.854102
    },
    "orientation" : 24
  }, {
    "shape" : "f042b64e-a1ad-4d8c-8fe7-be908136a96e",
    "color" : "#00FFFF",
    "position" : {
      "x" : -20.562305,
      "y" : 22.18034,
      "z" : -11.09017
    }
  }, {
    "shape" : "f042b64e-a1ad-4d8c-8fe7-be908136a96e",
    "color" : "#00FFFF",
    "position" : {
      "x" : 4.236068,
      "y" : -4.236068,
      "z" : 31.652475
    }
  }, {
    "shape" : "6614f100-2f45-45db-a240-f6b00458bdca",
    "color" : "#00FFFF",
    "position" : {
      "x" : -13.708204,
      "y" : -24.798374,
      "z" : 15.326238
    },
