{
  "polygons" : "true",
  "field" : "golden",
  "symmetry" : "icosahedral",
  "orientations" : [ [ 1.0, 0.0, 0.0, 0.0, 0.0, 1.0, 0.0, 0.0, 0.0, 0.0, 1.0, 0.0, 0.0, 0.0, 0.0, 1.0 ], [ 0.0, 0.0, 1.0, 0.0, 1.0, 0.0, 0.0, 0.0, 0.0, 1.0, 0.0, 0.0, 0.0, 0.0, 0.0, 1.0 ], [ 0.0, 1.0, 0.0, 0.0, 0.0, 0.0, 1.0, 0.0, 1.0, 0.0, 0.0, 0.0, 0.0, 0.0, 0.0, 1.0 ], [ 0.809017, 0.309017, 0.5, 0.0, 0.309017, 0.5, -0.809017, 0.0, -0.5, 0.809017, 0.309017, 0.0, 0.0, 0.0, 0.0, 1.0 ], [ -0.5, 0.809017, 0.309017, 0.0, 0.809017, 0.309017, 0.5, 0.0, 0.309017, 0.5, -0.809017, 0.0, 0.0, 0.0, 0.0, 1.0 ], [ 0.309017, 0.5, -0.809017, 0.0, -0.5, 0.809017, 0.309017, 0.0, 0.809017, 0.309017, 0.5, 0.0, 0.0, 0.0, 0.0, 1.0 ], [ 0.5, 0.809017, 0.309017, 0.0, 0.809017, -0.309017, -0.5, 0.0, -0.309017, 0.5, -0.809017, 0.0, 0.0, 0.0, 0.0, 1.0 ], [ -0.309017, 0.5, -0.809017, 0.0, 0.5, 0.809017, 0.309017, 0.0, 0.809017, -0.309017, -0.5, 0.0, 0.0, 0.0, 0.0, 1.0 ], [ 0.809017, -0.309017, -0.5, 0.0, -0.309017, 0.5, -0.809017, 0.0, 0.5, 0.809017, 0.309017, 0.0, 0.0, 0.0, 0.0, 1.0 ], [ 0.5, 0.809017, -0.309017, 0.0, 0.809017, -0.309017, 0.5, 0.0, 0.309017, -0.5, -0.809017, 0.0, 0.0, 0.0, 0.0, 1.0 ], [ 0.309017, -0.5, -0.809017, 0.0, 0.5, 0.809017, -0.309017, 0.0, 0.809017, -0.309017, 0.5, 0.0, 0.0, 0.0, 0.0, 1.0 ], [ 0.809017, -0.309017, 0.5, 0.0, 0.309017, -0.5, -0.809017, 0.0, 0.5, 0.809017, -0.309017, 0.0, 0.0, 0.0, 0.0, 1.0 ], [ 0.809017, 0.309017, -0.5, 0.0, 0.309017, 0.5, 0.809017, 0.0, 0.5, -0.809017, 0.309017, 0.0, 0.0, 0.0, 0.0, 1.0 ], [ 0.5, -0.809017, 0.309017, 0.0, 0.809017, 0.309017, -0.5, 0.0, 0.309017, 0.5, 0.809017, 0.0, 0.0, 0.0, 0.0, 1.0 ], [ 0.309017, 0.5, 0.809017, 0.0, 0.5, -0.809017, 0.309017, 0.0, 0.809017, 0.309017, -0.5, 0.0, 0.0, 0.0, 0.0, 1.0 ], [ 1.0, 0.0, 0.0, 0.0, 0.0, -1.0, 0.0, 0.0, 0.0, 0.0, -1.0, 0.0, 0.0, 0.0, 0.0, 1.0 ], [ 0.0, 0.0, 1.0, 0.0, -1.0, 0.0, 0.0, 0.0, 0.0, -1.0, 0.0, 0.0, 0.0, 0.0, 0.0, 1.0 ], [ 0.0, 1.0, 0.0, 0.0, 0.0, 0.0, -1.0, 0.0, -1.0, 0.0, 0.0, 0.0, 0.0, 0.0, 0.0, 1.0 ], [ 0.809017, 0.309017, 0.5, 0.0, -0.309017, -0.5, 0.809017, 0.0, 0.5, -0.809017, -0.309017, 0.0, 0.0, 0.0, 0.0, 1.0 ], [ -0.5, 0.809017, 0.309017, 0.0, -0.809017, -0.309017, -0.5, 0.0, -0.309017, -0.5, 0.809017, 0.0, 0.0, 0.0, 0.0, 1.0 ], [ 0.309017, 0.5, -0.809017, 0.0, 0.5, -0.809017, -0.309017, 0.0, -0.809017, -0.309017, -0.5, 0.0, 0.0, 0.0, 0.0, 1.0 ], [ 0.5, 0.809017, 0.309017, 0.0, -0.809017, 0.309017, 0.5, 0.0, 0.309017, -0.5, 0.809017, 0.0, 0.0, 0.0, 0.0, 1.0 ], [ -0.309017, 0.5, -0.809017, 0.0, -0.5, -0.809017, -0.309017, 0.0, -0.809017, 0.309017, 0.5, 0.0, 0.0, 0.0, 0.0, 1.0 ], [ 0.809017, -0.309017, -0.5, 0.0, 0.309017, -0.5, 0.809017, 0.0, -0.5, -0.809017, -0.309017, 0.0, 0.0, 0.0, 0.0, 1.0 ], [ 0.5, 0.809017, -0.309017, 0.0, -0.809017, 0.309017, -0.5, 0.0, -0.309017, 0.5, 0.809017, 0.0, 0.0, 0.0, 0.0, 1.0 ], [ 0.309017, -0.5, -0.809017, 0.0, -0.5, -0.809017, 0.309017, 0.0, -0.809017, 0.309017, -0.5, 0.0, 0.0, 0.0, 0.0, 1.0 ], [ 0.809017, -0.309017, 0.5, 0.0, -0.309017, 0.5, 0.809017, 0.0, -0.5, -0.809017, 0.309017, 0.0, 0.0, 0.0, 0.0, 1.0 ], [ 0.809017, 0.309017, -0.5, 0.0, -0.309017, -0.5, -0.809017, 0.0, -0.5, 0.809017, -0.309017, 0.0, 0.0, 0.0, 0.0, 1.0 ], [ 0.5, -0.809017, 0.309017, 0.0, -0.809017, -0.309017, 0.5, 0.0, -0.309017, -0.5, -0.809017, 0.0, 0.0, 0.0, 0.0, 1.0 ], [ 0.309017, 0.5, 0.809017, 0.0, -0.5, 0.809017, -0.309017, 0.0, -0.809017, -0.309017, 0.5, 0.0, 0.0, 0.0, 0.0, 1.0 ], [ -1.0, 0.0, 0.0, 0.0, 0.0, -1.0, 0.0, 0.0, 0.0, 0.0, 1.0, 0.0, 0.0, 0.0, 0.0, 1.0 ], [ 0.0, 0.0, -1.0, 0.0, -1.0, 0.0, 0.0, 0.0, 0.0, 1.0, 0.0, 0.0, 0.0, 0.0, 0.0, 1.0 ], [ 0.0, -1.0, 0.0, 0.0, 0.0, 0.0, -1.0, 0.0, 1.0, 0.0, 0.0, 0.0, 0.0, 0.0, 0.0, 1.0 ], [ -0.809017, -0.309017, -0.5, 0.0, -0.309017, -0.5, 0.809017, 0.0, -0.5, 0.809017, 0.309017, 0.0, 0.0, 0.0, 0.0, 1.0 ], [ 0.5, -0.809017, -0.309017, 0.0, -0.809017, -0.309017, -0.5, 0.0, 0.309017, 0.5, -0.809017, 0.0, 0.0, 0.0, 0.0, 1.0 ], [ -0.309017, -0.5, 0.809017, 0.0, 0.5, -0.809017, -0.309017, 0.0, 0.809017, 0.309017, 0.5, 0.0, 0.0, 0.0, 0.0, 1.0 ], [ -0.5, -0.809017, -0.309017, 0.0, -0.809017, 0.309017, 0.5, 0.0, -0.309017, 0.5, -0.809017, 0.0, 0.0, 0.0, 0.0, 1.0 ], [ 0.309017, -0.5, 0.809017, 0.0, -0.5, -0.809017, -0.309017, 0.0, 0.809017, -0.309017, -0.5, 0.0, 0.0, 0.0, 0.0, 1.0 ], [ -0.809017, 0.309017, 0.5, 0.0, 0.309017, -0.5, 0.809017, 0.0, 0.5, 0.809017, 0.309017, 0.0, 0.0, 0.0, 0.0, 1.0 ], [ -0.5, -0.809017, 0.309017, 0.0, -0.809017, 0.309017, -0.5, 0.0, 0.309017, -0.5, -0.809017, 0.0, 0.0, 0.0, 0.0, 1.0 ], [ -0.309017, 0.5, 0.809017, 0.0, -0.5, -0.809017, 0.309017, 0.0, 0.809017, -0.309017, 0.5, 0.0, 0.0, 0.0, 0.0, 1.0 ], [ -0.809017, 0.309017, -0.5, 0.0, -0.309017, 0.5, 0.809017, 0.0, 0.5, 0.809017, -0.309017, 0.0, 0.0, 0.0, 0.0, 1.0 ], [ -0.809017, -0.309017, 0.5, 0.0, -0.309017, -0.5, -0.809017, 0.0, 0.5, -0.809017, 0.309017, 0.0, 0.0, 0.0, 0.0, 1.0 ], [ -0.5, 0.809017, -0.309017, 0.0, -0.809017, -0.309017, 0.5, 0.0, 0.309017, 0.5, 0.809017, 0.0, 0.0, 0.0, 0.0, 1.0 ], [ -0.309017, -0.5, -0.809017, 0.0, -0.5, 0.809017, -0.309017, 0.0, 0.809017, 0.309017, -0.5, 0.0, 0.0, 0.0, 0.0, 1.0 ], [ -1.0, 0.0, 0.0, 0.0, 0.0, 1.0, 0.0, 0.0, 0.0, 0.0, -1.0, 0.0, 0.0, 0.0, 0.0, 1.0 ], [ 0.0, 0.0, -1.0, 0.0, 1.0, 0.0, 0.0, 0.0, 0.0, -1.0, 0.0, 0.0, 0.0, 0.0, 0.0, 1.0 ], [ 0.0, -1.0, 0.0, 0.0, 0.0, 0.0, 1.0, 0.0, -1.0, 0.0, 0.0, 0.0, 0.0, 0.0, 0.0, 1.0 ], [ -0.809017, -0.309017, -0.5, 0.0, 0.309017, 0.5, -0.809017, 0.0, 0.5, -0.809017, -0.309017, 0.0, 0.0, 0.0, 0.0, 1.0 ], [ 0.5, -0.809017, -0.309017, 0.0, 0.809017, 0.309017, 0.5, 0.0, -0.309017, -0.5, 0.809017, 0.0, 0.0, 0.0, 0.0, 1.0 ], [ -0.309017, -0.5, 0.809017, 0.0, -0.5, 0.809017, 0.309017, 0.0, -0.809017, -0.309017, -0.5, 0.0, 0.0, 0.0, 0.0, 1.0 ], [ -0.5, -0.809017, -0.309017, 0.0, 0.809017, -0.309017, -0.5, 0.0, 0.309017, -0.5, 0.809017, 0.0, 0.0, 0.0, 0.0, 1.0 ], [ 0.309017, -0.5, 0.809017, 0.0, 0.5, 0.809017, 0.309017, 0.0, -0.809017, 0.309017, 0.5, 0.0, 0.0, 0.0, 0.0, 1.0 ], [ -0.809017, 0.309017, 0.5, 0.0, -0.309017, 0.5, -0.809017, 0.0, -0.5, -0.809017, -0.309017, 0.0, 0.0, 0.0, 0.0, 1.0 ], [ -0.5, -0.809017, 0.309017, 0.0, 0.809017, -0.309017, 0.5, 0.0, -0.309017, 0.5, 0.809017, 0.0, 0.0, 0.0, 0.0, 1.0 ], [ -0.309017, 0.5, 0.809017, 0.0, 0.5, 0.809017, -0.309017, 0.0, -0.809017, 0.309017, -0.5, 0.0, 0.0, 0.0, 0.0, 1.0 ], [ -0.809017, 0.309017, -0.5, 0.0, 0.309017, -0.5, -0.809017, 0.0, -0.5, -0.809017, 0.309017, 0.0, 0.0, 0.0, 0.0, 1.0 ], [ -0.809017, -0.309017, 0.5, 0.0, 0.309017, 0.5, 0.809017, 0.0, -0.5, 0.809017, -0.309017, 0.0, 0.0, 0.0, 0.0, 1.0 ], [ -0.5, 0.809017, -0.309017, 0.0, 0.809017, 0.309017, -0.5, 0.0, -0.309017, -0.5, -0.809017, 0.0, 0.0, 0.0, 0.0, 1.0 ], [ -0.309017, -0.5, -0.809017, 0.0, 0.5, -0.809017, 0.309017, 0.0, -0.809017, -0.309017, 0.5, 0.0, 0.0, 0.0, 0.0, 1.0 ] ],
  "lights" : {
    "directionalLights" : [ {
      "direction" : [ 1.0, -1.0, -1.0 ],
      "color" : "#EBEBE4"
    }, {
      "direction" : [ -1.0, 0.0, 0.0 ],
      "color" : "#E4E4EB"
    }, {
      "direction" : [ 0.0, 0.0, -1.0 ],
      "color" : "#1E1E1E"
    } ],
    "backgroundColor" : "#AFC8DC",
    "ambientColor" : "#292929"
  },
  "camera" : {
    "position" : {
      "x" : 261.6809,
      "y" : -161.72769,
      "z" : 0.0
    },
    "width" : 138.43102,
    "perspective" : false,
    "fieldOfView" : 0.44262904,
    "viewDistance" : 307.62436,
    "lookAtPointRV" : {
      "x" : 0.0,
      "y" : 0.0,
      "z" : 0.0,
      "zero" : true
    },
    "lookDirectionRV" : {
      "x" : -0.8506508,
      "y" : 0.5257311,
      "z" : 0.0,
      "zero" : false
    },
    "upDirectionRV" : {
      "x" : 0.16245985,
      "y" : 0.26286557,
      "z" : -0.9510565,
      "zero" : false
    },
    "lookDirection" : {
      "x" : -0.8506508,
      "y" : 0.5257311,
      "z" : 0.0
    },
    "lookAtPoint" : {
      "x" : 0.0,
      "y" : 0.0,
      "z" : 0.0
    },
    "upDirection" : {
      "x" : 0.16245985,
      "y" : 0.26286557,
      "z" : -0.9510565
    },
    "farClipDistance" : 615.24866,
    "stereo" : false,
    "nearClipDistance" : 0.76906097
  },
  "embedding" : [ 1.0, 0.0, 0.0, 0.0, 0.0, 1.0, 0.0, 0.0, 0.0, 0.0, 1.0, 0.0, 0.0, 0.0, 0.0, 1.0 ],
  "shapes" : [ {
    "id" : "e652dcaa-8852-40c7-8ff2-86c4a5b20e70",
    "orbit" : "blue",
    "orbitC" : "[[0,0,1],[0,0,1]]",
    "length" : "[1,1,1]",
    "name" : "b3",
    "vertices" : [ {
      "x" : 1.0,
      "y" : 0.309017,
      "z" : 0.19098301
    }, {
      "x" : 1.0,
      "y" : -0.309017,
      "z" : 0.19098301
    }, {
      "x" : 21.18034,
      "y" : -0.309017,
      "z" : 0.19098301
    }, {
      "x" : 21.18034,
      "y" : 0.309017,
      "z" : 0.19098301
    }, {
      "x" : 21.18034,
      "y" : -0.309017,
      "z" : -0.19098301
    }, {
      "x" : 21.18034,
      "y" : 0.309017,
      "z" : -0.19098301
    }, {
      "x" : 21.798374,
      "y" : 0.0,
      "z" : 0.0
    }, {
      "x" : 0.38196602,
      "y" : 0.0,
      "z" : 0.0
    }, {
      "x" : 1.0,
      "y" : 0.309017,
      "z" : -0.19098301
    }, {
      "x" : 1.0,
      "y" : -0.309017,
      "z" : -0.19098301
    }, {
      "x" : 22.18034,
      "y" : 0.0,
      "z" : 0.0
    } ],
    "faces" : [ {
      "vertices" : [ 1, 9, 4, 2 ]
    }, {
      "vertices" : [ 0, 3, 5, 8 ]
    }, {
      "vertices" : [ 1, 7, 9 ]
    }, {
      "vertices" : [ 0, 1, 2, 3 ]
    }, {
      "vertices" : [ 7, 8, 9 ]
    }, {
      "vertices" : [ 0, 7, 1 ]
    }, {
      "vertices" : [ 4, 9, 8, 5 ]
    }, {
      "vertices" : [ 2, 6, 3 ]
    }, {
      "vertices" : [ 2, 4, 6 ]
    }, {
      "vertices" : [ 3, 6, 5 ]
    }, {
      "vertices" : [ 4, 5, 6 ]
    }, {
      "vertices" : [ 0, 8, 7 ]
    } ]
  }, {
    "id" : "016567a7-76bf-48f9-9ea4-2447992532af",
    "orbit" : "blue",
    "orbitC" : "[[0,0,1],[0,0,1]]",
    "length" : "[1,0,1]",
    "name" : "b1",
    "vertices" : [ {
      "x" : 1.0,
      "y" : 0.309017,
      "z" : 0.19098301
    }, {
      "x" : 1.0,
      "y" : -0.309017,
      "z" : 0.19098301
    }, {
      "x" : 7.472136,
      "y" : -0.309017,
      "z" : 0.19098301
    }, {
      "x" : 7.472136,
      "y" : 0.309017,
      "z" : 0.19098301
    }, {
      "x" : 7.472136,
      "y" : -0.309017,
      "z" : -0.19098301
    }, {
      "x" : 7.472136,
      "y" : 0.309017,
      "z" : -0.19098301
    }, {
      "x" : 8.09017,
      "y" : 0.0,
      "z" : 0.0
    }, {
      "x" : 0.38196602,
      "y" : 0.0,
      "z" : 0.0
    }, {
      "x" : 1.0,
      "y" : 0.309017,
      "z" : -0.19098301
    }, {
      "x" : 1.0,
      "y" : -0.309017,
      "z" : -0.19098301
    }, {
      "x" : 8.472136,
      "y" : 0.0,
      "z" : 0.0
    } ],
    "faces" : [ {
      "vertices" : [ 1, 9, 4, 2 ]
    }, {
      "vertices" : [ 0, 3, 5, 8 ]
    }, {
      "vertices" : [ 1, 7, 9 ]
    }, {
      "vertices" : [ 0, 1, 2, 3 ]
    }, {
      "vertices" : [ 7, 8, 9 ]
    }, {
      "vertices" : [ 0, 7, 1 ]
    }, {
      "vertices" : [ 4, 9, 8, 5 ]
    }, {
      "vertices" : [ 2, 6, 3 ]
    }, {
      "vertices" : [ 2, 4, 6 ]
    }, {
      "vertices" : [ 3, 6, 5 ]
    }, {
      "vertices" : [ 4, 5, 6 ]
    }, {
      "vertices" : [ 0, 8, 7 ]
    } ]
  }, {
    "id" : "91f3607e-8516-454a-9d79-32de7c50e51f",
    "orbit" : "blue",
    "orbitC" : "[[0,0,1],[0,0,1]]",
    "length" : "[0,1,1]",
    "name" : "b2",
    "vertices" : [ {
      "x" : 1.0,
      "y" : 0.309017,
      "z" : 0.19098301
    }, {
      "x" : 1.0,
      "y" : -0.309017,
      "z" : 0.19098301
    }, {
      "x" : 12.708204,
      "y" : -0.309017,
      "z" : 0.19098301
    }, {
      "x" : 12.708204,
      "y" : 0.309017,
      "z" : 0.19098301
    }, {
      "x" : 12.708204,
      "y" : -0.309017,
      "z" : -0.19098301
    }, {
      "x" : 12.708204,
      "y" : 0.309017,
      "z" : -0.19098301
    }, {
      "x" : 13.326238,
      "y" : 0.0,
      "z" : 0.0
    }, {
      "x" : 0.38196602,
      "y" : 0.0,
      "z" : 0.0
    }, {
      "x" : 1.0,
      "y" : 0.309017,
      "z" : -0.19098301
    }, {
      "x" : 1.0,
      "y" : -0.309017,
      "z" : -0.19098301
    }, {
      "x" : 13.708204,
      "y" : 0.0,
      "z" : 0.0
    } ],
    "faces" : [ {
      "vertices" : [ 1, 9, 4, 2 ]
    }, {
      "vertices" : [ 0, 3, 5, 8 ]
    }, {
      "vertices" : [ 1, 7, 9 ]
    }, {
      "vertices" : [ 0, 1, 2, 3 ]
    }, {
      "vertices" : [ 7, 8, 9 ]
    }, {
      "vertices" : [ 0, 7, 1 ]
    }, {
      "vertices" : [ 4, 9, 8, 5 ]
    }, {
      "vertices" : [ 2, 6, 3 ]
    }, {
      "vertices" : [ 2, 4, 6 ]
    }, {
      "vertices" : [ 3, 6, 5 ]
    }, {
      "vertices" : [ 4, 5, 6 ]
    }, {
      "vertices" : [ 0, 8, 7 ]
    } ]
  }, {
    "id" : "1cfb192d-3934-40cc-ac92-c92d6f926fed",
    "orbit" : "blue",
    "orbitC" : "[[0,0,1],[0,0,1]]",
    "length" : "[-1,1,1]",
    "name" : "b0",
    "vertices" : [ {
      "x" : 1.0,
      "y" : 0.309017,
      "z" : 0.19098301
    }, {
      "x" : 1.0,
      "y" : -0.309017,
      "z" : 0.19098301
    }, {
      "x" : 4.236068,
      "y" : -0.309017,
      "z" : 0.19098301
    }, {
      "x" : 4.236068,
      "y" : 0.309017,
      "z" : 0.19098301
    }, {
      "x" : 4.236068,
      "y" : -0.309017,
      "z" : -0.19098301
    }, {
      "x" : 4.236068,
      "y" : 0.309017,
      "z" : -0.19098301
    }, {
      "x" : 4.854102,
      "y" : 0.0,
      "z" : 0.0
    }, {
      "x" : 0.38196602,
      "y" : 0.0,
      "z" : 0.0
    }, {
      "x" : 1.0,
      "y" : 0.309017,
      "z" : -0.19098301
    }, {
      "x" : 1.0,
      "y" : -0.309017,
      "z" : -0.19098301
    }, {
      "x" : 5.236068,
      "y" : 0.0,
      "z" : 0.0
    } ],
    "faces" : [ {
      "vertices" : [ 1, 9, 4, 2 ]
    }, {
      "vertices" : [ 0, 3, 5, 8 ]
    }, {
      "vertices" : [ 1, 7, 9 ]
    }, {
      "vertices" : [ 0, 1, 2, 3 ]
    }, {
      "vertices" : [ 7, 8, 9 ]
    }, {
      "vertices" : [ 0, 7, 1 ]
    }, {
      "vertices" : [ 4, 9, 8, 5 ]
    }, {
      "vertices" : [ 2, 6, 3 ]
    }, {
      "vertices" : [ 2, 4, 6 ]
    }, {
      "vertices" : [ 3, 6, 5 ]
    }, {
      "vertices" : [ 4, 5, 6 ]
    }, {
      "vertices" : [ 0, 8, 7 ]
    } ]
  }, {
    "id" : "985e4f0d-ff6d-4a2e-a2ad-349cd419a1f4",
    "name" : "ball",
    "vertices" : [ {
      "x" : -0.309017,
      "y" : -0.19098301,
      "z" : 0.0
    }, {
      "x" : -0.309017,
      "y" : 0.19098301,
      "z" : 0.0
    }, {
      "x" : -0.19098301,
      "y" : 0.0,
      "z" : -0.309017
    }, {
      "x" : -0.19098301,
      "y" : 0.0,
      "z" : 0.309017
    }, {
      "x" : 0.0,
      "y" : -0.309017,
      "z" : -0.19098301
    }, {
      "x" : 0.0,
      "y" : -0.309017,
      "z" : 0.19098301
    }, {
      "x" : 0.0,
      "y" : 0.309017,
      "z" : -0.19098301
    }, {
      "x" : 0.0,
      "y" : 0.309017,
      "z" : 0.19098301
    }, {
      "x" : 0.19098301,
      "y" : 0.0,
      "z" : -0.309017
    }, {
      "x" : 0.19098301,
      "y" : 0.0,
      "z" : 0.309017
    }, {
      "x" : 0.309017,
      "y" : -0.19098301,
      "z" : 0.0
    }, {
      "x" : 0.309017,
      "y" : 0.19098301,
      "z" : 0.0
    } ],
    "faces" : [ {
      "vertices" : [ 0, 1, 2 ]
    }, {
      "vertices" : [ 0, 3, 1 ]
    }, {
      "vertices" : [ 0, 2, 4 ]
    }, {
      "vertices" : [ 0, 5, 3 ]
    }, {
      "vertices" : [ 0, 4, 5 ]
    }, {
      "vertices" : [ 1, 6, 2 ]
    }, {
      "vertices" : [ 1, 3, 7 ]
    }, {
      "vertices" : [ 1, 7, 6 ]
    }, {
      "vertices" : [ 2, 8, 4 ]
    }, {
      "vertices" : [ 2, 6, 8 ]
    }, {
      "vertices" : [ 3, 5, 9 ]
    }, {
      "vertices" : [ 3, 9, 7 ]
    }, {
      "vertices" : [ 4, 10, 5 ]
    }, {
      "vertices" : [ 4, 8, 10 ]
    }, {
      "vertices" : [ 5, 10, 9 ]
    }, {
      "vertices" : [ 6, 7, 11 ]
    }, {
      "vertices" : [ 6, 11, 8 ]
    }, {
      "vertices" : [ 7, 9, 11 ]
    }, {
      "vertices" : [ 8, 11, 10 ]
    }, {
      "vertices" : [ 9, 10, 11 ]
    } ]
  }, {
    "id" : "9389bf83-6974-4433-bde6-5a6b7cb0bc38",
    "orbit" : "blue",
    "orbitC" : "[[0,0,1],[0,0,1]]",
    "length" : "[1,2,1]",
    "name" : " :1 +2*phi",
    "vertices" : [ {
      "x" : 1.0,
      "y" : 0.309017,
      "z" : 0.19098301
    }, {
      "x" : 1.0,
      "y" : -0.309017,
      "z" : 0.19098301
    }, {
      "x" : 34.888542,
      "y" : -0.309017,
      "z" : 0.19098301
    }, {
      "x" : 34.888542,
      "y" : 0.309017,
      "z" : 0.19098301
    }, {
      "x" : 34.888542,
      "y" : -0.309017,
      "z" : -0.19098301
    }, {
      "x" : 34.888542,
      "y" : 0.309017,
      "z" : -0.19098301
    }, {
      "x" : 35.506577,
      "y" : 0.0,
      "z" : 0.0
    }, {
      "x" : 0.38196602,
      "y" : 0.0,
      "z" : 0.0
    }, {
      "x" : 1.0,
      "y" : 0.309017,
      "z" : -0.19098301
    }, {
      "x" : 1.0,
      "y" : -0.309017,
      "z" : -0.19098301
    }, {
      "x" : 35.888542,
      "y" : 0.0,
      "z" : 0.0
    } ],
    "faces" : [ {
      "vertices" : [ 1, 9, 4, 2 ]
    }, {
      "vertices" : [ 0, 3, 5, 8 ]
    }, {
      "vertices" : [ 1, 7, 9 ]
    }, {
      "vertices" : [ 0, 1, 2, 3 ]
    }, {
      "vertices" : [ 7, 8, 9 ]
    }, {
      "vertices" : [ 0, 7, 1 ]
    }, {
      "vertices" : [ 4, 9, 8, 5 ]
    }, {
      "vertices" : [ 2, 6, 3 ]
    }, {
      "vertices" : [ 2, 4, 6 ]
    }, {
      "vertices" : [ 3, 6, 5 ]
    }, {
      "vertices" : [ 4, 5, 6 ]
    }, {
      "vertices" : [ 0, 8, 7 ]
    } ]
  } ],
  "instances" : [ {
    "shape" : "e652dcaa-8852-40c7-8ff2-86c4a5b20e70",
    "color" : "#008EC2",
    "position" : {
      "x" : -46.978714,
      "y" : -11.09017,
      "z" : -11.09017
    },
    "orientation" : 0
  }, {
    "shape" : "016567a7-76bf-48f9-9ea4-2447992532af",
    "color" : "#008EC2",
    "position" : {
      "x" : -6.854102,
      "y" : -40.12461,
      "z" : -22.18034
    },
    "orientation" : 10
  }, {
    "shape" : "91f3607e-8516-454a-9d79-32de7c50e51f",
    "color" : "#008EC2",
    "position" : {
      "x" : -35.888542,
      "y" : -29.034441,
      "z" : -4.236068
    },
    "orientation" : 0
  }, {
    "shape" : "e652dcaa-8852-40c7-8ff2-86c4a5b20e70",
    "color" : "#008EC2",
    "position" : {
      "x" : 29.034441,
      "y" : 58.068882,
      "z" : 11.09017
    },
    "orientation" : 25
  }, {
    "shape" : "e652dcaa-8852-40c7-8ff2-86c4a5b20e70",
    "color" : "#008EC2",
    "position" : {
      "x" : -11.09017,
      "y" : 29.034441,
      "z" : 22.18034
    },
    "orientation" : 23
  }, {
    "shape" : "1cfb192d-3934-40cc-ac92-c92d6f926fed",
    "color" : "#008EC2",
    "position" : {
      "x" : 13.708204,
      "y" : 33.27051,
      "z" : 6.854102
    },
    "orientation" : 10
  }, {
    "shape" : "91f3607e-8516-454a-9d79-32de7c50e51f",
    "color" : "#008EC2",
    "position" : {
      "x" : -17.944271,
      "y" : -35.888542,
      "z" : -15.326238
    },
    "orientation" : 26
  }, {
    "shape" : "016567a7-76bf-48f9-9ea4-2447992532af",
    "color" : "#008EC2",
    "position" : {
      "x" : 11.09017,
      "y" : 29.034441,
      "z" : 22.18034
    },
    "orientation" : 52
  }, {
    "shape" : "91f3607e-8516-454a-9d79-32de7c50e51f",
    "color" : "#008EC2",
    "position" : {
      "x" : -24.798374,
      "y" : -11.09017,
      "z" : -11.09017
    },
    "orientation" : 21
  }, {
    "shape" : "016567a7-76bf-48f9-9ea4-2447992532af",
    "color" : "#008EC2",
    "position" : {
      "x" : -24.798374,
      "y" : -24.798374,
      "z" : -11.09017
    },
    "orientation" : 23
  }, {
    "shape" : "985e4f0d-ff6d-4a2e-a2ad-349cd419a1f4",
    "color" : "#FFFFFF",
    "position" : {
      "x" : -11.09017,
      "y" : -46.978714,
      "z" : -11.09017
    }
  }, {
    "shape" : "91f3607e-8516-454a-9d79-32de7c50e51f",
    "color" : "#008EC2",
    "position" : {
      "x" : -29.034441,
      "y" : -17.944271,
      "z" : -22.18034
    },
    "orientation" : 10
  }, {
    "shape" : "91f3607e-8516-454a-9d79-32de7c50e51f",
    "color" : "#008EC2",
    "position" : {
      "x" : 24.798374,
      "y" : 6.854102,
      "z" : 22.18034
    },
    "orientation" : 25
  }, {
    "shape" : "9389bf83-6974-4433-bde6-5a6b7cb0bc38",
    "color" : "#008EC2",
    "position" : {
      "x" : -46.978714,
      "y" : -46.978714,
      "z" : -11.09017
    },
    "orientation" : 1
  }, {
    "shape" : "016567a7-76bf-48f9-9ea4-2447992532af",
    "color" : "#008EC2",
    "position" : {
      "x" : -31.652475,
      "y" : -22.18034,
      "z" : -6.854102
    },
    "orientation" : 10
  }, {
    "shape" : "e652dcaa-8852-40c7-8ff2-86c4a5b20e70",
    "color" : "#008EC2",
    "position" : {
      "x" : 29.034441,
      "y" : 22.18034,
      "z" : 11.09017
    },
    "orientation" : 25
  }, {
    "shape" : "1cfb192d-3934-40cc-ac92-c92d6f926fed",
    "color" : "#008EC2",
    "position" : {
      "x" : -20.562305,
      "y" : -17.944271,
      "z" : -22.18034
    },
    "orientation" : 0
  }, {
    "shape" : "985e4f0d-ff6d-4a2e-a2ad-349cd419a1f4",
    "color" : "#00CCCC",
    "position" : {
      "x" : -17.944271,
      "y" : -13.708204,
      "z" : -15.326238
    }
  }, {
    "shape" : "91f3607e-8516-454a-9d79-32de7c50e51f",
    "color" : "#008EC2",
    "position" : {
      "x" : -11.09017,
      "y" : 29.034441,
      "z" : 0.0
    },
    "orientation" : 21
  }, {
    "shape" : "e652dcaa-8852-40c7-8ff2-86c4a5b20e70",
    "color" : "#008EC2",
    "position" : {
      "x" : 6.854102,
      "y" : 0.0,
      "z" : 11.09017
    },
    "orientation" : 1
  }, {
    "shape" : "016567a7-76bf-48f9-9ea4-2447992532af",
    "color" : "#008EC2",
    "position" : {
      "x" : -2.618034,
      "y" : -33.27051,
      "z" : -11.09017
    },
    "orientation" : 52
  }, {
    "shape" : "9389bf83-6974-4433-bde6-5a6b7cb0bc38",
    "color" : "#008EC2",
    "position" : {
      "x" : -17.944271,
      "y" : 0.0,
      "z" : -29.034441
    },
    "orientation" : 8
  }, {
    "shape" : "016567a7-76bf-48f9-9ea4-2447992532af",
    "color" : "#008EC2",
    "position" : {
      "x" : 6.854102,
      "y" : 22.18034,
      "z" : 11.09017
    },
    "orientation" : 0
  }, {
    "shape" : "91f3607e-8516-454a-9d79-32de7c50e51f",
    "color" : "#008EC2",
    "position" : {
      "x" : 0.0,
      "y" : 46.978714,
      "z" : 6.854102
    },
    "orientation" : 9
  }, {
    "shape" : "e652dcaa-8852-40c7-8ff2-86c4a5b20e70",
    "color" : "#008EC2",
    "position" : {
      "x" : 29.034441,
      "y" : 58.068882,
      "z" : 11.09017
    },
    "orientation" : 37
  }, {
    "shape" : "1cfb192d-3934-40cc-ac92-c92d6f926fed",
    "color" : "#008EC2",
    "position" : {
      "x" : -6.854102,
      "y" : -17.944271,
      "z" : -8.472136
    },
    "orientation" : 21
  }, {
    "shape" : "016567a7-76bf-48f9-9ea4-2447992532af",
    "color" : "#008EC2",
    "position" : {
      "x" : 15.326238,
      "y" : 35.888542,
      "z" : 11.09017
    },
    "orientation" : 10
  }, {
    "shape" : "91f3607e-8516-454a-9d79-32de7c50e51f",
    "color" : "#008EC2",
    "position" : {
      "x" : 24.798374,
      "y" : 29.034441,
      "z" : 22.18034
    },
    "orientation" : 52
  }, {
    "shape" : "985e4f0d-ff6d-4a2e-a2ad-349cd419a1f4",
    "color" : "#00CCCC",
    "position" : {
      "x" : 35.888542,
      "y" : 11.09017,
      "z" : 6.854102
    }
  }, {
    "shape" : "985e4f0d-ff6d-4a2e-a2ad-349cd419a1f4",
    "color" : "#00CCCC",
    "position" : {
      "x" : -29.034441,
      "y" : -31.652475,
      "z" : 0.0
    }
  }, {
    "shape" : "985e4f0d-ff6d-4a2e-a2ad-349cd419a1f4",
    "color" : "#00CCCC",
    "position" : {
      "x" : -6.854102,
      "y" : -31.652475,
      "z" : -22.18034
    }
  }, {
    "shape" : "9389bf83-6974-4433-bde6-5a6b7cb0bc38",
    "color" : "#008EC2",
    "position" : {
      "x" : -46.978714,
      "y" : -46.978714,
      "z" : -11.09017
    },
    "orientation" : 52
  }, {
    "shape" : "985e4f0d-ff6d-4a2e-a2ad-349cd419a1f4",
    "color" : "#FFFFFF",
    "position" : {
      "x" : 24.798374,
      "y" : 29.034441,
      "z" : 0.0
    }
  }, {
    "shape" : "016567a7-76bf-48f9-9ea4-2447992532af",
    "color" : "#008EC2",
    "position" : {
      "x" : 15.326238,
      "y" : 22.18034,
      "z" : 11.09017
    },
    "orientation" : 37
  }, {
    "shape" : "e652dcaa-8852-40c7-8ff2-86c4a5b20e70",
    "color" : "#008EC2",
    "position" : {
      "x" : -11.09017,
      "y" : 29.034441,
      "z" : 0.0
    },
    "orientation" : 8
  }, {
    "shape" : "91f3607e-8516-454a-9d79-32de7c50e51f",
    "color" : "#008EC2",
    "position" : {
      "x" : 17.944271,
      "y" : 17.944271,
      "z" : 40.12461
    },
    "orientation" : 23
  }, {
    "shape" : "985e4f0d-ff6d-4a2e-a2ad-349cd419a1f4",
    "color" : "#00CCCC",
    "position" : {
      "x" : -4.236068,
      "y" : 17.944271,
      "z" : 17.944271
    }
  }, {
    "shape" : "016567a7-76bf-48f9-9ea4-2447992532af",
    "color" : "#008EC2",
    "position" : {
      "x" : -6.854102,
      "y" : -17.944271,
      "z" : -22.18034
    },
    "orientation" : 37
  }, {
    "shape" : "016567a7-76bf-48f9-9ea4-2447992532af",
    "color" : "#008EC2",
    "position" : {
      "x" : -24.798374,
      "y" : -33.27051,
      "z" : -11.09017
    },
    "orientation" : 52
  }, {
    "shape" : "016567a7-76bf-48f9-9ea4-2447992532af",
    "color" : "#008EC2",
    "position" : {
      "x" : -29.034441,
      "y" : -40.12461,
      "z" : -22.18034
    },
    "orientation" : 1
  }, {
    "shape" : "91f3607e-8516-454a-9d79-32de7c50e51f",
    "color" : "#008EC2",
    "position" : {
      "x" : -29.034441,
      "y" : -40.12461,
      "z" : -22.18034
    },
    "orientation" : 37
  }, {
    "shape" : "985e4f0d-ff6d-4a2e-a2ad-349cd419a1f4",
    "color" : "#00CCCC",
    "position" : {
      "x" : -17.944271,
      "y" : -13.708204,
      "z" : -6.854102
    }
  }, {
    "shape" : "985e4f0d-ff6d-4a2e-a2ad-349cd419a1f4",
    "color" : "#FFFFFF",
    "position" : {
      "x" : 0.0,
      "y" : -29.034441,
      "z" : -4.236068
    }
  }, {
    "shape" : "016567a7-76bf-48f9-9ea4-2447992532af",
    "color" : "#008EC2",
    "position" : {
      "x" : 6.854102,
      "y" : 22.18034,
      "z" : 11.09017
    },
    "orientation" : 6
  }, {
    "shape" : "985e4f0d-ff6d-4a2e-a2ad-349cd419a1f4",
    "color" : "#00CCCC",
    "position" : {
      "x" : -4.236068,
      "y" : -35.888542,
      "z" : -6.854102
    }
  }, {
    "shape" : "016567a7-76bf-48f9-9ea4-2447992532af",
    "color" : "#008EC2",
    "position" : {
      "x" : 11.09017,
      "y" : 6.854102,
      "z" : 0.0
    },
    "orientation" : 8
  }, {
    "shape" : "985e4f0d-ff6d-4a2e-a2ad-349cd419a1f4",
    "color" : "#FFFFFF",
    "position" : {
      "x" : -24.798374,
      "y" : -46.978714,
      "z" : -11.09017
    }
  }, {
    "shape" : "985e4f0d-ff6d-4a2e-a2ad-349cd419a1f4",
    "color" : "#FFFFFF",
    "position" : {
      "x" : -17.944271,
      "y" : 0.0,
      "z" : -29.034441
    }
  }, {
    "shape" : "016567a7-76bf-48f9-9ea4-2447992532af",
    "color" : "#008EC2",
    "position" : {
      "x" : -24.798374,
      "y" : -33.27051,
      "z" : -24.798374
    },
    "orientation" : 26
  }, {
    "shape" : "9389bf83-6974-4433-bde6-5a6b7cb0bc38",
    "color" : "#008EC2",
    "position" : {
      "x" : -17.944271,
      "y" : 0.0,
      "z" : 6.854102
    },
    "orientation" : 21
  }, {
    "shape" : "985e4f0d-ff6d-4a2e-a2ad-349cd419a1f4",
    "color" : "#00CCCC",
    "position" : {
      "x" : -17.944271,
      "y" : -22.18034,
      "z" : -15.326238
    }
  }, {
    "shape" : "985e4f0d-ff6d-4a2e-a2ad-349cd419a1f4",
    "color" : "#FFFFFF",
    "position" : {
      "x" : -6.854102,
      "y" : -40.12461,
      "z" : -22.18034
    }
  }, {
    "shape" : "985e4f0d-ff6d-4a2e-a2ad-349cd419a1f4",
    "color" : "#00CCCC",
    "position" : {
      "x" : -31.652475,
      "y" : -35.888542,
      "z" : -15.326238
    }
  }, {
    "shape" : "016567a7-76bf-48f9-9ea4-2447992532af",
    "color" : "#008EC2",
    "position" : {
      "x" : 11.09017,
      "y" : 51.214783,
      "z" : 22.18034
    },
    "orientation" : 23
  }, {
    "shape" : "91f3607e-8516-454a-9d79-32de7c50e51f",
    "color" : "#008EC2",
    "position" : {
      "x" : -11.09017,
      "y" : 29.034441,
      "z" : 22.18034
    },
    "orientation" : 52
  }, {
    "shape" : "985e4f0d-ff6d-4a2e-a2ad-349cd419a1f4",
    "color" : "#00CCCC",
    "position" : {
      "x" : 42.742645,
      "y" : 35.888542,
      "z" : 11.09017
    }
  }, {
    "shape" : "016567a7-76bf-48f9-9ea4-2447992532af",
    "color" : "#008EC2",
    "position" : {
      "x" : 11.09017,
      "y" : 29.034441,
      "z" : 0.0
    },
    "orientation" : 11
  }, {
    "shape" : "985e4f0d-ff6d-4a2e-a2ad-349cd419a1f4",
    "color" : "#00CCCC",
    "position" : {
      "x" : 24.798374,
      "y" : 51.214783,
      "z" : 0.0
    }
  }, {
    "shape" : "985e4f0d-ff6d-4a2e-a2ad-349cd419a1f4",
    "color" : "#00CCCC",
    "position" : {
      "x" : -29.034441,
      "y" : -17.944271,
      "z" : -8.472136
    }
  }, {
    "shape" : "985e4f0d-ff6d-4a2e-a2ad-349cd419a1f4",
    "color" : "#00CCCC",
    "position" : {
      "x" : -31.652475,
      "y" : -22.18034,
      "z" : -15.326238
    }
  }, {
    "shape" : "985e4f0d-ff6d-4a2e-a2ad-349cd419a1f4",
    "color" : "#00CCCC",
    "position" : {
      "x" : -17.944271,
      "y" : -35.888542,
      "z" : -6.854102
    }
  }, {
    "shape" : "91f3607e-8516-454a-9d79-32de7c50e51f",
    "color" : "#008EC2",
    "position" : {
      "x" : -35.888542,
      "y" : -29.034441,
      "z" : -4.236068
    },
    "orientation" : 9
  }, {
    "shape" : "91f3607e-8516-454a-9d79-32de7c50e51f",
    "color" : "#008EC2",
    "position" : {
      "x" : -22.18034,
      "y" : -29.034441,
      "z" : -4.236068
    },
    "orientation" : 10
  }, {
    "shape" : "985e4f0d-ff6d-4a2e-a2ad-349cd419a1f4",
    "color" : "#00CCCC",
    "position" : {
      "x" : -6.854102,
      "y" : 22.18034,
      "z" : 11.09017
    }
  }, {
    "shape" : "016567a7-76bf-48f9-9ea4-2447992532af",
    "color" : "#008EC2",
    "position" : {
      "x" : -20.562305,
      "y" : -17.944271,
      "z" : 0.0
    },
    "orientation" : 37
  }, {
    "shape" : "e652dcaa-8852-40c7-8ff2-86c4a5b20e70",
    "color" : "#008EC2",
    "position" : {
      "x" : -11.09017,
      "y" : 29.034441,
      "z" : 22.18034
    },
    "orientation" : 0
  }, {
    "shape" : "91f3607e-8516-454a-9d79-32de7c50e51f",
    "color" : "#008EC2",
    "position" : {
      "x" : -22.18034,
      "y" : -29.034441,
      "z" : -17.944271
    },
    "orientation" : 52
  }, {
    "shape" : "016567a7-76bf-48f9-9ea4-2447992532af",
    "color" : "#008EC2",
    "position" : {
      "x" : 22.18034,
      "y" : 46.978714,
      "z" : -6.854102
    },
    "orientation" : 10
  }, {
    "shape" : "016567a7-76bf-48f9-9ea4-2447992532af",
    "color" : "#008EC2",
    "position" : {
      "x" : 22.18034,
      "y" : 33.27051,
      "z" : 15.326238
    },
    "orientation" : 37
  }, {
    "shape" : "91f3607e-8516-454a-9d79-32de7c50e51f",
    "color" : "#008EC2",
    "position" : {
      "x" : 22.18034,
      "y" : 11.09017,
      "z" : -6.854102
    },
    "orientation" : 0
  }, {
    "shape" : "1cfb192d-3934-40cc-ac92-c92d6f926fed",
    "color" : "#008EC2",
    "position" : {
      "x" : 11.09017,
      "y" : 29.034441,
      "z" : 8.472136
    },
    "orientation" : 6
  }, {
    "shape" : "91f3607e-8516-454a-9d79-32de7c50e51f",
    "color" : "#008EC2",
    "position" : {
      "x" : -4.236068,
      "y" : 40.12461,
      "z" : 17.944271
    },
    "orientation" : 10
  }, {
    "shape" : "e652dcaa-8852-40c7-8ff2-86c4a5b20e70",
    "color" : "#008EC2",
    "position" : {
      "x" : -17.944271,
      "y" : -22.18034,
      "z" : 6.854102
    },
    "orientation" : 1
  }, {
    "shape" : "016567a7-76bf-48f9-9ea4-2447992532af",
    "color" : "#008EC2",
    "position" : {
      "x" : 35.888542,
      "y" : 24.798374,
      "z" : 29.034441
    },
    "orientation" : 1
  }, {
    "shape" : "e652dcaa-8852-40c7-8ff2-86c4a5b20e70",
    "color" : "#008EC2",
    "position" : {
      "x" : 11.09017,
      "y" : 29.034441,
      "z" : 22.18034
    },
    "orientation" : 37
  }, {
    "shape" : "985e4f0d-ff6d-4a2e-a2ad-349cd419a1f4",
    "color" : "#FFFFFF",
    "position" : {
      "x" : -17.944271,
      "y" : -58.068882,
      "z" : -29.034441
    }
  }, {
    "shape" : "016567a7-76bf-48f9-9ea4-2447992532af",
    "color" : "#008EC2",
    "position" : {
      "x" : -6.854102,
      "y" : -40.12461,
      "z" : -22.18034
    },
    "orientation" : 1
  }, {
    "shape" : "91f3607e-8516-454a-9d79-32de7c50e51f",
    "color" : "#008EC2",
    "position" : {
      "x" : 6.854102,
      "y" : 22.18034,
      "z" : 11.09017
    },
    "orientation" : 8
  }, {
    "shape" : "1cfb192d-3934-40cc-ac92-c92d6f926fed",
    "color" : "#008EC2",
    "position" : {
      "x" : -22.18034,
      "y" : -42.742645,
      "z" : -4.236068
    },
    "orientation" : 26
  }, {
    "shape" : "985e4f0d-ff6d-4a2e-a2ad-349cd419a1f4",
    "color" : "#FFFFFF",
    "position" : {
      "x" : 17.944271,
      "y" : 17.944271,
      "z" : 17.944271
    }
  }, {
    "shape" : "1cfb192d-3934-40cc-ac92-c92d6f926fed",
    "color" : "#008EC2",
    "position" : {
      "x" : -11.09017,
      "y" : -24.798374,
      "z" : -24.798374
    },
    "orientation" : 8
  }, {
    "shape" : "91f3607e-8516-454a-9d79-32de7c50e51f",
    "color" : "#008EC2",
    "position" : {
      "x" : 42.742645,
      "y" : 35.888542,
      "z" : 11.09017
    },
    "orientation" : 25
  }, {
    "shape" : "91f3607e-8516-454a-9d79-32de7c50e51f",
    "color" : "#008EC2",
    "position" : {
      "x" : 42.742645,
      "y" : 35.888542,
      "z" : 11.09017
    },
    "orientation" : 37
  }, {
    "shape" : "985e4f0d-ff6d-4a2e-a2ad-349cd419a1f4",
    "color" : "#FFFFFF",
    "position" : {
      "x" : -6.854102,
      "y" : -40.12461,
      "z" : 0.0
    }
  }, {
    "shape" : "91f3607e-8516-454a-9d79-32de7c50e51f",
    "color" : "#008EC2",
    "position" : {
      "x" : 35.888542,
      "y" : 11.09017,
      "z" : 15.326238
    },
    "orientation" : 2
  }, {
    "shape" : "1cfb192d-3934-40cc-ac92-c92d6f926fed",
    "color" : "#008EC2",
    "position" : {
      "x" : -24.798374,
      "y" : -24.798374,
      "z" : -24.798374
    },
    "orientation" : 24
  }, {
    "shape" : "016567a7-76bf-48f9-9ea4-2447992532af",
    "color" : "#008EC2",
    "position" : {
      "x" : -29.034441,
      "y" : -17.944271,
      "z" : -22.18034
    },
    "orientation" : 11
  }, {
    "shape" : "e652dcaa-8852-40c7-8ff2-86c4a5b20e70",
    "color" : "#008EC2",
    "position" : {
      "x" : -29.034441,
      "y" : -40.12461,
      "z" : 0.0
    },
    "orientation" : 21
  }, {
    "shape" : "985e4f0d-ff6d-4a2e-a2ad-349cd419a1f4",
    "color" : "#00CCCC",
    "position" : {
      "x" : 40.12461,
      "y" : 17.944271,
      "z" : 17.944271
    }
  }, {
    "shape" : "e652dcaa-8852-40c7-8ff2-86c4a5b20e70",
    "color" : "#008EC2",
    "position" : {
      "x" : -35.888542,
      "y" : -29.034441,
      "z" : -40.12461
    },
    "orientation" : 37
  }, {
    "shape" : "016567a7-76bf-48f9-9ea4-2447992532af",
    "color" : "#008EC2",
    "position" : {
      "x" : -22.18034,
      "y" : -29.034441,
      "z" : -26.416409
    },
    "orientation" : 6
  }, {
    "shape" : "91f3607e-8516-454a-9d79-32de7c50e51f",
    "color" : "#008EC2",
    "position" : {
      "x" : -17.944271,
      "y" : -22.18034,
      "z" : -15.326238
    },
    "orientation" : 23
  }, {
    "shape" : "016567a7-76bf-48f9-9ea4-2447992532af",
    "color" : "#008EC2",
    "position" : {
      "x" : -29.034441,
      "y" : -17.944271,
      "z" : -22.18034
    },
    "orientation" : 2
  }, {
    "shape" : "016567a7-76bf-48f9-9ea4-2447992532af",
    "color" : "#008EC2",
    "position" : {
      "x" : 11.09017,
      "y" : 29.034441,
      "z" : 0.0
    },
    "orientation" : 10
  }, {
    "shape" : "e652dcaa-8852-40c7-8ff2-86c4a5b20e70",
    "color" : "#008EC2",
    "position" : {
      "x" : 0.0,
      "y" : 46.978714,
      "z" : 29.034441
    },
    "orientation" : 52
  }, {
    "shape" : "9389bf83-6974-4433-bde6-5a6b7cb0bc38",
    "color" : "#008EC2",
    "position" : {
      "x" : -17.944271,
      "y" : 0.0,
      "z" : -29.034441
    },
    "orientation" : 2
  }, {
    "shape" : "016567a7-76bf-48f9-9ea4-2447992532af",
    "color" : "#008EC2",
    "position" : {
      "x" : -29.034441,
      "y" : -17.944271,
      "z" : 0.0
    },
    "orientation" : 23
  }, {
    "shape" : "016567a7-76bf-48f9-9ea4-2447992532af",
    "color" : "#008EC2",
    "position" : {
      "x" : -6.854102,
      "y" : -26.416409,
      "z" : 0.0
    },
    "orientation" : 26
  }, {
    "shape" : "016567a7-76bf-48f9-9ea4-2447992532af",
    "color" : "#008EC2",
    "position" : {
      "x" : 40.12461,
      "y" : 40.12461,
      "z" : 17.944271
    },
    "orientation" : 25
  }, {
    "shape" : "985e4f0d-ff6d-4a2e-a2ad-349cd419a1f4",
    "color" : "#FFFFFF",
    "position" : {
      "x" : 0.0,
      "y" : 11.09017,
      "z" : 29.034441
    }
  }, {
    "shape" : "1cfb192d-3934-40cc-ac92-c92d6f926fed",
    "color" : "#008EC2",
    "position" : {
      "x" : -6.854102,
      "y" : -40.12461,
      "z" : -13.708204
    },
    "orientation" : 2
  }, {
    "shape" : "985e4f0d-ff6d-4a2e-a2ad-349cd419a1f4",
    "color" : "#00CCCC",
    "position" : {
      "x" : -17.944271,
      "y" : -35.888542,
      "z" : -15.326238
    }
  }, {
    "shape" : "91f3607e-8516-454a-9d79-32de7c50e51f",
    "color" : "#008EC2",
    "position" : {
      "x" : -29.034441,
      "y" : -17.944271,
      "z" : -22.18034
    },
    "orientation" : 26
  }, {
    "shape" : "016567a7-76bf-48f9-9ea4-2447992532af",
    "color" : "#008EC2",
    "position" : {
      "x" : -24.798374,
      "y" : -46.978714,
      "z" : -11.09017
    },
    "orientation" : 52
  }, {
    "shape" : "1cfb192d-3934-40cc-ac92-c92d6f926fed",
    "color" : "#008EC2",
    "position" : {
      "x" : -4.236068,
      "y" : -22.18034,
      "z" : -6.854102
    },
    "orientation" : 25
  }, {
    "shape" : "91f3607e-8516-454a-9d79-32de7c50e51f",
    "color" : "#008EC2",
    "position" : {
      "x" : 17.944271,
      "y" : 53.832817,
      "z" : 17.944271
    },
    "orientation" : 23
  }, {
    "shape" : "016567a7-76bf-48f9-9ea4-2447992532af",
    "color" : "#008EC2",
    "position" : {
      "x" : 11.09017,
      "y" : 51.214783,
      "z" : 22.18034
    },
    "orientation" : 37
  }, {
    "shape" : "1cfb192d-3934-40cc-ac92-c92d6f926fed",
    "color" : "#008EC2",
    "position" : {
      "x" : -29.034441,
