{
  "polygons" : "true",
  "field" : "golden",
  "symmetry" : "icosahedral",
  "orientations" : [ [ 1.0, 0.0, 0.0, 0.0, 0.0, 1.0, 0.0, 0.0, 0.0, 0.0, 1.0, 0.0, 0.0, 0.0, 0.0, 1.0 ], [ 0.0, 0.0, 1.0, 0.0, 1.0, 0.0, 0.0, 0.0, 0.0, 1.0, 0.0, 0.0, 0.0, 0.0, 0.0, 1.0 ], [ 0.0, 1.0, 0.0, 0.0, 0.0, 0.0, 1.0, 0.0, 1.0, 0.0, 0.0, 0.0, 0.0, 0.0, 0.0, 1.0 ], [ 0.809017, 0.309017, 0.5, 0.0, 0.309017, 0.5, -0.809017, 0.0, -0.5, 0.809017, 0.309017, 0.0, 0.0, 0.0, 0.0, 1.0 ], [ -0.5, 0.809017, 0.309017, 0.0, 0.809017, 0.309017, 0.5, 0.0, 0.309017, 0.5, -0.809017, 0.0, 0.0, 0.0, 0.0, 1.0 ], [ 0.309017, 0.5, -0.809017, 0.0, -0.5, 0.809017, 0.309017, 0.0, 0.809017, 0.309017, 0.5, 0.0, 0.0, 0.0, 0.0, 1.0 ], [ 0.5, 0.809017, 0.309017, 0.0, 0.809017, -0.309017, -0.5, 0.0, -0.309017, 0.5, -0.809017, 0.0, 0.0, 0.0, 0.0, 1.0 ], [ -0.309017, 0.5, -0.809017, 0.0, 0.5, 0.809017, 0.309017, 0.0, 0.809017, -0.309017, -0.5, 0.0, 0.0, 0.0, 0.0, 1.0 ], [ 0.809017, -0.309017, -0.5, 0.0, -0.309017, 0.5, -0.809017, 0.0, 0.5, 0.809017, 0.309017, 0.0, 0.0, 0.0, 0.0, 1.0 ], [ 0.5, 0.809017, -0.309017, 0.0, 0.809017, -0.309017, 0.5, 0.0, 0.309017, -0.5, -0.809017, 0.0, 0.0, 0.0, 0.0, 1.0 ], [ 0.309017, -0.5, -0.809017, 0.0, 0.5, 0.809017, -0.309017, 0.0, 0.809017, -0.309017, 0.5, 0.0, 0.0, 0.0, 0.0, 1.0 ], [ 0.809017, -0.309017, 0.5, 0.0, 0.309017, -0.5, -0.809017, 0.0, 0.5, 0.809017, -0.309017, 0.0, 0.0, 0.0, 0.0, 1.0 ], [ 0.809017, 0.309017, -0.5, 0.0, 0.309017, 0.5, 0.809017, 0.0, 0.5, -0.809017, 0.309017, 0.0, 0.0, 0.0, 0.0, 1.0 ], [ 0.5, -0.809017, 0.309017, 0.0, 0.809017, 0.309017, -0.5, 0.0, 0.309017, 0.5, 0.809017, 0.0, 0.0, 0.0, 0.0, 1.0 ], [ 0.309017, 0.5, 0.809017, 0.0, 0.5, -0.809017, 0.309017, 0.0, 0.809017, 0.309017, -0.5, 0.0, 0.0, 0.0, 0.0, 1.0 ], [ 1.0, 0.0, 0.0, 0.0, 0.0, -1.0, 0.0, 0.0, 0.0, 0.0, -1.0, 0.0, 0.0, 0.0, 0.0, 1.0 ], [ 0.0, 0.0, 1.0, 0.0, -1.0, 0.0, 0.0, 0.0, 0.0, -1.0, 0.0, 0.0, 0.0, 0.0, 0.0, 1.0 ], [ 0.0, 1.0, 0.0, 0.0, 0.0, 0.0, -1.0, 0.0, -1.0, 0.0, 0.0, 0.0, 0.0, 0.0, 0.0, 1.0 ], [ 0.809017, 0.309017, 0.5, 0.0, -0.309017, -0.5, 0.809017, 0.0, 0.5, -0.809017, -0.309017, 0.0, 0.0, 0.0, 0.0, 1.0 ], [ -0.5, 0.809017, 0.309017, 0.0, -0.809017, -0.309017, -0.5, 0.0, -0.309017, -0.5, 0.809017, 0.0, 0.0, 0.0, 0.0, 1.0 ], [ 0.309017, 0.5, -0.809017, 0.0, 0.5, -0.809017, -0.309017, 0.0, -0.809017, -0.309017, -0.5, 0.0, 0.0, 0.0, 0.0, 1.0 ], [ 0.5, 0.809017, 0.309017, 0.0, -0.809017, 0.309017, 0.5, 0.0, 0.309017, -0.5, 0.809017, 0.0, 0.0, 0.0, 0.0, 1.0 ], [ -0.309017, 0.5, -0.809017, 0.0, -0.5, -0.809017, -0.309017, 0.0, -0.809017, 0.309017, 0.5, 0.0, 0.0, 0.0, 0.0, 1.0 ], [ 0.809017, -0.309017, -0.5, 0.0, 0.309017, -0.5, 0.809017, 0.0, -0.5, -0.809017, -0.309017, 0.0, 0.0, 0.0, 0.0, 1.0 ], [ 0.5, 0.809017, -0.309017, 0.0, -0.809017, 0.309017, -0.5, 0.0, -0.309017, 0.5, 0.809017, 0.0, 0.0, 0.0, 0.0, 1.0 ], [ 0.309017, -0.5, -0.809017, 0.0, -0.5, -0.809017, 0.309017, 0.0, -0.809017, 0.309017, -0.5, 0.0, 0.0, 0.0, 0.0, 1.0 ], [ 0.809017, -0.309017, 0.5, 0.0, -0.309017, 0.5, 0.809017, 0.0, -0.5, -0.809017, 0.309017, 0.0, 0.0, 0.0, 0.0, 1.0 ], [ 0.809017, 0.309017, -0.5, 0.0, -0.309017, -0.5, -0.809017, 0.0, -0.5, 0.809017, -0.309017, 0.0, 0.0, 0.0, 0.0, 1.0 ], [ 0.5, -0.809017, 0.309017, 0.0, -0.809017, -0.309017, 0.5, 0.0, -0.309017, -0.5, -0.809017, 0.0, 0.0, 0.0, 0.0, 1.0 ], [ 0.309017, 0.5, 0.809017, 0.0, -0.5, 0.809017, -0.309017, 0.0, -0.809017, -0.309017, 0.5, 0.0, 0.0, 0.0, 0.0, 1.0 ], [ -1.0, 0.0, 0.0, 0.0, 0.0, -1.0, 0.0, 0.0, 0.0, 0.0, 1.0, 0.0, 0.0, 0.0, 0.0, 1.0 ], [ 0.0, 0.0, -1.0, 0.0, -1.0, 0.0, 0.0, 0.0, 0.0, 1.0, 0.0, 0.0, 0.0, 0.0, 0.0, 1.0 ], [ 0.0, -1.0, 0.0, 0.0, 0.0, 0.0, -1.0, 0.0, 1.0, 0.0, 0.0, 0.0, 0.0, 0.0, 0.0, 1.0 ], [ -0.809017, -0.309017, -0.5, 0.0, -0.309017, -0.5, 0.809017, 0.0, -0.5, 0.809017, 0.309017, 0.0, 0.0, 0.0, 0.0, 1.0 ], [ 0.5, -0.809017, -0.309017, 0.0, -0.809017, -0.309017, -0.5, 0.0, 0.309017, 0.5, -0.809017, 0.0, 0.0, 0.0, 0.0, 1.0 ], [ -0.309017, -0.5, 0.809017, 0.0, 0.5, -0.809017, -0.309017, 0.0, 0.809017, 0.309017, 0.5, 0.0, 0.0, 0.0, 0.0, 1.0 ], [ -0.5, -0.809017, -0.309017, 0.0, -0.809017, 0.309017, 0.5, 0.0, -0.309017, 0.5, -0.809017, 0.0, 0.0, 0.0, 0.0, 1.0 ], [ 0.309017, -0.5, 0.809017, 0.0, -0.5, -0.809017, -0.309017, 0.0, 0.809017, -0.309017, -0.5, 0.0, 0.0, 0.0, 0.0, 1.0 ], [ -0.809017, 0.309017, 0.5, 0.0, 0.309017, -0.5, 0.809017, 0.0, 0.5, 0.809017, 0.309017, 0.0, 0.0, 0.0, 0.0, 1.0 ], [ -0.5, -0.809017, 0.309017, 0.0, -0.809017, 0.309017, -0.5, 0.0, 0.309017, -0.5, -0.809017, 0.0, 0.0, 0.0, 0.0, 1.0 ], [ -0.309017, 0.5, 0.809017, 0.0, -0.5, -0.809017, 0.309017, 0.0, 0.809017, -0.309017, 0.5, 0.0, 0.0, 0.0, 0.0, 1.0 ], [ -0.809017, 0.309017, -0.5, 0.0, -0.309017, 0.5, 0.809017, 0.0, 0.5, 0.809017, -0.309017, 0.0, 0.0, 0.0, 0.0, 1.0 ], [ -0.809017, -0.309017, 0.5, 0.0, -0.309017, -0.5, -0.809017, 0.0, 0.5, -0.809017, 0.309017, 0.0, 0.0, 0.0, 0.0, 1.0 ], [ -0.5, 0.809017, -0.309017, 0.0, -0.809017, -0.309017, 0.5, 0.0, 0.309017, 0.5, 0.809017, 0.0, 0.0, 0.0, 0.0, 1.0 ], [ -0.309017, -0.5, -0.809017, 0.0, -0.5, 0.809017, -0.309017, 0.0, 0.809017, 0.309017, -0.5, 0.0, 0.0, 0.0, 0.0, 1.0 ], [ -1.0, 0.0, 0.0, 0.0, 0.0, 1.0, 0.0, 0.0, 0.0, 0.0, -1.0, 0.0, 0.0, 0.0, 0.0, 1.0 ], [ 0.0, 0.0, -1.0, 0.0, 1.0, 0.0, 0.0, 0.0, 0.0, -1.0, 0.0, 0.0, 0.0, 0.0, 0.0, 1.0 ], [ 0.0, -1.0, 0.0, 0.0, 0.0, 0.0, 1.0, 0.0, -1.0, 0.0, 0.0, 0.0, 0.0, 0.0, 0.0, 1.0 ], [ -0.809017, -0.309017, -0.5, 0.0, 0.309017, 0.5, -0.809017, 0.0, 0.5, -0.809017, -0.309017, 0.0, 0.0, 0.0, 0.0, 1.0 ], [ 0.5, -0.809017, -0.309017, 0.0, 0.809017, 0.309017, 0.5, 0.0, -0.309017, -0.5, 0.809017, 0.0, 0.0, 0.0, 0.0, 1.0 ], [ -0.309017, -0.5, 0.809017, 0.0, -0.5, 0.809017, 0.309017, 0.0, -0.809017, -0.309017, -0.5, 0.0, 0.0, 0.0, 0.0, 1.0 ], [ -0.5, -0.809017, -0.309017, 0.0, 0.809017, -0.309017, -0.5, 0.0, 0.309017, -0.5, 0.809017, 0.0, 0.0, 0.0, 0.0, 1.0 ], [ 0.309017, -0.5, 0.809017, 0.0, 0.5, 0.809017, 0.309017, 0.0, -0.809017, 0.309017, 0.5, 0.0, 0.0, 0.0, 0.0, 1.0 ], [ -0.809017, 0.309017, 0.5, 0.0, -0.309017, 0.5, -0.809017, 0.0, -0.5, -0.809017, -0.309017, 0.0, 0.0, 0.0, 0.0, 1.0 ], [ -0.5, -0.809017, 0.309017, 0.0, 0.809017, -0.309017, 0.5, 0.0, -0.309017, 0.5, 0.809017, 0.0, 0.0, 0.0, 0.0, 1.0 ], [ -0.309017, 0.5, 0.809017, 0.0, 0.5, 0.809017, -0.309017, 0.0, -0.809017, 0.309017, -0.5, 0.0, 0.0, 0.0, 0.0, 1.0 ], [ -0.809017, 0.309017, -0.5, 0.0, 0.309017, -0.5, -0.809017, 0.0, -0.5, -0.809017, 0.309017, 0.0, 0.0, 0.0, 0.0, 1.0 ], [ -0.809017, -0.309017, 0.5, 0.0, 0.309017, 0.5, 0.809017, 0.0, -0.5, 0.809017, -0.309017, 0.0, 0.0, 0.0, 0.0, 1.0 ], [ -0.5, 0.809017, -0.309017, 0.0, 0.809017, 0.309017, -0.5, 0.0, -0.309017, -0.5, -0.809017, 0.0, 0.0, 0.0, 0.0, 1.0 ], [ -0.309017, -0.5, -0.809017, 0.0, 0.5, -0.809017, 0.309017, 0.0, -0.809017, -0.309017, 0.5, 0.0, 0.0, 0.0, 0.0, 1.0 ] ],
  "lights" : {
    "directionalLights" : [ {
      "direction" : [ 1.0, -1.0, -1.0 ],
      "color" : "#EBEBE4"
    }, {
      "direction" : [ -1.0, 0.0, 0.0 ],
      "color" : "#E4E4EB"
    }, {
      "direction" : [ 0.0, 0.0, -1.0 ],
      "color" : "#1E1E1E"
    } ],
    "backgroundColor" : "#AFC8DC",
    "ambientColor" : "#292929"
  },
  "camera" : {
    "position" : {
      "x" : 261.6809,
      "y" : -161.72769,
      "z" : 0.0
    },
    "width" : 138.43102,
    "nearClipDistance" : 0.76906097,
    "viewDistance" : 307.62436,
    "upDirectionRV" : {
      "x" : 0.16245985,
      "y" : 0.26286557,
      "z" : -0.9510565,
      "zero" : false
    },
    "lookAtPointRV" : {
      "x" : 0.0,
      "y" : 0.0,
      "z" : 0.0,
      "zero" : true
    },
    "lookDirectionRV" : {
      "x" : -0.8506508,
      "y" : 0.5257311,
      "z" : 0.0,
      "zero" : false
    },
    "perspective" : false,
    "fieldOfView" : 0.44262904,
    "lookAtPoint" : {
      "x" : 0.0,
      "y" : 0.0,
      "z" : 0.0
    },
    "stereo" : false,
    "lookDirection" : {
      "x" : -0.8506508,
      "y" : 0.5257311,
      "z" : 0.0
    },
    "upDirection" : {
      "x" : 0.16245985,
      "y" : 0.26286557,
      "z" : -0.9510565
    },
    "farClipDistance" : 615.24866
  },
  "embedding" : [ 1.0, 0.0, 0.0, 0.0, 0.0, 1.0, 0.0, 0.0, 0.0, 0.0, 1.0, 0.0, 0.0, 0.0, 0.0, 1.0 ],
  "shapes" : [ {
    "id" : "ed1ac0b4-635b-498a-a8fd-7fd11362ffd5",
    "orbit" : "blue",
    "orbitC" : "[[0,0,1],[0,0,1]]",
    "length" : "[1,1,1]",
    "name" : "b3",
    "vertices" : [ {
      "x" : 21.18034,
      "y" : 0.309017,
      "z" : 0.19098301
    }, {
      "x" : 21.18034,
      "y" : 0.309017,
      "z" : -0.19098301
    }, {
      "x" : 1.0,
      "y" : 0.309017,
      "z" : -0.19098301
    }, {
      "x" : 1.0,
      "y" : 0.309017,
      "z" : 0.19098301
    }, {
      "x" : 21.18034,
      "y" : -0.309017,
      "z" : 0.19098301
    }, {
      "x" : 1.0,
      "y" : -0.309017,
      "z" : 0.19098301
    }, {
      "x" : 1.0,
      "y" : -0.309017,
      "z" : -0.19098301
    }, {
      "x" : 21.18034,
      "y" : -0.309017,
      "z" : -0.19098301
    }, {
      "x" : 22.18034,
      "y" : 0.0,
      "z" : 0.0
    } ],
    "faces" : [ {
      "vertices" : [ 1, 7, 6, 2 ]
    }, {
      "vertices" : [ 0, 1, 2, 3 ]
    }, {
      "vertices" : [ 4, 5, 6, 7 ]
    }, {
      "vertices" : [ 0, 3, 5, 4 ]
    } ]
  }, {
    "id" : "9cc7b23c-9a56-420c-9984-3d501f81051c",
    "orbit" : "blue",
    "orbitC" : "[[0,0,1],[0,0,1]]",
    "length" : "[1,0,1]",
    "name" : "b1",
    "vertices" : [ {
      "x" : 7.472136,
      "y" : 0.309017,
      "z" : 0.19098301
    }, {
      "x" : 7.472136,
      "y" : 0.309017,
      "z" : -0.19098301
    }, {
      "x" : 1.0,
      "y" : 0.309017,
      "z" : -0.19098301
    }, {
      "x" : 1.0,
      "y" : 0.309017,
      "z" : 0.19098301
    }, {
      "x" : 7.472136,
      "y" : -0.309017,
      "z" : 0.19098301
    }, {
      "x" : 1.0,
      "y" : -0.309017,
      "z" : 0.19098301
    }, {
      "x" : 1.0,
      "y" : -0.309017,
      "z" : -0.19098301
    }, {
      "x" : 7.472136,
      "y" : -0.309017,
      "z" : -0.19098301
    }, {
      "x" : 8.472136,
      "y" : 0.0,
      "z" : 0.0
    } ],
    "faces" : [ {
      "vertices" : [ 1, 7, 6, 2 ]
    }, {
      "vertices" : [ 0, 1, 2, 3 ]
    }, {
      "vertices" : [ 4, 5, 6, 7 ]
    }, {
      "vertices" : [ 0, 3, 5, 4 ]
    } ]
  }, {
    "id" : "33b83ec2-750f-451a-9293-2c361e31021f",
    "name" : "ball",
    "vertices" : [ {
      "x" : 0.309017,
      "y" : -0.809017,
      "z" : 0.618034
    }, {
      "x" : 0.809017,
      "y" : -0.618034,
      "z" : 0.309017
    }, {
      "x" : 0.618034,
      "y" : -0.309017,
      "z" : 0.809017
    }, {
      "x" : 1.0,
      "y" : 0.309017,
      "z" : 0.19098301
    }, {
      "x" : 0.809017,
      "y" : 0.618034,
      "z" : 0.309017
    }, {
      "x" : 0.618034,
      "y" : 0.309017,
      "z" : 0.809017
    }, {
      "x" : 0.809017,
      "y" : 0.0,
      "z" : 0.690983
    }, {
      "x" : 0.19098301,
      "y" : -1.0,
      "z" : 0.309017
    }, {
      "x" : -0.19098301,
      "y" : -1.0,
      "z" : 0.309017
    }, {
      "x" : -0.19098301,
      "y" : -1.0,
      "z" : -0.309017
    }, {
      "x" : 0.19098301,
      "y" : -1.0,
      "z" : -0.309017
    }, {
      "x" : 1.0,
      "y" : -0.309017,
      "z" : -0.19098301
    }, {
      "x" : 0.809017,
      "y" : -0.618034,
      "z" : -0.309017
    }, {
      "x" : 0.618034,
      "y" : -0.309017,
      "z" : -0.809017
    }, {
      "x" : 0.809017,
      "y" : 0.0,
      "z" : -0.690983
    }, {
      "x" : 0.0,
      "y" : 0.690983,
      "z" : -0.809017
    }, {
      "x" : 0.309017,
      "y" : 0.809017,
      "z" : -0.618034
    }, {
      "x" : 0.618034,
      "y" : 0.309017,
      "z" : -0.809017
    }, {
      "x" : 0.309017,
      "y" : 0.19098301,
      "z" : -1.0
    }, {
      "x" : 1.0,
      "y" : 0.309017,
      "z" : -0.19098301
    }, {
      "x" : -0.309017,
      "y" : -0.809017,
      "z" : 0.618034
    }, {
      "x" : 0.0,
      "y" : -0.690983,
      "z" : 0.809017
    }, {
      "x" : 0.809017,
      "y" : 0.618034,
      "z" : -0.309017
    }, {
      "x" : 0.690983,
      "y" : 0.809017,
      "z" : 0.0
    }, {
      "x" : -0.690983,
      "y" : 0.809017,
      "z" : 0.0
    }, {
      "x" : -0.809017,
      "y" : 0.618034,
      "z" : 0.309017
    }, {
      "x" : -0.309017,
      "y" : 0.809017,
      "z" : 0.618034
    }, {
      "x" : -0.19098301,
      "y" : 1.0,
      "z" : 0.309017
    }, {
      "x" : 0.309017,
      "y" : -0.19098301,
      "z" : -1.0
    }, {
      "x" : 0.19098301,
      "y" : 1.0,
      "z" : 0.309017
    }, {
      "x" : 0.309017,
      "y" : 0.809017,
      "z" : 0.618034
    }, {
      "x" : -0.809017,
      "y" : -0.618034,
      "z" : 0.309017
    }, {
      "x" : -0.690983,
      "y" : -0.809017,
      "z" : 0.0
    }, {
      "x" : 0.0,
      "y" : 0.690983,
      "z" : 0.809017
    }, {
      "x" : 0.309017,
      "y" : -0.809017,
      "z" : -0.618034
    }, {
      "x" : 0.0,
      "y" : -0.690983,
      "z" : -0.809017
    }, {
      "x" : -1.0,
      "y" : 0.309017,
      "z" : 0.19098301
    }, {
      "x" : -0.809017,
      "y" : 0.0,
      "z" : 0.690983
    }, {
      "x" : -0.618034,
      "y" : 0.309017,
      "z" : 0.809017
    }, {
      "x" : 1.0,
      "y" : -0.309017,
      "z" : 0.19098301
    }, {
      "x" : -0.309017,
      "y" : -0.809017,
      "z" : -0.618034
    }, {
      "x" : -1.0,
      "y" : 0.309017,
      "z" : -0.19098301
    }, {
      "x" : -1.0,
      "y" : -0.309017,
      "z" : -0.19098301
    }, {
      "x" : -1.0,
      "y" : -0.309017,
      "z" : 0.19098301
    }, {
      "x" : 0.19098301,
      "y" : 1.0,
      "z" : -0.309017
    }, {
      "x" : -0.809017,
      "y" : 0.618034,
      "z" : -0.309017
    }, {
      "x" : -0.19098301,
      "y" : 1.0,
      "z" : -0.309017
    }, {
      "x" : -0.309017,
      "y" : 0.809017,
      "z" : -0.618034
    }, {
      "x" : -0.618034,
      "y" : -0.309017,
      "z" : 0.809017
    }, {
      "x" : 0.309017,
      "y" : 0.19098301,
      "z" : 1.0
    }, {
      "x" : -0.309017,
      "y" : 0.19098301,
      "z" : -1.0
    }, {
      "x" : -0.309017,
      "y" : 0.19098301,
      "z" : 1.0
    }, {
      "x" : -0.309017,
      "y" : -0.19098301,
      "z" : 1.0
    }, {
      "x" : 0.309017,
      "y" : -0.19098301,
      "z" : 1.0
    }, {
      "x" : 0.690983,
      "y" : -0.809017,
      "z" : 0.0
    }, {
      "x" : -0.809017,
      "y" : 0.0,
      "z" : -0.690983
    }, {
      "x" : -0.618034,
      "y" : -0.309017,
      "z" : -0.809017
    }, {
      "x" : -0.309017,
      "y" : -0.19098301,
      "z" : -1.0
    }, {
      "x" : -0.618034,
      "y" : 0.309017,
      "z" : -0.809017
    }, {
      "x" : -0.809017,
      "y" : -0.618034,
      "z" : -0.309017
    } ],
    "faces" : [ {
      "vertices" : [ 9, 40, 35, 34, 10 ]
    }, {
      "vertices" : [ 0, 1, 2 ]
    }, {
      "vertices" : [ 33, 51, 49 ]
    }, {
      "vertices" : [ 25, 36, 37, 38 ]
    }, {
      "vertices" : [ 41, 55, 42 ]
    }, {
      "vertices" : [ 9, 32, 59, 40 ]
    }, {
      "vertices" : [ 20, 21, 52, 48 ]
    }, {
      "vertices" : [ 26, 33, 30, 29, 27 ]
    }, {
      "vertices" : [ 3, 4, 5, 6 ]
    }, {
      "vertices" : [ 27, 29, 44, 46 ]
    }, {
      "vertices" : [ 50, 57, 56, 55, 58 ]
    }, {
      "vertices" : [ 26, 38, 51, 33 ]
    }, {
      "vertices" : [ 45, 47, 58 ]
    }, {
      "vertices" : [ 18, 28, 57, 50 ]
    }, {
      "vertices" : [ 40, 59, 56 ]
    }, {
      "vertices" : [ 31, 48, 37, 43 ]
    }, {
      "vertices" : [ 7, 8, 9, 10 ]
    }, {
      "vertices" : [ 36, 41, 42, 43 ]
    }, {
      "vertices" : [ 24, 46, 47, 45 ]
    }, {
      "vertices" : [ 4, 30, 5 ]
    }, {
      "vertices" : [ 15, 47, 46, 44, 16 ]
    }, {
      "vertices" : [ 15, 50, 58, 47 ]
    }, {
      "vertices" : [ 24, 45, 41, 36, 25 ]
    }, {
      "vertices" : [ 11, 14, 19 ]
    }, {
      "vertices" : [ 3, 6, 39 ]
    }, {
      "vertices" : [ 1, 39, 6, 2 ]
    }, {
      "vertices" : [ 8, 32, 9 ]
    }, {
      "vertices" : [ 11, 12, 13, 14 ]
    }, {
      "vertices" : [ 16, 22, 17 ]
    }, {
      "vertices" : [ 0, 21, 20, 8, 7 ]
    }, {
      "vertices" : [ 12, 34, 13 ]
    }, {
      "vertices" : [ 35, 40, 56, 57 ]
    }, {
      "vertices" : [ 0, 7, 54, 1 ]
    }, {
      "vertices" : [ 15, 16, 17, 18 ]
    }, {
      "vertices" : [ 3, 19, 22, 23, 4 ]
    }, {
      "vertices" : [ 7, 10, 54 ]
    }, {
      "vertices" : [ 41, 45, 58, 55 ]
    }, {
      "vertices" : [ 3, 39, 11, 19 ]
    }, {
      "vertices" : [ 14, 17, 22, 19 ]
    }, {
      "vertices" : [ 0, 2, 53, 21 ]
    }, {
      "vertices" : [ 49, 51, 52, 53 ]
    }, {
      "vertices" : [ 31, 43, 42, 59, 32 ]
    }, {
      "vertices" : [ 15, 18, 50 ]
    }, {
      "vertices" : [ 42, 55, 56, 59 ]
    }, {
      "vertices" : [ 4, 23, 29, 30 ]
    }, {
      "vertices" : [ 25, 38, 26 ]
    }, {
      "vertices" : [ 13, 28, 18, 17, 14 ]
    }, {
      "vertices" : [ 8, 20, 31, 32 ]
    }, {
      "vertices" : [ 23, 44, 29 ]
    }, {
      "vertices" : [ 24, 27, 46 ]
    }, {
      "vertices" : [ 37, 48, 52, 51, 38 ]
    }, {
      "vertices" : [ 20, 48, 31 ]
    }, {
      "vertices" : [ 24, 25, 26, 27 ]
    }, {
      "vertices" : [ 16, 44, 23, 22 ]
    }, {
      "vertices" : [ 13, 34, 35, 28 ]
    }, {
      "vertices" : [ 10, 34, 12, 54 ]
    }, {
      "vertices" : [ 2, 6, 5, 49, 53 ]
    }, {
      "vertices" : [ 36, 43, 37 ]
    }, {
      "vertices" : [ 5, 30, 33, 49 ]
    }, {
      "vertices" : [ 1, 54, 12, 11, 39 ]
    }, {
      "vertices" : [ 28, 35, 57 ]
    }, {
      "vertices" : [ 21, 53, 52 ]
    } ]
  }, {
    "id" : "48097631-3826-41d3-a248-25b4cc6755f4",
    "orbit" : "blue",
    "orbitC" : "[[0,0,1],[0,0,1]]",
    "length" : "[0,1,1]",
    "name" : "b2",
    "vertices" : [ {
      "x" : 12.708204,
      "y" : 0.309017,
      "z" : 0.19098301
    }, {
      "x" : 12.708204,
      "y" : 0.309017,
      "z" : -0.19098301
    }, {
      "x" : 1.0,
      "y" : 0.309017,
      "z" : -0.19098301
    }, {
      "x" : 1.0,
      "y" : 0.309017,
      "z" : 0.19098301
    }, {
      "x" : 12.708204,
      "y" : -0.309017,
      "z" : 0.19098301
    }, {
      "x" : 1.0,
      "y" : -0.309017,
      "z" : 0.19098301
    }, {
      "x" : 1.0,
      "y" : -0.309017,
      "z" : -0.19098301
    }, {
      "x" : 12.708204,
      "y" : -0.309017,
      "z" : -0.19098301
    }, {
      "x" : 13.708204,
      "y" : 0.0,
      "z" : 0.0
    } ],
    "faces" : [ {
      "vertices" : [ 1, 7, 6, 2 ]
    }, {
      "vertices" : [ 0, 1, 2, 3 ]
    }, {
      "vertices" : [ 4, 5, 6, 7 ]
    }, {
      "vertices" : [ 0, 3, 5, 4 ]
    } ]
  }, {
    "id" : "7912e5ef-ed10-4c10-95b4-13120716ee80",
    "orbit" : "blue",
    "orbitC" : "[[0,0,1],[0,0,1]]",
    "length" : "[-1,1,1]",
    "name" : "b0",
    "vertices" : [ {
      "x" : 4.236068,
      "y" : 0.309017,
      "z" : 0.19098301
    }, {
      "x" : 4.236068,
      "y" : 0.309017,
      "z" : -0.19098301
    }, {
      "x" : 1.0,
      "y" : 0.309017,
      "z" : -0.19098301
    }, {
      "x" : 1.0,
      "y" : 0.309017,
      "z" : 0.19098301
    }, {
      "x" : 4.236068,
      "y" : -0.309017,
      "z" : 0.19098301
    }, {
      "x" : 1.0,
      "y" : -0.309017,
      "z" : 0.19098301
    }, {
      "x" : 1.0,
      "y" : -0.309017,
      "z" : -0.19098301
    }, {
      "x" : 4.236068,
      "y" : -0.309017,
      "z" : -0.19098301
    }, {
      "x" : 5.236068,
      "y" : 0.0,
      "z" : 0.0
    } ],
    "faces" : [ {
      "vertices" : [ 1, 7, 6, 2 ]
    }, {
      "vertices" : [ 0, 1, 2, 3 ]
    }, {
      "vertices" : [ 4, 5, 6, 7 ]
    }, {
      "vertices" : [ 0, 3, 5, 4 ]
    } ]
  }, {
    "id" : "1ef505d5-1d48-4180-b3d5-c5835b4a2d78",
    "orbit" : "blue",
    "orbitC" : "[[0,0,1],[0,0,1]]",
    "length" : "[1,2,1]",
    "name" : " :1 +2*phi",
    "vertices" : [ {
      "x" : 34.888542,
      "y" : 0.309017,
      "z" : 0.19098301
    }, {
      "x" : 34.888542,
      "y" : 0.309017,
      "z" : -0.19098301
    }, {
      "x" : 1.0,
      "y" : 0.309017,
      "z" : -0.19098301
    }, {
      "x" : 1.0,
      "y" : 0.309017,
      "z" : 0.19098301
    }, {
      "x" : 34.888542,
      "y" : -0.309017,
      "z" : 0.19098301
    }, {
      "x" : 1.0,
      "y" : -0.309017,
      "z" : 0.19098301
    }, {
      "x" : 1.0,
      "y" : -0.309017,
      "z" : -0.19098301
    }, {
      "x" : 34.888542,
      "y" : -0.309017,
      "z" : -0.19098301
    }, {
      "x" : 35.888542,
      "y" : 0.0,
      "z" : 0.0
    } ],
    "faces" : [ {
      "vertices" : [ 1, 7, 6, 2 ]
    }, {
      "vertices" : [ 0, 1, 2, 3 ]
    }, {
      "vertices" : [ 4, 5, 6, 7 ]
    }, {
      "vertices" : [ 0, 3, 5, 4 ]
    } ]
  } ],
  "instances" : [ {
    "shape" : "ed1ac0b4-635b-498a-a8fd-7fd11362ffd5",
    "color" : "#008EC2",
    "position" : {
      "x" : 29.034441,
      "y" : 0.0,
      "z" : 11.09017
    },
    "orientation" : 1
  }, {
    "shape" : "9cc7b23c-9a56-420c-9984-3d501f81051c",
    "color" : "#008EC2",
    "position" : {
      "x" : 20.562305,
      "y" : 22.18034,
      "z" : 11.09017
    },
    "orientation" : 0
  }, {
    "shape" : "ed1ac0b4-635b-498a-a8fd-7fd11362ffd5",
    "color" : "#008EC2",
    "position" : {
      "x" : -29.034441,
      "y" : -17.944271,
      "z" : -22.18034
    },
    "orientation" : 6
  }, {
    "shape" : "33b83ec2-750f-451a-9293-2c361e31021f",
    "color" : "#00CCCC",
    "position" : {
      "x" : 22.18034,
      "y" : 46.978714,
      "z" : 29.034441
    }
  }, {
    "shape" : "48097631-3826-41d3-a248-25b4cc6755f4",
    "color" : "#008EC2",
    "position" : {
      "x" : -35.888542,
      "y" : -29.034441,
      "z" : -17.944271
    },
    "orientation" : 24
  }, {
    "shape" : "48097631-3826-41d3-a248-25b4cc6755f4",
    "color" : "#008EC2",
    "position" : {
      "x" : -29.034441,
      "y" : -40.12461,
      "z" : -22.18034
    },
    "orientation" : 10
  }, {
    "shape" : "9cc7b23c-9a56-420c-9984-3d501f81051c",
    "color" : "#008EC2",
    "position" : {
      "x" : 17.944271,
      "y" : 40.12461,
      "z" : 17.944271
    },
    "orientation" : 24
  }, {
    "shape" : "33b83ec2-750f-451a-9293-2c361e31021f",
    "color" : "#FFFFFF",
    "position" : {
      "x" : 0.0,
      "y" : 46.978714,
      "z" : 29.034441
    }
  }, {
    "shape" : "48097631-3826-41d3-a248-25b4cc6755f4",
    "color" : "#008EC2",
    "position" : {
      "x" : -13.708204,
      "y" : -29.034441,
      "z" : -4.236068
    },
    "orientation" : 9
  }, {
    "shape" : "33b83ec2-750f-451a-9293-2c361e31021f",
    "color" : "#00CCCC",
    "position" : {
      "x" : 24.798374,
      "y" : 6.854102,
      "z" : 0.0
    }
  }, {
    "shape" : "33b83ec2-750f-451a-9293-2c361e31021f",
    "color" : "#00CCCC",
    "position" : {
      "x" : 24.798374,
      "y" : 29.034441,
      "z" : 35.888542
    }
  }, {
    "shape" : "ed1ac0b4-635b-498a-a8fd-7fd11362ffd5",
    "color" : "#008EC2",
    "position" : {
      "x" : 11.09017,
      "y" : 29.034441,
      "z" : 0.0
    },
    "orientation" : 25
  }, {
    "shape" : "33b83ec2-750f-451a-9293-2c361e31021f",
    "color" : "#FFFFFF",
    "position" : {
      "x" : 35.888542,
      "y" : 11.09017,
      "z" : 29.034441
    }
  }, {
    "shape" : "33b83ec2-750f-451a-9293-2c361e31021f",
    "color" : "#FFFFFF",
    "position" : {
      "x" : 29.034441,
      "y" : 0.0,
      "z" : 11.09017
    }
  }, {
    "shape" : "48097631-3826-41d3-a248-25b4cc6755f4",
    "color" : "#008EC2",
    "position" : {
      "x" : 29.034441,
      "y" : 22.18034,
      "z" : -11.09017
    },
    "orientation" : 21
  }, {
    "shape" : "33b83ec2-750f-451a-9293-2c361e31021f",
    "color" : "#FFFFFF",
    "position" : {
      "x" : 17.944271,
      "y" : 40.12461,
      "z" : -17.944271
    }
  }, {
    "shape" : "48097631-3826-41d3-a248-25b4cc6755f4",
    "color" : "#008EC2",
    "position" : {
      "x" : -17.944271,
      "y" : -35.888542,
      "z" : -15.326238
    },
    "orientation" : 26
  }, {
    "shape" : "33b83ec2-750f-451a-9293-2c361e31021f",
    "color" : "#00CCCC",
    "position" : {
      "x" : 0.0,
      "y" : 46.978714,
      "z" : 15.326238
    }
  }, {
    "shape" : "48097631-3826-41d3-a248-25b4cc6755f4",
    "color" : "#008EC2",
    "position" : {
      "x" : 17.944271,
      "y" : 40.12461,
      "z" : 4.236068
    },
    "orientation" : 24
  }, {
    "shape" : "33b83ec2-750f-451a-9293-2c361e31021f",
    "color" : "#00CCCC",
    "position" : {
      "x" : -17.944271,
      "y" : -22.18034,
      "z" : -6.854102
    }
  }, {
    "shape" : "ed1ac0b4-635b-498a-a8fd-7fd11362ffd5",
    "color" : "#008EC2",
    "position" : {
      "x" : -11.09017,
      "y" : 29.034441,
      "z" : 0.0
    },
    "orientation" : 24
  }, {
    "shape" : "48097631-3826-41d3-a248-25b4cc6755f4",
    "color" : "#008EC2",
    "position" : {
      "x" : 0.0,
      "y" : 11.09017,
      "z" : -6.854102
    },
    "orientation" : 6
  }, {
    "shape" : "48097631-3826-41d3-a248-25b4cc6755f4",
    "color" : "#008EC2",
    "position" : {
      "x" : -11.09017,
      "y" : 29.034441,
      "z" : 22.18034
    },
    "orientation" : 25
  }, {
    "shape" : "ed1ac0b4-635b-498a-a8fd-7fd11362ffd5",
    "color" : "#008EC2",
    "position" : {
      "x" : 17.944271,
      "y" : 40.12461,
      "z" : -17.944271
    },
    "orientation" : 11
  }, {
    "shape" : "ed1ac0b4-635b-498a-a8fd-7fd11362ffd5",
    "color" : "#008EC2",
    "position" : {
      "x" : -6.854102,
      "y" : -17.944271,
      "z" : -22.18034
    },
    "orientation" : 11
  }, {
    "shape" : "33b83ec2-750f-451a-9293-2c361e31021f",
    "color" : "#00CCCC",
    "position" : {
      "x" : 0.0,
      "y" : 11.09017,
      "z" : 6.854102
    }
  }, {
    "shape" : "48097631-3826-41d3-a248-25b4cc6755f4",
    "color" : "#008EC2",
    "position" : {
      "x" : 40.12461,
      "y" : 17.944271,
      "z" : 17.944271
    },
    "orientation" : 9
  }, {
    "shape" : "33b83ec2-750f-451a-9293-2c361e31021f",
    "color" : "#00CCCC",
    "position" : {
      "x" : 6.854102,
      "y" : 35.888542,
      "z" : 33.27051
    }
  }, {
    "shape" : "9cc7b23c-9a56-420c-9984-3d501f81051c",
    "color" : "#008EC2",
    "position" : {
      "x" : -35.888542,
      "y" : -29.034441,
      "z" : -4.236068
    },
    "orientation" : 24
  }, {
    "shape" : "33b83ec2-750f-451a-9293-2c361e31021f",
    "color" : "#FFFFFF",
    "position" : {
      "x" : -29.034441,
      "y" : -40.12461,
      "z" : 0.0
    }
  }, {
    "shape" : "48097631-3826-41d3-a248-25b4cc6755f4",
    "color" : "#008EC2",
    "position" : {
      "x" : 0.0,
      "y" : 33.27051,
      "z" : -6.854102
    },
    "orientation" : 1
  }, {
    "shape" : "ed1ac0b4-635b-498a-a8fd-7fd11362ffd5",
    "color" : "#008EC2",
    "position" : {
      "x" : -46.978714,
      "y" : -46.978714,
      "z" : -11.09017
    },
    "orientation" : 6
  }, {
    "shape" : "9cc7b23c-9a56-420c-9984-3d501f81051c",
    "color" : "#008EC2",
    "position" : {
      "x" : -17.944271,
      "y" : -35.888542,
      "z" : -29.034441
    },
    "orientation" : 37
  }, {
    "shape" : "9cc7b23c-9a56-420c-9984-3d501f81051c",
    "color" : "#008EC2",
    "position" : {
      "x" : -4.236068,
      "y" : 40.12461,
      "z" : 17.944271
    },
    "orientation" : 6
  }, {
    "shape" : "33b83ec2-750f-451a-9293-2c361e31021f",
    "color" : "#00CCCC",
    "position" : {
      "x" : -6.854102,
      "y" : 35.888542,
      "z" : 11.09017
    }
  }, {
    "shape" : "9cc7b23c-9a56-420c-9984-3d501f81051c",
    "color" : "#008EC2",
    "position" : {
      "x" : -35.888542,
      "y" : -29.034441,
      "z" : -4.236068
    },
    "orientation" : 11
  }, {
    "shape" : "ed1ac0b4-635b-498a-a8fd-7fd11362ffd5",
    "color" : "#008EC2",
    "position" : {
      "x" : -11.09017,
      "y" : -46.978714,
      "z" : -11.09017
    },
    "orientation" : 0
  }, {
    "shape" : "48097631-3826-41d3-a248-25b4cc6755f4",
    "color" : "#008EC2",
    "position" : {
      "x" : -17.944271,
      "y" : -22.18034,
      "z" : -6.854102
    },
    "orientation" : 6
  }, {
    "shape" : "ed1ac0b4-635b-498a-a8fd-7fd11362ffd5",
    "color" : "#008EC2",
    "position" : {
      "x" : 17.944271,
      "y" : 17.944271,
      "z" : 17.944271
    },
    "orientation" : 2
  }, {
    "shape" : "48097631-3826-41d3-a248-25b4cc6755f4",
    "color" : "#008EC2",
    "position" : {
      "x" : 17.944271,
      "y" : 40.12461,
      "z" : 40.12461
    },
    "orientation" : 24
  }, {
    "shape" : "ed1ac0b4-635b-498a-a8fd-7fd11362ffd5",
    "color" : "#008EC2",
    "position" : {
      "x" : 0.0,
      "y" : 11.09017,
      "z" : 29.034441
    },
    "orientation" : 23
  }, {
    "shape" : "33b83ec2-750f-451a-9293-2c361e31021f",
    "color" : "#00CCCC",
    "position" : {
      "x" : -31.652475,
      "y" : -22.18034,
      "z" : -15.326238
    }
  }, {
    "shape" : "9cc7b23c-9a56-420c-9984-3d501f81051c",
    "color" : "#008EC2",
    "position" : {
      "x" : -17.944271,
      "y" : -35.888542,
      "z" : 6.854102
    },
    "orientation" : 23
  }, {
    "shape" : "48097631-3826-41d3-a248-25b4cc6755f4",
    "color" : "#008EC2",
    "position" : {
      "x" : -17.944271,
      "y" : -35.888542,
      "z" : -29.034441
    },
    "orientation" : 2
  }, {
    "shape" : "33b83ec2-750f-451a-9293-2c361e31021f",
    "color" : "#00CCCC",
    "position" : {
      "x" : 13.708204,
      "y" : 11.09017,
      "z" : 29.034441
    }
  }, {
    "shape" : "48097631-3826-41d3-a248-25b4cc6755f4",
    "color" : "#008EC2",
    "position" : {
      "x" : 24.798374,
      "y" : 29.034441,
      "z" : 22.18034
    },
    "orientation" : 52
  }, {
    "shape" : "9cc7b23c-9a56-420c-9984-3d501f81051c",
    "color" : "#008EC2",
    "position" : {
      "x" : -29.034441,
      "y" : -40.12461,
      "z" : -22.18034
    },
    "orientation" : 8
  }, {
    "shape" : "ed1ac0b4-635b-498a-a8fd-7fd11362ffd5",
    "color" : "#008EC2",
    "position" : {
      "x" : -17.944271,
      "y" : -58.068882,
      "z" : 6.854102
    },
    "orientation" : 1
  }, {
    "shape" : "ed1ac0b4-635b-498a-a8fd-7fd11362ffd5",
    "color" : "#008EC2",
    "position" : {
      "x" : -24.798374,
      "y" : -11.09017,
      "z" : -11.09017
    },
    "orientation" : 10
  }, {
    "shape" : "ed1ac0b4-635b-498a-a8fd-7fd11362ffd5",
    "color" : "#008EC2",
    "position" : {
      "x" : -17.944271,
      "y" : -58.068882,
      "z" : -29.034441
    },
    "orientation" : 1
  }, {
    "shape" : "9cc7b23c-9a56-420c-9984-3d501f81051c",
    "color" : "#008EC2",
    "position" : {
      "x" : 40.12461,
      "y" : 40.12461,
      "z" : 4.236068
    },
    "orientation" : 37
  }, {
    "shape" : "33b83ec2-750f-451a-9293-2c361e31021f",
    "color" : "#00CCCC",
    "position" : {
      "x" : -17.944271,
      "y" : -13.708204,
      "z" : -15.326238
    }
  }, {
    "shape" : "48097631-3826-41d3-a248-25b4cc6755f4",
    "color" : "#008EC2",
    "position" : {
      "x" : 0.0,
      "y" : -29.034441,
      "z" : -17.944271
    },
    "orientation" : 2
  }, {
    "shape" : "48097631-3826-41d3-a248-25b4cc6755f4",
    "color" : "#008EC2",
    "position" : {
      "x" : 42.742645,
      "y" : 22.18034,
      "z" : 11.09017
    },
    "orientation" : 10
  }, {
    "shape" : "9cc7b23c-9a56-420c-9984-3d501f81051c",
    "color" : "#008EC2",
    "position" : {
      "x" : -24.798374,
      "y" : -33.27051,
      "z" : 2.618034
    },
    "orientation" : 8
  }, {
    "shape" : "9cc7b23c-9a56-420c-9984-3d501f81051c",
    "color" : "#008EC2",
    "position" : {
      "x" : -29.034441,
      "y" : -17.944271,
      "z" : -8.472136
    },
    "orientation" : 2
  }, {
    "shape" : "48097631-3826-41d3-a248-25b4cc6755f4",
    "color" : "#008EC2",
    "position" : {
      "x" : 17.944271,
      "y" : 17.944271,
      "z" : 4.236068
    },
    "orientation" : 6
  }, {
    "shape" : "ed1ac0b4-635b-498a-a8fd-7fd11362ffd5",
    "color" : "#008EC2",
    "position" : {
      "x" : 29.034441,
      "y" : 22.18034,
      "z" : 11.09017
    },
    "orientation" : 37
  }, {
    "shape" : "48097631-3826-41d3-a248-25b4cc6755f4",
    "color" : "#008EC2",
    "position" : {
      "x" : -35.888542,
      "y" : -29.034441,
      "z" : -17.944271
    },
    "orientation" : 8
  }, {
    "shape" : "33b83ec2-750f-451a-9293-2c361e31021f",
    "color" : "#FFFFFF",
    "position" : {
      "x" : 11.09017,
      "y" : -46.978714,
      "z" : -11.09017
    }
  }, {
    "shape" : "48097631-3826-41d3-a248-25b4cc6755f4",
    "color" : "#008EC2",
    "position" : {
      "x" : 6.854102,
      "y" : 58.068882,
      "z" : 11.09017
    },
    "orientation" : 25
  }, {
    "shape" : "ed1ac0b4-635b-498a-a8fd-7fd11362ffd5",
    "color" : "#008EC2",
    "position" : {
      "x" : -17.944271,
      "y" : -58.068882,
      "z" : 6.854102
    },
    "orientation" : 6
  }, {
    "shape" : "48097631-3826-41d3-a248-25b4cc6755f4",
    "color" : "#008EC2",
    "position" : {
      "x" : 6.854102,
      "y" : 35.888542,
      "z" : 11.09017
    },
    "orientation" : 37
  }, {
    "shape" : "33b83ec2-750f-451a-9293-2c361e31021f",
    "color" : "#00CCCC",
    "position" : {
      "x" : -6.854102,
      "y" : -31.652475,
      "z" : -22.18034
    }
  }, {
    "shape" : "48097631-3826-41d3-a248-25b4cc6755f4",
    "color" : "#008EC2",
    "position" : {
      "x" : -22.18034,
      "y" : -29.034441,
      "z" : -17.944271
    },
    "orientation" : 25
  }, {
    "shape" : "33b83ec2-750f-451a-9293-2c361e31021f",
    "color" : "#00CCCC",
    "position" : {
      "x" : 22.18034,
      "y" : 24.798374,
      "z" : 15.326238
    }
  }, {
    "shape" : "48097631-3826-41d3-a248-25b4cc6755f4",
    "color" : "#008EC2",
    "position" : {
      "x" : 11.09017,
      "y" : 29.034441,
      "z" : -13.708204
    },
    "orientation" : 24
  }, {
    "shape" : "9cc7b23c-9a56-420c-9984-3d501f81051c",
    "color" : "#008EC2",
    "position" : {
      "x" : -15.326238,
      "y" : -17.944271,
      "z" : 0.0
    },
    "orientation" : 0
  }, {
    "shape" : "7912e5ef-ed10-4c10-95b4-13120716ee80",
    "color" : "#008EC2",
    "position" : {
      "x" : -29.034441,
      "y" : -26.416409,
      "z" : -22.18034
    },
    "orientation" : 23
  }, {
    "shape" : "7912e5ef-ed10-4c10-95b4-13120716ee80",
    "color" : "#008EC2",
    "position" : {
      "x" : 22.18034,
      "y" : 33.27051,
      "z" : 6.854102
    },
    "orientation" : 21
  }, {
    "shape" : "9cc7b23c-9a56-420c-9984-3d501f81051c",
    "color" : "#008EC2",
    "position" : {
      "x" : 11.09017,
      "y" : 29.034441,
      "z" : 0.0
    },
    "orientation" : 37
  }, {
    "shape" : "48097631-3826-41d3-a248-25b4cc6755f4",
    "color" : "#008EC2",
    "position" : {
      "x" : 17.944271,
      "y" : 17.944271,
      "z" : -17.944271
    },
    "orientation" : 11
  }, {
    "shape" : "9cc7b23c-9a56-420c-9984-3d501f81051c",
    "color" : "#008EC2",
    "position" : {
      "x" : 17.944271,
      "y" : 4.236068,
      "z" : 4.236068
    },
    "orientation" : 23
  }, {
    "shape" : "9cc7b23c-9a56-420c-9984-3d501f81051c",
    "color" : "#008EC2",
    "position" : {
      "x" : -11.09017,
      "y" : -46.978714,
      "z" : -11.09017
    },
    "orientation" : 9
  }, {
    "shape" : "33b83ec2-750f-451a-9293-2c361e31021f",
    "color" : "#FFFFFF",
    "position" : {
      "x" : 29.034441,
      "y" : 35.888542,
      "z" : 11.09017
    }
  }, {
    "shape" : "33b83ec2-750f-451a-9293-2c361e31021f",
    "color" : "#00CCCC",
    "position" : {
      "x" : -13.708204,
      "y" : -15.326238,
      "z" : -4.236068
    }
  }, {
    "shape" : "ed1ac0b4-635b-498a-a8fd-7fd11362ffd5",
    "color" : "#008EC2",
    "position" : {
      "x" : -24.798374,
      "y" : -11.09017,
      "z" : -11.09017
    },
    "orientation" : 52
  }, {
    "shape" : "1ef505d5-1d48-4180-b3d5-c5835b4a2d78",
    "color" : "#008EC2",
    "position" : {
      "x" : -17.944271,
      "y" : -58.068882,
      "z" : -29.034441
    },
    "orientation" : 11
  }, {
    "shape" : "9cc7b23c-9a56-420c-9984-3d501f81051c",
    "color" : "#008EC2",
    "position" : {
      "x" : 15.326238,
      "y" : 22.18034,
      "z" : 11.09017
    },
    "orientation" : 25
  }, {
    "shape" : "9cc7b23c-9a56-420c-9984-3d501f81051c",
    "color" : "#008EC2",
    "position" : {
      "x" : -35.888542,
      "y" : -29.034441,
      "z" : -17.944271
    },
    "orientation" : 21
  }, {
    "shape" : "33b83ec2-750f-451a-9293-2c361e31021f",
    "color" : "#00CCCC",
    "position" : {
      "x" : -17.944271,
      "y" : -22.18034,
      "z" : -15.326238
    }
  }, {
    "shape" : "ed1ac0b4-635b-498a-a8fd-7fd11362ffd5",
    "color" : "#008EC2",
    "position" : {
      "x" : -6.854102,
      "y" : -40.12461,
      "z" : -22.18034
    },
    "orientation" : 8
  }, {
    "shape" : "48097631-3826-41d3-a248-25b4cc6755f4",
    "color" : "#008EC2",
    "position" : {
      "x" : -29.034441,
      "y" : -17.944271,
      "z" : -22.18034
    },
    "orientation" : 37
  }, {
    "shape" : "7912e5ef-ed10-4c10-95b4-13120716ee80",
    "color" : "#008EC2",
    "position" : {
      "x" : -17.944271,
      "y" : -44.36068,
      "z" : -6.854102
    },
    "orientation" : 11
  }, {
    "shape" : "48097631-3826-41d3-a248-25b4cc6755f4",
    "color" : "#008EC2",
    "position" : {
      "x" : -17.944271,
      "y" : -35.888542,
      "z" : -15.326238
    },
    "orientation" : 21
  }, {
    "shape" : "48097631-3826-41d3-a248-25b4cc6755f4",
    "color" : "#008EC2",
    "position" : {
      "x" : 17.944271,
      "y" : 40.12461,
      "z" : 17.944271
    },
    "orientation" : 26
  }, {
    "shape" : "ed1ac0b4-635b-498a-a8fd-7fd11362ffd5",
    "color" : "#008EC2",
    "position" : {
      "x" : 11.09017,
      "y" : 29.034441,
      "z" : 0.0
    },
    "orientation" : 52
  }, {
    "shape" : "9cc7b23c-9a56-420c-9984-3d501f81051c",
    "color" : "#008EC2",
    "position" : {
      "x" : -4.236068,
      "y" : -22.18034,
      "z" : -6.854102
    },
    "orientation" : 21
  }, {
    "shape" : "9cc7b23c-9a56-420c-9984-3d501f81051c",
    "color" : "#008EC2",
    "position" : {
      "x" : 24.798374,
      "y" : 29.034441,
      "z" : 8.472136
    },
    "orientation" : 21
  }, {
    "shape" : "7912e5ef-ed10-4c10-95b4-13120716ee80",
    "color" : "#008EC2",
    "position" : {
      "x" : -17.944271,
      "y" : -44.36068,
      "z" : -15.326238
    },
    "orientation" : 23
  }, {
    "shape" : "33b83ec2-750f-451a-9293-2c361e31021f",
    "color" : "#FFFFFF",
    "position" : {
