{
  "polygons" : "true",
  "field" : "golden",
  "symmetry" : "icosahedral",
  "orientations" : [ [ 1.0, 0.0, 0.0, 0.0, 0.0, 1.0, 0.0, 0.0, 0.0, 0.0, 1.0, 0.0, 0.0, 0.0, 0.0, 1.0 ], [ 0.0, 0.0, 1.0, 0.0, 1.0, 0.0, 0.0, 0.0, 0.0, 1.0, 0.0, 0.0, 0.0, 0.0, 0.0, 1.0 ], [ 0.0, 1.0, 0.0, 0.0, 0.0, 0.0, 1.0, 0.0, 1.0, 0.0, 0.0, 0.0, 0.0, 0.0, 0.0, 1.0 ], [ 0.809017, 0.309017, 0.5, 0.0, 0.309017, 0.5, -0.809017, 0.0, -0.5, 0.809017, 0.309017, 0.0, 0.0, 0.0, 0.0, 1.0 ], [ -0.5, 0.809017, 0.309017, 0.0, 0.809017, 0.309017, 0.5, 0.0, 0.309017, 0.5, -0.809017, 0.0, 0.0, 0.0, 0.0, 1.0 ], [ 0.309017, 0.5, -0.809017, 0.0, -0.5, 0.809017, 0.309017, 0.0, 0.809017, 0.309017, 0.5, 0.0, 0.0, 0.0, 0.0, 1.0 ], [ 0.5, 0.809017, 0.309017, 0.0, 0.809017, -0.309017, -0.5, 0.0, -0.309017, 0.5, -0.809017, 0.0, 0.0, 0.0, 0.0, 1.0 ], [ -0.309017, 0.5, -0.809017, 0.0, 0.5, 0.809017, 0.309017, 0.0, 0.809017, -0.309017, -0.5, 0.0, 0.0, 0.0, 0.0, 1.0 ], [ 0.809017, -0.309017, -0.5, 0.0, -0.309017, 0.5, -0.809017, 0.0, 0.5, 0.809017, 0.309017, 0.0, 0.0, 0.0, 0.0, 1.0 ], [ 0.5, 0.809017, -0.309017, 0.0, 0.809017, -0.309017, 0.5, 0.0, 0.309017, -0.5, -0.809017, 0.0, 0.0, 0.0, 0.0, 1.0 ], [ 0.309017, -0.5, -0.809017, 0.0, 0.5, 0.809017, -0.309017, 0.0, 0.809017, -0.309017, 0.5, 0.0, 0.0, 0.0, 0.0, 1.0 ], [ 0.809017, -0.309017, 0.5, 0.0, 0.309017, -0.5, -0.809017, 0.0, 0.5, 0.809017, -0.309017, 0.0, 0.0, 0.0, 0.0, 1.0 ], [ 0.809017, 0.309017, -0.5, 0.0, 0.309017, 0.5, 0.809017, 0.0, 0.5, -0.809017, 0.309017, 0.0, 0.0, 0.0, 0.0, 1.0 ], [ 0.5, -0.809017, 0.309017, 0.0, 0.809017, 0.309017, -0.5, 0.0, 0.309017, 0.5, 0.809017, 0.0, 0.0, 0.0, 0.0, 1.0 ], [ 0.309017, 0.5, 0.809017, 0.0, 0.5, -0.809017, 0.309017, 0.0, 0.809017, 0.309017, -0.5, 0.0, 0.0, 0.0, 0.0, 1.0 ], [ 1.0, 0.0, 0.0, 0.0, 0.0, -1.0, 0.0, 0.0, 0.0, 0.0, -1.0, 0.0, 0.0, 0.0, 0.0, 1.0 ], [ 0.0, 0.0, 1.0, 0.0, -1.0, 0.0, 0.0, 0.0, 0.0, -1.0, 0.0, 0.0, 0.0, 0.0, 0.0, 1.0 ], [ 0.0, 1.0, 0.0, 0.0, 0.0, 0.0, -1.0, 0.0, -1.0, 0.0, 0.0, 0.0, 0.0, 0.0, 0.0, 1.0 ], [ 0.809017, 0.309017, 0.5, 0.0, -0.309017, -0.5, 0.809017, 0.0, 0.5, -0.809017, -0.309017, 0.0, 0.0, 0.0, 0.0, 1.0 ], [ -0.5, 0.809017, 0.309017, 0.0, -0.809017, -0.309017, -0.5, 0.0, -0.309017, -0.5, 0.809017, 0.0, 0.0, 0.0, 0.0, 1.0 ], [ 0.309017, 0.5, -0.809017, 0.0, 0.5, -0.809017, -0.309017, 0.0, -0.809017, -0.309017, -0.5, 0.0, 0.0, 0.0, 0.0, 1.0 ], [ 0.5, 0.809017, 0.309017, 0.0, -0.809017, 0.309017, 0.5, 0.0, 0.309017, -0.5, 0.809017, 0.0, 0.0, 0.0, 0.0, 1.0 ], [ -0.309017, 0.5, -0.809017, 0.0, -0.5, -0.809017, -0.309017, 0.0, -0.809017, 0.309017, 0.5, 0.0, 0.0, 0.0, 0.0, 1.0 ], [ 0.809017, -0.309017, -0.5, 0.0, 0.309017, -0.5, 0.809017, 0.0, -0.5, -0.809017, -0.309017, 0.0, 0.0, 0.0, 0.0, 1.0 ], [ 0.5, 0.809017, -0.309017, 0.0, -0.809017, 0.309017, -0.5, 0.0, -0.309017, 0.5, 0.809017, 0.0, 0.0, 0.0, 0.0, 1.0 ], [ 0.309017, -0.5, -0.809017, 0.0, -0.5, -0.809017, 0.309017, 0.0, -0.809017, 0.309017, -0.5, 0.0, 0.0, 0.0, 0.0, 1.0 ], [ 0.809017, -0.309017, 0.5, 0.0, -0.309017, 0.5, 0.809017, 0.0, -0.5, -0.809017, 0.309017, 0.0, 0.0, 0.0, 0.0, 1.0 ], [ 0.809017, 0.309017, -0.5, 0.0, -0.309017, -0.5, -0.809017, 0.0, -0.5, 0.809017, -0.309017, 0.0, 0.0, 0.0, 0.0, 1.0 ], [ 0.5, -0.809017, 0.309017, 0.0, -0.809017, -0.309017, 0.5, 0.0, -0.309017, -0.5, -0.809017, 0.0, 0.0, 0.0, 0.0, 1.0 ], [ 0.309017, 0.5, 0.809017, 0.0, -0.5, 0.809017, -0.309017, 0.0, -0.809017, -0.309017, 0.5, 0.0, 0.0, 0.0, 0.0, 1.0 ], [ -1.0, 0.0, 0.0, 0.0, 0.0, -1.0, 0.0, 0.0, 0.0, 0.0, 1.0, 0.0, 0.0, 0.0, 0.0, 1.0 ], [ 0.0, 0.0, -1.0, 0.0, -1.0, 0.0, 0.0, 0.0, 0.0, 1.0, 0.0, 0.0, 0.0, 0.0, 0.0, 1.0 ], [ 0.0, -1.0, 0.0, 0.0, 0.0, 0.0, -1.0, 0.0, 1.0, 0.0, 0.0, 0.0, 0.0, 0.0, 0.0, 1.0 ], [ -0.809017, -0.309017, -0.5, 0.0, -0.309017, -0.5, 0.809017, 0.0, -0.5, 0.809017, 0.309017, 0.0, 0.0, 0.0, 0.0, 1.0 ], [ 0.5, -0.809017, -0.309017, 0.0, -0.809017, -0.309017, -0.5, 0.0, 0.309017, 0.5, -0.809017, 0.0, 0.0, 0.0, 0.0, 1.0 ], [ -0.309017, -0.5, 0.809017, 0.0, 0.5, -0.809017, -0.309017, 0.0, 0.809017, 0.309017, 0.5, 0.0, 0.0, 0.0, 0.0, 1.0 ], [ -0.5, -0.809017, -0.309017, 0.0, -0.809017, 0.309017, 0.5, 0.0, -0.309017, 0.5, -0.809017, 0.0, 0.0, 0.0, 0.0, 1.0 ], [ 0.309017, -0.5, 0.809017, 0.0, -0.5, -0.809017, -0.309017, 0.0, 0.809017, -0.309017, -0.5, 0.0, 0.0, 0.0, 0.0, 1.0 ], [ -0.809017, 0.309017, 0.5, 0.0, 0.309017, -0.5, 0.809017, 0.0, 0.5, 0.809017, 0.309017, 0.0, 0.0, 0.0, 0.0, 1.0 ], [ -0.5, -0.809017, 0.309017, 0.0, -0.809017, 0.309017, -0.5, 0.0, 0.309017, -0.5, -0.809017, 0.0, 0.0, 0.0, 0.0, 1.0 ], [ -0.309017, 0.5, 0.809017, 0.0, -0.5, -0.809017, 0.309017, 0.0, 0.809017, -0.309017, 0.5, 0.0, 0.0, 0.0, 0.0, 1.0 ], [ -0.809017, 0.309017, -0.5, 0.0, -0.309017, 0.5, 0.809017, 0.0, 0.5, 0.809017, -0.309017, 0.0, 0.0, 0.0, 0.0, 1.0 ], [ -0.809017, -0.309017, 0.5, 0.0, -0.309017, -0.5, -0.809017, 0.0, 0.5, -0.809017, 0.309017, 0.0, 0.0, 0.0, 0.0, 1.0 ], [ -0.5, 0.809017, -0.309017, 0.0, -0.809017, -0.309017, 0.5, 0.0, 0.309017, 0.5, 0.809017, 0.0, 0.0, 0.0, 0.0, 1.0 ], [ -0.309017, -0.5, -0.809017, 0.0, -0.5, 0.809017, -0.309017, 0.0, 0.809017, 0.309017, -0.5, 0.0, 0.0, 0.0, 0.0, 1.0 ], [ -1.0, 0.0, 0.0, 0.0, 0.0, 1.0, 0.0, 0.0, 0.0, 0.0, -1.0, 0.0, 0.0, 0.0, 0.0, 1.0 ], [ 0.0, 0.0, -1.0, 0.0, 1.0, 0.0, 0.0, 0.0, 0.0, -1.0, 0.0, 0.0, 0.0, 0.0, 0.0, 1.0 ], [ 0.0, -1.0, 0.0, 0.0, 0.0, 0.0, 1.0, 0.0, -1.0, 0.0, 0.0, 0.0, 0.0, 0.0, 0.0, 1.0 ], [ -0.809017, -0.309017, -0.5, 0.0, 0.309017, 0.5, -0.809017, 0.0, 0.5, -0.809017, -0.309017, 0.0, 0.0, 0.0, 0.0, 1.0 ], [ 0.5, -0.809017, -0.309017, 0.0, 0.809017, 0.309017, 0.5, 0.0, -0.309017, -0.5, 0.809017, 0.0, 0.0, 0.0, 0.0, 1.0 ], [ -0.309017, -0.5, 0.809017, 0.0, -0.5, 0.809017, 0.309017, 0.0, -0.809017, -0.309017, -0.5, 0.0, 0.0, 0.0, 0.0, 1.0 ], [ -0.5, -0.809017, -0.309017, 0.0, 0.809017, -0.309017, -0.5, 0.0, 0.309017, -0.5, 0.809017, 0.0, 0.0, 0.0, 0.0, 1.0 ], [ 0.309017, -0.5, 0.809017, 0.0, 0.5, 0.809017, 0.309017, 0.0, -0.809017, 0.309017, 0.5, 0.0, 0.0, 0.0, 0.0, 1.0 ], [ -0.809017, 0.309017, 0.5, 0.0, -0.309017, 0.5, -0.809017, 0.0, -0.5, -0.809017, -0.309017, 0.0, 0.0, 0.0, 0.0, 1.0 ], [ -0.5, -0.809017, 0.309017, 0.0, 0.809017, -0.309017, 0.5, 0.0, -0.309017, 0.5, 0.809017, 0.0, 0.0, 0.0, 0.0, 1.0 ], [ -0.309017, 0.5, 0.809017, 0.0, 0.5, 0.809017, -0.309017, 0.0, -0.809017, 0.309017, -0.5, 0.0, 0.0, 0.0, 0.0, 1.0 ], [ -0.809017, 0.309017, -0.5, 0.0, 0.309017, -0.5, -0.809017, 0.0, -0.5, -0.809017, 0.309017, 0.0, 0.0, 0.0, 0.0, 1.0 ], [ -0.809017, -0.309017, 0.5, 0.0, 0.309017, 0.5, 0.809017, 0.0, -0.5, 0.809017, -0.309017, 0.0, 0.0, 0.0, 0.0, 1.0 ], [ -0.5, 0.809017, -0.309017, 0.0, 0.809017, 0.309017, -0.5, 0.0, -0.309017, -0.5, -0.809017, 0.0, 0.0, 0.0, 0.0, 1.0 ], [ -0.309017, -0.5, -0.809017, 0.0, 0.5, -0.809017, 0.309017, 0.0, -0.809017, -0.309017, 0.5, 0.0, 0.0, 0.0, 0.0, 1.0 ] ],
  "lights" : {
    "backgroundColor" : "#AFC8DC",
    "ambientColor" : "#292929",
    "directionalLights" : [ {
      "direction" : [ 1.0, -1.0, -1.0 ],
      "color" : "#EBEBE4"
    }, {
      "direction" : [ -1.0, 0.0, 0.0 ],
      "color" : "#E4E4EB"
    }, {
      "direction" : [ 0.0, 0.0, -1.0 ],
      "color" : "#1E1E1E"
    } ]
  },
  "camera" : {
    "width" : 982.76636,
    "position" : {
      "x" : -1447.4346,
      "y" : -1623.629,
      "z" : 195.73772
    },
    "perspective" : true,
    "fieldOfView" : 0.44262874,
    "viewDistance" : 2183.926,
    "upDirectionRV" : {
      "x" : -0.49476418,
      "y" : 0.3449101,
      "z" : -0.79765016,
      "zero" : false
    },
    "lookAtPointRV" : {
      "x" : 0.0,
      "y" : 0.0,
      "z" : 0.0,
      "zero" : true
    },
    "lookDirectionRV" : {
      "x" : 0.66276723,
      "y" : 0.74344504,
      "z" : -0.089626536,
      "zero" : false
    },
    "stereo" : false,
    "nearClipDistance" : 5.4598103,
    "lookAtPoint" : {
      "x" : 0.0,
      "y" : 0.0,
      "z" : 0.0
    },
    "lookDirection" : {
      "x" : 0.66276723,
      "y" : 0.74344504,
      "z" : -0.089626536
    },
    "upDirection" : {
      "x" : -0.49476418,
      "y" : 0.3449101,
      "z" : -0.79765016
    },
    "farClipDistance" : 4367.847
  },
  "embedding" : [ 1.0, 0.0, 0.0, 0.0, 0.0, 1.0, 0.0, 0.0, 0.0, 0.0, 1.0, 0.0, 0.0, 0.0, 0.0, 1.0 ],
  "shapes" : [ {
    "id" : "6112a56a-6909-467d-b7c4-1a97cc130856",
    "orbit" : "yellow",
    "orbitC" : "[[0,0,1],[2,-1,1]]",
    "length" : "[0,6,1]",
    "name" : " :6*phi",
    "vertices" : [ {
      "x" : 0.809017,
      "y" : 0.0,
      "z" : -0.690983
    }, {
      "x" : 1.0,
      "y" : 0.309017,
      "z" : -0.19098301
    }, {
      "x" : 32.461494,
      "y" : 0.309017,
      "z" : -12.208204
    }, {
      "x" : 32.27051,
      "y" : 0.0,
      "z" : -12.708204
    }, {
      "x" : 65.54102,
      "y" : 0.309017,
      "z" : -25.225426
    }, {
      "x" : 1.0,
      "y" : -0.309017,
      "z" : -0.19098301
    }, {
      "x" : 32.461494,
      "y" : -0.309017,
      "z" : -12.208204
    }, {
      "x" : 34.079525,
      "y" : 0.309017,
      "z" : -13.208204
    }, {
      "x" : 34.27051,
      "y" : 0.0,
      "z" : -12.708204
    }, {
      "x" : 66.54102,
      "y" : 0.0,
      "z" : -25.416409
    }, {
      "x" : 34.079525,
      "y" : -0.309017,
      "z" : -13.208204
    }, {
      "x" : 65.732,
      "y" : 0.0,
      "z" : -24.725426
    }, {
      "x" : 65.54102,
      "y" : -0.309017,
      "z" : -25.225426
    } ],
    "faces" : [ {
      "vertices" : [ 2, 6, 8 ]
    }, {
      "vertices" : [ 4, 12, 10, 7 ]
    }, {
      "vertices" : [ 2, 8, 7 ]
    }, {
      "vertices" : [ 3, 10, 6 ]
    }, {
      "vertices" : [ 3, 7, 10 ]
    }, {
      "vertices" : [ 0, 1, 2, 3 ]
    }, {
      "vertices" : [ 6, 10, 8 ]
    }, {
      "vertices" : [ 8, 10, 12, 11 ]
    }, {
      "vertices" : [ 2, 7, 3 ]
    }, {
      "vertices" : [ 0, 3, 6, 5 ]
    }, {
      "vertices" : [ 1, 5, 6, 2 ]
    }, {
      "vertices" : [ 4, 7, 8, 11 ]
    } ]
  }, {
    "id" : "1d7d592e-57a7-4e10-8c99-2f35120fd8af",
    "name" : "ball",
    "vertices" : [ {
      "x" : 0.309017,
      "y" : -0.809017,
      "z" : 0.618034
    }, {
      "x" : 0.809017,
      "y" : -0.618034,
      "z" : 0.309017
    }, {
      "x" : 0.618034,
      "y" : -0.309017,
      "z" : 0.809017
    }, {
      "x" : 1.0,
      "y" : 0.309017,
      "z" : 0.19098301
    }, {
      "x" : 0.809017,
      "y" : 0.618034,
      "z" : 0.309017
    }, {
      "x" : 0.618034,
      "y" : 0.309017,
      "z" : 0.809017
    }, {
      "x" : 0.809017,
      "y" : 0.0,
      "z" : 0.690983
    }, {
      "x" : 0.19098301,
      "y" : -1.0,
      "z" : 0.309017
    }, {
      "x" : -0.19098301,
      "y" : -1.0,
      "z" : 0.309017
    }, {
      "x" : -0.19098301,
      "y" : -1.0,
      "z" : -0.309017
    }, {
      "x" : 0.19098301,
      "y" : -1.0,
      "z" : -0.309017
    }, {
      "x" : 1.0,
      "y" : -0.309017,
      "z" : -0.19098301
    }, {
      "x" : 0.809017,
      "y" : -0.618034,
      "z" : -0.309017
    }, {
      "x" : 0.618034,
      "y" : -0.309017,
      "z" : -0.809017
    }, {
      "x" : 0.809017,
      "y" : 0.0,
      "z" : -0.690983
    }, {
      "x" : 0.0,
      "y" : 0.690983,
      "z" : -0.809017
    }, {
      "x" : 0.309017,
      "y" : 0.809017,
      "z" : -0.618034
    }, {
      "x" : 0.618034,
      "y" : 0.309017,
      "z" : -0.809017
    }, {
      "x" : 0.309017,
      "y" : 0.19098301,
      "z" : -1.0
    }, {
      "x" : 1.0,
      "y" : 0.309017,
      "z" : -0.19098301
    }, {
      "x" : -0.309017,
      "y" : -0.809017,
      "z" : 0.618034
    }, {
      "x" : 0.0,
      "y" : -0.690983,
      "z" : 0.809017
    }, {
      "x" : 0.809017,
      "y" : 0.618034,
      "z" : -0.309017
    }, {
      "x" : 0.690983,
      "y" : 0.809017,
      "z" : 0.0
    }, {
      "x" : -0.690983,
      "y" : 0.809017,
      "z" : 0.0
    }, {
      "x" : -0.809017,
      "y" : 0.618034,
      "z" : 0.309017
    }, {
      "x" : -0.309017,
      "y" : 0.809017,
      "z" : 0.618034
    }, {
      "x" : -0.19098301,
      "y" : 1.0,
      "z" : 0.309017
    }, {
      "x" : 0.309017,
      "y" : -0.19098301,
      "z" : -1.0
    }, {
      "x" : 0.19098301,
      "y" : 1.0,
      "z" : 0.309017
    }, {
      "x" : 0.309017,
      "y" : 0.809017,
      "z" : 0.618034
    }, {
      "x" : -0.809017,
      "y" : -0.618034,
      "z" : 0.309017
    }, {
      "x" : -0.690983,
      "y" : -0.809017,
      "z" : 0.0
    }, {
      "x" : 0.0,
      "y" : 0.690983,
      "z" : 0.809017
    }, {
      "x" : 0.309017,
      "y" : -0.809017,
      "z" : -0.618034
    }, {
      "x" : 0.0,
      "y" : -0.690983,
      "z" : -0.809017
    }, {
      "x" : -1.0,
      "y" : 0.309017,
      "z" : 0.19098301
    }, {
      "x" : -0.809017,
      "y" : 0.0,
      "z" : 0.690983
    }, {
      "x" : -0.618034,
      "y" : 0.309017,
      "z" : 0.809017
    }, {
      "x" : 1.0,
      "y" : -0.309017,
      "z" : 0.19098301
    }, {
      "x" : -0.309017,
      "y" : -0.809017,
      "z" : -0.618034
    }, {
      "x" : -1.0,
      "y" : 0.309017,
      "z" : -0.19098301
    }, {
      "x" : -1.0,
      "y" : -0.309017,
      "z" : -0.19098301
    }, {
      "x" : -1.0,
      "y" : -0.309017,
      "z" : 0.19098301
    }, {
      "x" : 0.19098301,
      "y" : 1.0,
      "z" : -0.309017
    }, {
      "x" : -0.809017,
      "y" : 0.618034,
      "z" : -0.309017
    }, {
      "x" : -0.19098301,
      "y" : 1.0,
      "z" : -0.309017
    }, {
      "x" : -0.309017,
      "y" : 0.809017,
      "z" : -0.618034
    }, {
      "x" : -0.618034,
      "y" : -0.309017,
      "z" : 0.809017
    }, {
      "x" : 0.309017,
      "y" : 0.19098301,
      "z" : 1.0
    }, {
      "x" : -0.309017,
      "y" : 0.19098301,
      "z" : -1.0
    }, {
      "x" : -0.309017,
      "y" : 0.19098301,
      "z" : 1.0
    }, {
      "x" : -0.309017,
      "y" : -0.19098301,
      "z" : 1.0
    }, {
      "x" : 0.309017,
      "y" : -0.19098301,
      "z" : 1.0
    }, {
      "x" : 0.690983,
      "y" : -0.809017,
      "z" : 0.0
    }, {
      "x" : -0.809017,
      "y" : 0.0,
      "z" : -0.690983
    }, {
      "x" : -0.618034,
      "y" : -0.309017,
      "z" : -0.809017
    }, {
      "x" : -0.309017,
      "y" : -0.19098301,
      "z" : -1.0
    }, {
      "x" : -0.618034,
      "y" : 0.309017,
      "z" : -0.809017
    }, {
      "x" : -0.809017,
      "y" : -0.618034,
      "z" : -0.309017
    } ],
    "faces" : [ {
      "vertices" : [ 9, 40, 35, 34, 10 ]
    }, {
      "vertices" : [ 0, 1, 2 ]
    }, {
      "vertices" : [ 33, 51, 49 ]
    }, {
      "vertices" : [ 25, 36, 37, 38 ]
    }, {
      "vertices" : [ 41, 55, 42 ]
    }, {
      "vertices" : [ 9, 32, 59, 40 ]
    }, {
      "vertices" : [ 20, 21, 52, 48 ]
    }, {
      "vertices" : [ 26, 33, 30, 29, 27 ]
    }, {
      "vertices" : [ 3, 4, 5, 6 ]
    }, {
      "vertices" : [ 27, 29, 44, 46 ]
    }, {
      "vertices" : [ 50, 57, 56, 55, 58 ]
    }, {
      "vertices" : [ 26, 38, 51, 33 ]
    }, {
      "vertices" : [ 45, 47, 58 ]
    }, {
      "vertices" : [ 18, 28, 57, 50 ]
    }, {
      "vertices" : [ 40, 59, 56 ]
    }, {
      "vertices" : [ 31, 48, 37, 43 ]
    }, {
      "vertices" : [ 7, 8, 9, 10 ]
    }, {
      "vertices" : [ 36, 41, 42, 43 ]
    }, {
      "vertices" : [ 24, 46, 47, 45 ]
    }, {
      "vertices" : [ 4, 30, 5 ]
    }, {
      "vertices" : [ 15, 47, 46, 44, 16 ]
    }, {
      "vertices" : [ 15, 50, 58, 47 ]
    }, {
      "vertices" : [ 24, 45, 41, 36, 25 ]
    }, {
      "vertices" : [ 11, 14, 19 ]
    }, {
      "vertices" : [ 3, 6, 39 ]
    }, {
      "vertices" : [ 1, 39, 6, 2 ]
    }, {
      "vertices" : [ 8, 32, 9 ]
    }, {
      "vertices" : [ 11, 12, 13, 14 ]
    }, {
      "vertices" : [ 16, 22, 17 ]
    }, {
      "vertices" : [ 0, 21, 20, 8, 7 ]
    }, {
      "vertices" : [ 12, 34, 13 ]
    }, {
      "vertices" : [ 35, 40, 56, 57 ]
    }, {
      "vertices" : [ 0, 7, 54, 1 ]
    }, {
      "vertices" : [ 15, 16, 17, 18 ]
    }, {
      "vertices" : [ 3, 19, 22, 23, 4 ]
    }, {
      "vertices" : [ 7, 10, 54 ]
    }, {
      "vertices" : [ 41, 45, 58, 55 ]
    }, {
      "vertices" : [ 3, 39, 11, 19 ]
    }, {
      "vertices" : [ 14, 17, 22, 19 ]
    }, {
      "vertices" : [ 0, 2, 53, 21 ]
    }, {
      "vertices" : [ 49, 51, 52, 53 ]
    }, {
      "vertices" : [ 31, 43, 42, 59, 32 ]
    }, {
      "vertices" : [ 15, 18, 50 ]
    }, {
      "vertices" : [ 42, 55, 56, 59 ]
    }, {
      "vertices" : [ 4, 23, 29, 30 ]
    }, {
      "vertices" : [ 25, 38, 26 ]
    }, {
      "vertices" : [ 13, 28, 18, 17, 14 ]
    }, {
      "vertices" : [ 8, 20, 31, 32 ]
    }, {
      "vertices" : [ 23, 44, 29 ]
    }, {
      "vertices" : [ 24, 27, 46 ]
    }, {
      "vertices" : [ 37, 48, 52, 51, 38 ]
    }, {
      "vertices" : [ 20, 48, 31 ]
    }, {
      "vertices" : [ 24, 25, 26, 27 ]
    }, {
      "vertices" : [ 16, 44, 23, 22 ]
    }, {
      "vertices" : [ 13, 34, 35, 28 ]
    }, {
      "vertices" : [ 10, 34, 12, 54 ]
    }, {
      "vertices" : [ 2, 6, 5, 49, 53 ]
    }, {
      "vertices" : [ 36, 43, 37 ]
    }, {
      "vertices" : [ 5, 30, 33, 49 ]
    }, {
      "vertices" : [ 1, 54, 12, 11, 39 ]
    }, {
      "vertices" : [ 28, 35, 57 ]
    }, {
      "vertices" : [ 21, 53, 52 ]
    } ]
  }, {
    "id" : "b3f57190-637b-48bd-b470-6f8ca4a1879c",
    "orbit" : "red",
    "orbitC" : "[[-1,1,1],[0,0,1]]",
    "length" : "[6,0,1]",
    "name" : " :6",
    "vertices" : [ {
      "x" : 19.753288,
      "y" : 12.326238,
      "z" : 0.309017
    }, {
      "x" : 21.371323,
      "y" : 13.09017,
      "z" : 0.309017
    }, {
      "x" : 21.18034,
      "y" : 13.399187,
      "z" : 0.19098301
    }, {
      "x" : 0.809017,
      "y" : 0.618034,
      "z" : -0.309017
    }, {
      "x" : 0.690983,
      "y" : 0.809017,
      "z" : 0.0
    }, {
      "x" : 19.635256,
      "y" : 12.5172205,
      "z" : 0.0
    }, {
      "x" : 19.753288,
      "y" : 12.326238,
      "z" : -0.309017
    }, {
      "x" : 40.315594,
      "y" : 24.798374,
      "z" : 0.309017
    }, {
      "x" : 19.944271,
      "y" : 12.0172205,
      "z" : 0.19098301
    }, {
      "x" : 19.944271,
      "y" : 12.0172205,
      "z" : -0.19098301
    }, {
      "x" : 21.489357,
      "y" : 12.899187,
      "z" : 0.0
    }, {
      "x" : 21.371323,
      "y" : 13.09017,
      "z" : -0.309017
    }, {
      "x" : 40.433628,
      "y" : 24.607391,
      "z" : 0.0
    }, {
      "x" : 1.0,
      "y" : 0.309017,
      "z" : 0.19098301
    }, {
      "x" : 1.0,
      "y" : 0.309017,
      "z" : -0.19098301
    }, {
      "x" : 0.809017,
      "y" : 0.618034,
      "z" : 0.309017
    }, {
      "x" : 40.12461,
      "y" : 25.107391,
      "z" : 0.19098301
    }, {
      "x" : 40.315594,
      "y" : 24.798374,
      "z" : -0.309017
    }, {
      "x" : 40.12461,
      "y" : 25.107391,
      "z" : -0.19098301
    }, {
      "x" : 41.12461,
      "y" : 25.416409,
      "z" : 0.0
    }, {
      "x" : 21.18034,
      "y" : 13.399187,
      "z" : -0.19098301
    } ],
    "faces" : [ {
      "vertices" : [ 3, 6, 9, 14 ]
    }, {
      "vertices" : [ 11, 20, 18, 17 ]
    }, {
      "vertices" : [ 0, 1, 2 ]
    }, {
      "vertices" : [ 0, 15, 13, 8 ]
    }, {
      "vertices" : [ 6, 20, 11 ]
    }, {
      "vertices" : [ 0, 2, 5 ]
    }, {
      "vertices" : [ 0, 8, 1 ]
    }, {
      "vertices" : [ 8, 13, 14, 9 ]
    }, {
      "vertices" : [ 3, 4, 5, 6 ]
    }, {
      "vertices" : [ 10, 11, 17, 12 ]
    }, {
      "vertices" : [ 1, 8, 10 ]
    }, {
      "vertices" : [ 0, 5, 4, 15 ]
    }, {
      "vertices" : [ 2, 16, 18, 20 ]
    }, {
      "vertices" : [ 1, 7, 16, 2 ]
    }, {
      "vertices" : [ 6, 11, 9 ]
    }, {
      "vertices" : [ 8, 9, 10 ]
    }, {
      "vertices" : [ 2, 20, 5 ]
    }, {
      "vertices" : [ 9, 11, 10 ]
    }, {
      "vertices" : [ 1, 10, 12, 7 ]
    }, {
      "vertices" : [ 5, 20, 6 ]
    } ]
  }, {
    "id" : "3ded95d8-de16-47d6-8a22-73ed64e97820",
    "orbit" : "red",
    "orbitC" : "[[-1,1,1],[0,0,1]]",
    "length" : "[0,6,1]",
    "name" : " :6*phi",
    "vertices" : [ {
      "x" : 32.461494,
      "y" : 20.18034,
      "z" : 0.309017
    }, {
      "x" : 34.079525,
      "y" : 20.944271,
      "z" : 0.309017
    }, {
      "x" : 33.888542,
      "y" : 21.253288,
      "z" : 0.19098301
    }, {
      "x" : 0.809017,
      "y" : 0.618034,
      "z" : -0.309017
    }, {
      "x" : 0.690983,
      "y" : 0.809017,
      "z" : 0.0
    }, {
      "x" : 32.34346,
      "y" : 20.371323,
      "z" : 0.0
    }, {
      "x" : 32.461494,
      "y" : 20.18034,
      "z" : -0.309017
    }, {
      "x" : 65.732,
      "y" : 40.506577,
      "z" : 0.309017
    }, {
      "x" : 32.652477,
      "y" : 19.871323,
      "z" : 0.19098301
    }, {
      "x" : 32.652477,
      "y" : 19.871323,
      "z" : -0.19098301
    }, {
      "x" : 34.19756,
      "y" : 20.753288,
      "z" : 0.0
    }, {
      "x" : 34.079525,
      "y" : 20.944271,
      "z" : -0.309017
    }, {
      "x" : 65.85004,
      "y" : 40.315594,
      "z" : 0.0
    }, {
      "x" : 1.0,
      "y" : 0.309017,
      "z" : 0.19098301
    }, {
      "x" : 1.0,
      "y" : 0.309017,
      "z" : -0.19098301
    }, {
      "x" : 0.809017,
      "y" : 0.618034,
      "z" : 0.309017
    }, {
      "x" : 65.54102,
      "y" : 40.815594,
      "z" : 0.19098301
    }, {
      "x" : 65.732,
      "y" : 40.506577,
      "z" : -0.309017
    }, {
      "x" : 65.54102,
      "y" : 40.815594,
      "z" : -0.19098301
    }, {
      "x" : 66.54102,
      "y" : 41.12461,
      "z" : 0.0
    }, {
      "x" : 33.888542,
      "y" : 21.253288,
      "z" : -0.19098301
    } ],
    "faces" : [ {
      "vertices" : [ 3, 6, 9, 14 ]
    }, {
      "vertices" : [ 11, 20, 18, 17 ]
    }, {
      "vertices" : [ 0, 1, 2 ]
    }, {
      "vertices" : [ 0, 15, 13, 8 ]
    }, {
      "vertices" : [ 6, 20, 11 ]
    }, {
      "vertices" : [ 0, 2, 5 ]
    }, {
      "vertices" : [ 0, 8, 1 ]
    }, {
      "vertices" : [ 8, 13, 14, 9 ]
    }, {
      "vertices" : [ 3, 4, 5, 6 ]
    }, {
      "vertices" : [ 10, 11, 17, 12 ]
    }, {
      "vertices" : [ 1, 8, 10 ]
    }, {
      "vertices" : [ 0, 5, 4, 15 ]
    }, {
      "vertices" : [ 2, 16, 18, 20 ]
    }, {
      "vertices" : [ 1, 7, 16, 2 ]
    }, {
      "vertices" : [ 6, 11, 9 ]
    }, {
      "vertices" : [ 8, 9, 10 ]
    }, {
      "vertices" : [ 2, 20, 5 ]
    }, {
      "vertices" : [ 9, 11, 10 ]
    }, {
      "vertices" : [ 1, 10, 12, 7 ]
    }, {
      "vertices" : [ 5, 20, 6 ]
    } ]
  }, {
    "id" : "042aa520-f5d5-4ac0-9049-cb1dd12350f6",
    "orbit" : "blue",
    "orbitC" : "[[0,0,1],[0,0,1]]",
    "length" : "[0,6,1]",
    "name" : " :6*phi",
    "vertices" : [ {
      "x" : 81.24922,
      "y" : 0.309017,
      "z" : 0.19098301
    }, {
      "x" : 81.24922,
      "y" : 0.309017,
      "z" : -0.19098301
    }, {
      "x" : 1.0,
      "y" : 0.309017,
      "z" : -0.19098301
    }, {
      "x" : 1.0,
      "y" : 0.309017,
      "z" : 0.19098301
    }, {
      "x" : 81.24922,
      "y" : -0.309017,
      "z" : 0.19098301
    }, {
      "x" : 1.0,
      "y" : -0.309017,
      "z" : 0.19098301
    }, {
      "x" : 1.0,
      "y" : -0.309017,
      "z" : -0.19098301
    }, {
      "x" : 81.24922,
      "y" : -0.309017,
      "z" : -0.19098301
    }, {
      "x" : 82.24922,
      "y" : 0.0,
      "z" : 0.0
    } ],
    "faces" : [ {
      "vertices" : [ 1, 7, 6, 2 ]
    }, {
      "vertices" : [ 0, 1, 2, 3 ]
    }, {
      "vertices" : [ 4, 5, 6, 7 ]
    }, {
      "vertices" : [ 0, 3, 5, 4 ]
    } ]
  } ],
  "instances" : [ {
    "shape" : "6112a56a-6909-467d-b7c4-1a97cc130856",
    "color" : "#FFB31A",
    "position" : {
      "x" : -107.665634,
      "y" : 66.54102,
      "z" : 133.08205
    },
    "orientation" : 22
  }, {
    "shape" : "6112a56a-6909-467d-b7c4-1a97cc130856",
    "color" : "#FFB31A",
    "position" : {
      "x" : 215.33127,
      "y" : -133.08205,
      "z" : 0.0
    },
    "orientation" : 6
  }, {
    "shape" : "1d7d592e-57a7-4e10-8c99-2f35120fd8af",
    "color" : "#000000",
    "position" : {
      "x" : -174.20665,
      "y" : -41.12461,
      "z" : -174.20665
    }
  }, {
    "shape" : "b3f57190-637b-48bd-b470-6f8ca4a1879c",
    "color" : "#D91218",
    "position" : {
      "x" : 0.0,
      "y" : 133.08205,
      "z" : 215.33127
    },
    "orientation" : 30
  }, {
    "shape" : "b3f57190-637b-48bd-b470-6f8ca4a1879c",
    "color" : "#D91218",
    "position" : {
      "x" : -215.33127,
      "y" : 41.12461,
      "z" : -107.665634
    },
    "orientation" : 16
  }, {
    "shape" : "6112a56a-6909-467d-b7c4-1a97cc130856",
    "color" : "#FFB31A",
    "position" : {
      "x" : -215.33127,
      "y" : -107.665634,
      "z" : 66.54102
    },
    "orientation" : 1
  }, {
    "shape" : "3ded95d8-de16-47d6-8a22-73ed64e97820",
    "color" : "#D91218",
    "position" : {
      "x" : 0.0,
      "y" : -148.79024,
      "z" : -174.20665
    },
    "orientation" : 0
  }, {
    "shape" : "042aa520-f5d5-4ac0-9049-cb1dd12350f6",
    "color" : "#008EC2",
    "position" : {
      "x" : -133.08205,
      "y" : 174.20665,
      "z" : -107.665634
    },
    "orientation" : 25
  }, {
    "shape" : "6112a56a-6909-467d-b7c4-1a97cc130856",
    "color" : "#FFB31A",
    "position" : {
      "x" : -174.20665,
      "y" : -41.12461,
      "z" : 41.12461
    },
    "orientation" : 3
  }, {
    "shape" : "6112a56a-6909-467d-b7c4-1a97cc130856",
    "color" : "#FFB31A",
    "position" : {
      "x" : -107.665634,
      "y" : -133.08205,
      "z" : 174.20665
    },
    "orientation" : 24
  }, {
    "shape" : "6112a56a-6909-467d-b7c4-1a97cc130856",
    "color" : "#FFB31A",
    "position" : {
      "x" : -215.33127,
      "y" : 41.12461,
      "z" : -107.665634
    },
    "orientation" : 7
  }, {
    "shape" : "042aa520-f5d5-4ac0-9049-cb1dd12350f6",
    "color" : "#008EC2",
    "position" : {
      "x" : -41.12461,
      "y" : -41.12461,
      "z" : 174.20665
    },
    "orientation" : 24
  }, {
    "shape" : "1d7d592e-57a7-4e10-8c99-2f35120fd8af",
    "color" : "#000000",
    "position" : {
      "x" : 41.12461,
      "y" : 174.20665,
      "z" : 174.20665
    }
  }, {
    "shape" : "3ded95d8-de16-47d6-8a22-73ed64e97820",
    "color" : "#D91218",
    "position" : {
      "x" : 0.0,
      "y" : 0.0,
      "z" : -215.33127
    },
    "orientation" : 0
  }, {
    "shape" : "b3f57190-637b-48bd-b470-6f8ca4a1879c",
    "color" : "#D91218",
    "position" : {
      "x" : 107.665634,
      "y" : 174.20665,
      "z" : 66.54102
    },
    "orientation" : 46
  }, {
    "shape" : "3ded95d8-de16-47d6-8a22-73ed64e97820",
    "color" : "#D91218",
    "position" : {
      "x" : 174.20665,
      "y" : 133.08205,
      "z" : -66.54102
    },
    "orientation" : 16
  }, {
    "shape" : "b3f57190-637b-48bd-b470-6f8ca4a1879c",
    "color" : "#D91218",
    "position" : {
      "x" : 174.20665,
      "y" : 107.665634,
      "z" : -133.08205
    },
    "orientation" : 1
  }, {
    "shape" : "b3f57190-637b-48bd-b470-6f8ca4a1879c",
    "color" : "#D91218",
    "position" : {
      "x" : -107.665634,
      "y" : 133.08205,
      "z" : 174.20665
    },
    "orientation" : 46
  }, {
    "shape" : "1d7d592e-57a7-4e10-8c99-2f35120fd8af",
    "color" : "#000000",
    "position" : {
      "x" : -174.20665,
      "y" : 133.08205,
      "z" : 66.54102
    }
  }, {
    "shape" : "1d7d592e-57a7-4e10-8c99-2f35120fd8af",
    "color" : "#000000",
    "position" : {
      "x" : -240.74767,
      "y" : -66.54102,
      "z" : 0.0
    }
  }, {
    "shape" : "6112a56a-6909-467d-b7c4-1a97cc130856",
    "color" : "#FFB31A",
    "position" : {
      "x" : -107.665634,
      "y" : 0.0,
      "z" : 174.20665
    },
    "orientation" : 5
  }, {
    "shape" : "b3f57190-637b-48bd-b470-6f8ca4a1879c",
    "color" : "#D91218",
    "position" : {
      "x" : 41.12461,
      "y" : -174.20665,
      "z" : -41.12461
    },
    "orientation" : 16
  }, {
    "shape" : "6112a56a-6909-467d-b7c4-1a97cc130856",
    "color" : "#FFB31A",
    "position" : {
      "x" : 66.54102,
      "y" : 107.665634,
      "z" : 174.20665
    },
    "orientation" : 30
  }, {
    "shape" : "1d7d592e-57a7-4e10-8c99-2f35120fd8af",
    "color" : "#000000",
    "position" : {
      "x" : 133.08205,
      "y" : -66.54102,
      "z" : -174.20665
    }
  }, {
    "shape" : "6112a56a-6909-467d-b7c4-1a97cc130856",
    "color" : "#FFB31A",
    "position" : {
      "x" : -133.08205,
      "y" : 66.54102,
      "z" : 174.20665
    },
    "orientation" : 6
  }, {
    "shape" : "1d7d592e-57a7-4e10-8c99-2f35120fd8af",
    "color" : "#000000",
    "position" : {
      "x" : 174.20665,
      "y" : 66.54102,
      "z" : -107.665634
    }
  }, {
    "shape" : "1d7d592e-57a7-4e10-8c99-2f35120fd8af",
    "color" : "#000000",
    "position" : {
      "x" : -41.12461,
      "y" : 66.54102,
      "z" : -107.665634
    }
  }, {
    "shape" : "042aa520-f5d5-4ac0-9049-cb1dd12350f6",
    "color" : "#008EC2",
    "position" : {
      "x" : -133.08205,
      "y" : 0.0,
      "z" : 0.0
    },
    "orientation" : 25
  }, {
    "shape" : "1d7d592e-57a7-4e10-8c99-2f35120fd8af",
    "color" : "#000000",
    "position" : {
      "x" : 107.665634,
      "y" : 215.33127,
      "z" : 41.12461
    }
  }, {
    "shape" : "6112a56a-6909-467d-b7c4-1a97cc130856",
    "color" : "#FFB31A",
    "position" : {
      "x" : 215.33127,
      "y" : -41.12461,
      "z" : -107.665634
    },
    "orientation" : 54
  }, {
    "shape" : "1d7d592e-57a7-4e10-8c99-2f35120fd8af",
    "color" : "#000000",
    "position" : {
      "x" : 0.0,
      "y" : -215.33127,
      "z" : 0.0
    }
  }, {
    "shape" : "6112a56a-6909-467d-b7c4-1a97cc130856",
    "color" : "#FFB31A",
    "position" : {
      "x" : 174.20665,
      "y" : 133.08205,
      "z" : -66.54102
    },
    "orientation" : 22
  }, {
    "shape" : "b3f57190-637b-48bd-b470-6f8ca4a1879c",
    "color" : "#D91218",
    "position" : {
      "x" : -107.665634,
      "y" : 133.08205,
      "z" : -174.20665
    },
    "orientation" : 30
  }, {
    "shape" : "6112a56a-6909-467d-b7c4-1a97cc130856",
    "color" : "#FFB31A",
    "position" : {
      "x" : 66.54102,
      "y" : -215.33127,
      "z" : -107.665634
    },
    "orientation" : 3
  }, {
    "shape" : "b3f57190-637b-48bd-b470-6f8ca4a1879c",
    "color" : "#D91218",
    "position" : {
      "x" : 148.79024,
      "y" : 0.0,
      "z" : -107.665634
    },
    "orientation" : 17
  }, {
    "shape" : "6112a56a-6909-467d-b7c4-1a97cc130856",
    "color" : "#FFB31A",
    "position" : {
      "x" : -66.54102,
      "y" : 41.12461,
      "z" : -215.33127
    },
    "orientation" : 39
  }, {
    "shape" : "3ded95d8-de16-47d6-8a22-73ed64e97820",
    "color" : "#D91218",
    "position" : {
      "x" : 66.54102,
      "y" : 107.665634,
      "z" : 174.20665
    },
    "orientation" : 46
  }, {
    "shape" : "3ded95d8-de16-47d6-8a22-73ed64e97820",
    "color" : "#D91218",
    "position" : {
      "x" : -133.08205,
      "y" : 174.20665,
      "z" : -107.665634
    },
    "orientation" : 0
  }, {
    "shape" : "6112a56a-6909-467d-b7c4-1a97cc130856",
    "color" : "#FFB31A",
    "position" : {
      "x" : -174.20665,
      "y" : 66.54102,
      "z" : -107.665634
    },
    "orientation" : 2
  }, {
    "shape" : "042aa520-f5d5-4ac0-9049-cb1dd12350f6",
    "color" : "#008EC2",
    "position" : {
      "x" : -41.12461,
      "y" : 0.0,
      "z" : -66.54102
    },
    "orientation" : 21
  }, {
    "shape" : "6112a56a-6909-467d-b7c4-1a97cc130856",
    "color" : "#FFB31A",
    "position" : {
      "x" : 0.0,
      "y" : 133.08205,
      "z" : 0.0
    },
    "orientation" : 54
  }, {
    "shape" : "b3f57190-637b-48bd-b470-6f8ca4a1879c",
    "color" : "#D91218",
    "position" : {
      "x" : 133.08205,
      "y" : -66.54102,
      "z" : -174.20665
    },
    "orientation" : 0
  }, {
    "shape" : "3ded95d8-de16-47d6-8a22-73ed64e97820",
    "color" : "#D91218",
    "position" : {
      "x" : 0.0,
      "y" : 148.79024,
      "z" : -174.20665
    },
    "orientation" : 15
  }, {
    "shape" : "1d7d592e-57a7-4e10-8c99-2f35120fd8af",
    "color" : "#000000",
    "position" : {
      "x" : 240.74767,
      "y" : 0.0,
      "z" : -41.12461
    }
  }, {
    "shape" : "b3f57190-637b-48bd-b470-6f8ca4a1879c",
    "color" : "#D91218",
    "position" : {
      "x" : 174.20665,
      "y" : -133.08205,
      "z" : -66.54102
    },
    "orientation" : 0
  }, {
    "shape" : "1d7d592e-57a7-4e10-8c99-2f35120fd8af",
    "color" : "#000000",
    "position" : {
      "x" : 0.0,
      "y" : 215.33127,
      "z" : -133.08205
    }
  }, {
    "shape" : "6112a56a-6909-467d-b7c4-1a97cc130856",
    "color" : "#FFB31A",
    "position" : {
      "x" : -41.12461,
      "y" : -174.20665,
      "z" : -174.20665
    },
    "orientation" : 3
  }, {
    "shape" : "b3f57190-637b-48bd-b470-6f8ca4a1879c",
    "color" : "#D91218",
    "position" : {
      "x" : -133.08205,
      "y" : 174.20665,
      "z" : -107.665634
    },
    "orientation" : 2
  }, {
    "shape" : "6112a56a-6909-467d-b7c4-1a97cc130856",
    "color" : "#FFB31A",
    "position" : {
      "x" : -66.54102,
      "y" : 240.74767,
      "z" : 41.12461
    },
    "orientation" : 2
  }, {
    "shape" : "6112a56a-6909-467d-b7c4-1a97cc130856",
    "color" : "#FFB31A",
    "position" : {
      "x" : 174.20665,
      "y" : -107.665634,
      "z" : 0.0
    },
    "orientation" : 22
  }, {
    "shape" : "6112a56a-6909-467d-b7c4-1a97cc130856",
    "color" : "#FFB31A",
    "position" : {
      "x" : 66.54102,
      "y" : -41.12461,
      "z" : 215.33127
    },
    "orientation" : 3
  }, {
    "shape" : "3ded95d8-de16-47d6-8a22-73ed64e97820",
    "color" : "#D91218",
    "position" : {
      "x" : -174.20665,
      "y" : 133.08205,
      "z" : 66.54102
    },
    "orientation" : 31
  }, {
    "shape" : "042aa520-f5d5-4ac0-9049-cb1dd12350f6",
    "color" : "#008EC2",
    "position" : {
      "x" : 148.79024,
      "y" : 0.0,
      "z" : -107.665634
    },
    "orientation" : 10
  }, {
    "shape" : "6112a56a-6909-467d-b7c4-1a97cc130856",
    "color" : "#FFB31A",
    "position" : {
      "x" : -148.79024,
      "y" : 107.665634,
      "z" : 174.20665
    },
    "orientation" : 16
  }, {
    "shape" : "3ded95d8-de16-47d6-8a22-73ed64e97820",
    "color" : "#D91218",
    "position" : {
      "x" : 107.665634,
      "y" : -66.54102,
      "z" : -215.33127
    },
    "orientation" : 30
  }, {
    "shape" : "1d7d592e-57a7-4e10-8c99-2f35120fd8af",
    "color" : "#000000",
    "position" : {
      "x" : 174.20665,
      "y" : 107.665634,
      "z" : 133.08205
    }
  }, {
    "shape" : "6112a56a-6909-467d-b7c4-1a97cc130856",
    "color" : "#FFB31A",
    "position" : {
      "x" : 174.20665,
      "y" : -41.12461,
      "z" : 41.12461
    },
    "orientation" : 3
  }, {
    "shape" : "b3f57190-637b-48bd-b470-6f8ca4a1879c",
    "color" : "#D91218",
    "position" : {
      "x" : -174.20665,
      "y" : -133.08205,
      "z" : 66.54102
    },
    "orientation" : 0
  }, {
    "shape" : "b3f57190-637b-48bd-b470-6f8ca4a1879c",
    "color" : "#D91218",
    "position" : {
      "x" : 66.54102,
      "y" : 107.665634,
      "z" : 174.20665
    },
    "orientation" : 32
  }, {
    "shape" : "b3f57190-637b-48bd-b470-6f8ca4a1879c",
    "color" : "#D91218",
    "position" : {
      "x" : -66.54102,
      "y" : -240.74767,
      "z" : -41.12461
    },
    "orientation" : 45
  }, {
    "shape" : "1d7d592e-57a7-4e10-8c99-2f35120fd8af",
    "color" : "#000000",
    "position" : {
      "x" : 0.0,
      "y" : 66.54102,
      "z" : -41.12461
    }
  }, {
    "shape" : "042aa520-f5d5-4ac0-9049-cb1dd12350f6",
    "color" : "#008EC2",
    "position" : {
      "x" : -66.54102,
      "y" : -107.665634,
      "z" : 41.12461
    },
    "orientation" : 26
  }, {
    "shape" : "b3f57190-637b-48bd-b470-6f8ca4a1879c",
    "color" : "#D91218",
    "position" : {
      "x" : -174.20665,
      "y" : 133.08205,
      "z" : -66.54102
    },
    "orientation" : 1
  }, {
    "shape" : "6112a56a-6909-467d-b7c4-1a97cc130856",
    "color" : "#FFB31A",
    "position" : {
      "x" : 215.33127,
      "y" : 133.08205,
      "z" : 0.0
    },
    "orientation" : 54
  }, {
    "shape" : "b3f57190-637b-48bd-b470-6f8ca4a1879c",
    "color" : "#D91218",
    "position" : {
      "x" : 0.0,
      "y" : -41.12461,
      "z" : -240.74767
    },
    "orientation" : 1
  }, {
    "shape" : "042aa520-f5d5-4ac0-9049-cb1dd12350f6",
    "color" : "#008EC2",
    "position" : {
      "x" : 174.20665,
      "y" : 107.665634,
      "z" : -133.08205
    },
    "orientation" : 51
  }, {
    "shape" : "1d7d592e-57a7-4e10-8c99-2f35120fd8af",
    "color" : "#000000",
    "position" : {
      "x" : 174.20665,
      "y" : -174.20665,
      "z" : 41.12461
    }
  }, {
    "shape" : "b3f57190-637b-48bd-b470-6f8ca4a1879c",
    "color" : "#D91218",
    "position" : {
      "x" : 0.0,
      "y" : 148.79024,
      "z" : -174.20665
    },
    "orientation" : 0
  }, {
    "shape" : "042aa520-f5d5-4ac0-9049-cb1dd12350f6",
    "color" : "#008EC2",
    "position" : {
      "x" : -148.79024,
      "y" : -174.20665,
      "z" : 0.0
    },
    "orientation" : 55
  }, {
    "shape" : "6112a56a-6909-467d-b7c4-1a97cc130856",
    "color" : "#FFB31A",
    "position" : {
      "x" : 41.12461,
      "y" : -174.20665,
      "z" : 41.12461
    },
    "orientation" : 8
  }, {
    "shape" : "3ded95d8-de16-47d6-8a22-73ed64e97820",
    "color" : "#D91218",
    "position" : {
      "x" : 66.54102,
      "y" : 41.12461,
      "z" : 0.0
    },
    "orientation" : 15
  }, {
    "shape" : "6112a56a-6909-467d-b7c4-1a97cc130856",
    "color" : "#FFB31A",
    "position" : {
      "x" : 41.12461,
      "y" : 174.20665,
      "z" : 174.20665
    },
    "orientation" : 54
  }, {
    "shape" : "1d7d592e-57a7-4e10-8c99-2f35120fd8af",
    "color" : "#000000",
    "position" : {
      "x" : -41.12461,
      "y" : -240.74767,
      "z" : 0.0
    }
  }, {
    "shape" : "3ded95d8-de16-47d6-8a22-73ed64e97820",
    "color" : "#D91218",
    "position" : {
      "x" : 174.20665,
      "y" : 41.12461,
      "z" : -41.12461
    },
    "orientation" : 1
  }, {
    "shape" : "6112a56a-6909-467d-b7c4-1a97cc130856",
    "color" : "#FFB31A",
    "position" : {
      "x" : 66.54102,
      "y" : 107.665634,
      "z" : 41.12461
    },
    "orientation" : 8
  }, {
    "shape" : "1d7d592e-57a7-4e10-8c99-2f35120fd8af",
    "color" : "#000000",
    "position" : {
      "x" : 41.12461,
      "y" : 215.33127,
      "z" : -66.54102
    }
  }, {
