{
  "polygons" : "true",
  "field" : "golden",
  "symmetry" : "icosahedral",
  "orientations" : [ [ 1.0, 0.0, 0.0, 0.0, 0.0, 1.0, 0.0, 0.0, 0.0, 0.0, 1.0, 0.0, 0.0, 0.0, 0.0, 1.0 ], [ 0.0, 0.0, 1.0, 0.0, 1.0, 0.0, 0.0, 0.0, 0.0, 1.0, 0.0, 0.0, 0.0, 0.0, 0.0, 1.0 ], [ 0.0, 1.0, 0.0, 0.0, 0.0, 0.0, 1.0, 0.0, 1.0, 0.0, 0.0, 0.0, 0.0, 0.0, 0.0, 1.0 ], [ 0.809017, 0.309017, 0.5, 0.0, 0.309017, 0.5, -0.809017, 0.0, -0.5, 0.809017, 0.309017, 0.0, 0.0, 0.0, 0.0, 1.0 ], [ -0.5, 0.809017, 0.309017, 0.0, 0.809017, 0.309017, 0.5, 0.0, 0.309017, 0.5, -0.809017, 0.0, 0.0, 0.0, 0.0, 1.0 ], [ 0.309017, 0.5, -0.809017, 0.0, -0.5, 0.809017, 0.309017, 0.0, 0.809017, 0.309017, 0.5, 0.0, 0.0, 0.0, 0.0, 1.0 ], [ 0.5, 0.809017, 0.309017, 0.0, 0.809017, -0.309017, -0.5, 0.0, -0.309017, 0.5, -0.809017, 0.0, 0.0, 0.0, 0.0, 1.0 ], [ -0.309017, 0.5, -0.809017, 0.0, 0.5, 0.809017, 0.309017, 0.0, 0.809017, -0.309017, -0.5, 0.0, 0.0, 0.0, 0.0, 1.0 ], [ 0.809017, -0.309017, -0.5, 0.0, -0.309017, 0.5, -0.809017, 0.0, 0.5, 0.809017, 0.309017, 0.0, 0.0, 0.0, 0.0, 1.0 ], [ 0.5, 0.809017, -0.309017, 0.0, 0.809017, -0.309017, 0.5, 0.0, 0.309017, -0.5, -0.809017, 0.0, 0.0, 0.0, 0.0, 1.0 ], [ 0.309017, -0.5, -0.809017, 0.0, 0.5, 0.809017, -0.309017, 0.0, 0.809017, -0.309017, 0.5, 0.0, 0.0, 0.0, 0.0, 1.0 ], [ 0.809017, -0.309017, 0.5, 0.0, 0.309017, -0.5, -0.809017, 0.0, 0.5, 0.809017, -0.309017, 0.0, 0.0, 0.0, 0.0, 1.0 ], [ 0.809017, 0.309017, -0.5, 0.0, 0.309017, 0.5, 0.809017, 0.0, 0.5, -0.809017, 0.309017, 0.0, 0.0, 0.0, 0.0, 1.0 ], [ 0.5, -0.809017, 0.309017, 0.0, 0.809017, 0.309017, -0.5, 0.0, 0.309017, 0.5, 0.809017, 0.0, 0.0, 0.0, 0.0, 1.0 ], [ 0.309017, 0.5, 0.809017, 0.0, 0.5, -0.809017, 0.309017, 0.0, 0.809017, 0.309017, -0.5, 0.0, 0.0, 0.0, 0.0, 1.0 ], [ 1.0, 0.0, 0.0, 0.0, 0.0, -1.0, 0.0, 0.0, 0.0, 0.0, -1.0, 0.0, 0.0, 0.0, 0.0, 1.0 ], [ 0.0, 0.0, 1.0, 0.0, -1.0, 0.0, 0.0, 0.0, 0.0, -1.0, 0.0, 0.0, 0.0, 0.0, 0.0, 1.0 ], [ 0.0, 1.0, 0.0, 0.0, 0.0, 0.0, -1.0, 0.0, -1.0, 0.0, 0.0, 0.0, 0.0, 0.0, 0.0, 1.0 ], [ 0.809017, 0.309017, 0.5, 0.0, -0.309017, -0.5, 0.809017, 0.0, 0.5, -0.809017, -0.309017, 0.0, 0.0, 0.0, 0.0, 1.0 ], [ -0.5, 0.809017, 0.309017, 0.0, -0.809017, -0.309017, -0.5, 0.0, -0.309017, -0.5, 0.809017, 0.0, 0.0, 0.0, 0.0, 1.0 ], [ 0.309017, 0.5, -0.809017, 0.0, 0.5, -0.809017, -0.309017, 0.0, -0.809017, -0.309017, -0.5, 0.0, 0.0, 0.0, 0.0, 1.0 ], [ 0.5, 0.809017, 0.309017, 0.0, -0.809017, 0.309017, 0.5, 0.0, 0.309017, -0.5, 0.809017, 0.0, 0.0, 0.0, 0.0, 1.0 ], [ -0.309017, 0.5, -0.809017, 0.0, -0.5, -0.809017, -0.309017, 0.0, -0.809017, 0.309017, 0.5, 0.0, 0.0, 0.0, 0.0, 1.0 ], [ 0.809017, -0.309017, -0.5, 0.0, 0.309017, -0.5, 0.809017, 0.0, -0.5, -0.809017, -0.309017, 0.0, 0.0, 0.0, 0.0, 1.0 ], [ 0.5, 0.809017, -0.309017, 0.0, -0.809017, 0.309017, -0.5, 0.0, -0.309017, 0.5, 0.809017, 0.0, 0.0, 0.0, 0.0, 1.0 ], [ 0.309017, -0.5, -0.809017, 0.0, -0.5, -0.809017, 0.309017, 0.0, -0.809017, 0.309017, -0.5, 0.0, 0.0, 0.0, 0.0, 1.0 ], [ 0.809017, -0.309017, 0.5, 0.0, -0.309017, 0.5, 0.809017, 0.0, -0.5, -0.809017, 0.309017, 0.0, 0.0, 0.0, 0.0, 1.0 ], [ 0.809017, 0.309017, -0.5, 0.0, -0.309017, -0.5, -0.809017, 0.0, -0.5, 0.809017, -0.309017, 0.0, 0.0, 0.0, 0.0, 1.0 ], [ 0.5, -0.809017, 0.309017, 0.0, -0.809017, -0.309017, 0.5, 0.0, -0.309017, -0.5, -0.809017, 0.0, 0.0, 0.0, 0.0, 1.0 ], [ 0.309017, 0.5, 0.809017, 0.0, -0.5, 0.809017, -0.309017, 0.0, -0.809017, -0.309017, 0.5, 0.0, 0.0, 0.0, 0.0, 1.0 ], [ -1.0, 0.0, 0.0, 0.0, 0.0, -1.0, 0.0, 0.0, 0.0, 0.0, 1.0, 0.0, 0.0, 0.0, 0.0, 1.0 ], [ 0.0, 0.0, -1.0, 0.0, -1.0, 0.0, 0.0, 0.0, 0.0, 1.0, 0.0, 0.0, 0.0, 0.0, 0.0, 1.0 ], [ 0.0, -1.0, 0.0, 0.0, 0.0, 0.0, -1.0, 0.0, 1.0, 0.0, 0.0, 0.0, 0.0, 0.0, 0.0, 1.0 ], [ -0.809017, -0.309017, -0.5, 0.0, -0.309017, -0.5, 0.809017, 0.0, -0.5, 0.809017, 0.309017, 0.0, 0.0, 0.0, 0.0, 1.0 ], [ 0.5, -0.809017, -0.309017, 0.0, -0.809017, -0.309017, -0.5, 0.0, 0.309017, 0.5, -0.809017, 0.0, 0.0, 0.0, 0.0, 1.0 ], [ -0.309017, -0.5, 0.809017, 0.0, 0.5, -0.809017, -0.309017, 0.0, 0.809017, 0.309017, 0.5, 0.0, 0.0, 0.0, 0.0, 1.0 ], [ -0.5, -0.809017, -0.309017, 0.0, -0.809017, 0.309017, 0.5, 0.0, -0.309017, 0.5, -0.809017, 0.0, 0.0, 0.0, 0.0, 1.0 ], [ 0.309017, -0.5, 0.809017, 0.0, -0.5, -0.809017, -0.309017, 0.0, 0.809017, -0.309017, -0.5, 0.0, 0.0, 0.0, 0.0, 1.0 ], [ -0.809017, 0.309017, 0.5, 0.0, 0.309017, -0.5, 0.809017, 0.0, 0.5, 0.809017, 0.309017, 0.0, 0.0, 0.0, 0.0, 1.0 ], [ -0.5, -0.809017, 0.309017, 0.0, -0.809017, 0.309017, -0.5, 0.0, 0.309017, -0.5, -0.809017, 0.0, 0.0, 0.0, 0.0, 1.0 ], [ -0.309017, 0.5, 0.809017, 0.0, -0.5, -0.809017, 0.309017, 0.0, 0.809017, -0.309017, 0.5, 0.0, 0.0, 0.0, 0.0, 1.0 ], [ -0.809017, 0.309017, -0.5, 0.0, -0.309017, 0.5, 0.809017, 0.0, 0.5, 0.809017, -0.309017, 0.0, 0.0, 0.0, 0.0, 1.0 ], [ -0.809017, -0.309017, 0.5, 0.0, -0.309017, -0.5, -0.809017, 0.0, 0.5, -0.809017, 0.309017, 0.0, 0.0, 0.0, 0.0, 1.0 ], [ -0.5, 0.809017, -0.309017, 0.0, -0.809017, -0.309017, 0.5, 0.0, 0.309017, 0.5, 0.809017, 0.0, 0.0, 0.0, 0.0, 1.0 ], [ -0.309017, -0.5, -0.809017, 0.0, -0.5, 0.809017, -0.309017, 0.0, 0.809017, 0.309017, -0.5, 0.0, 0.0, 0.0, 0.0, 1.0 ], [ -1.0, 0.0, 0.0, 0.0, 0.0, 1.0, 0.0, 0.0, 0.0, 0.0, -1.0, 0.0, 0.0, 0.0, 0.0, 1.0 ], [ 0.0, 0.0, -1.0, 0.0, 1.0, 0.0, 0.0, 0.0, 0.0, -1.0, 0.0, 0.0, 0.0, 0.0, 0.0, 1.0 ], [ 0.0, -1.0, 0.0, 0.0, 0.0, 0.0, 1.0, 0.0, -1.0, 0.0, 0.0, 0.0, 0.0, 0.0, 0.0, 1.0 ], [ -0.809017, -0.309017, -0.5, 0.0, 0.309017, 0.5, -0.809017, 0.0, 0.5, -0.809017, -0.309017, 0.0, 0.0, 0.0, 0.0, 1.0 ], [ 0.5, -0.809017, -0.309017, 0.0, 0.809017, 0.309017, 0.5, 0.0, -0.309017, -0.5, 0.809017, 0.0, 0.0, 0.0, 0.0, 1.0 ], [ -0.309017, -0.5, 0.809017, 0.0, -0.5, 0.809017, 0.309017, 0.0, -0.809017, -0.309017, -0.5, 0.0, 0.0, 0.0, 0.0, 1.0 ], [ -0.5, -0.809017, -0.309017, 0.0, 0.809017, -0.309017, -0.5, 0.0, 0.309017, -0.5, 0.809017, 0.0, 0.0, 0.0, 0.0, 1.0 ], [ 0.309017, -0.5, 0.809017, 0.0, 0.5, 0.809017, 0.309017, 0.0, -0.809017, 0.309017, 0.5, 0.0, 0.0, 0.0, 0.0, 1.0 ], [ -0.809017, 0.309017, 0.5, 0.0, -0.309017, 0.5, -0.809017, 0.0, -0.5, -0.809017, -0.309017, 0.0, 0.0, 0.0, 0.0, 1.0 ], [ -0.5, -0.809017, 0.309017, 0.0, 0.809017, -0.309017, 0.5, 0.0, -0.309017, 0.5, 0.809017, 0.0, 0.0, 0.0, 0.0, 1.0 ], [ -0.309017, 0.5, 0.809017, 0.0, 0.5, 0.809017, -0.309017, 0.0, -0.809017, 0.309017, -0.5, 0.0, 0.0, 0.0, 0.0, 1.0 ], [ -0.809017, 0.309017, -0.5, 0.0, 0.309017, -0.5, -0.809017, 0.0, -0.5, -0.809017, 0.309017, 0.0, 0.0, 0.0, 0.0, 1.0 ], [ -0.809017, -0.309017, 0.5, 0.0, 0.309017, 0.5, 0.809017, 0.0, -0.5, 0.809017, -0.309017, 0.0, 0.0, 0.0, 0.0, 1.0 ], [ -0.5, 0.809017, -0.309017, 0.0, 0.809017, 0.309017, -0.5, 0.0, -0.309017, -0.5, -0.809017, 0.0, 0.0, 0.0, 0.0, 1.0 ], [ -0.309017, -0.5, -0.809017, 0.0, 0.5, -0.809017, 0.309017, 0.0, -0.809017, -0.309017, 0.5, 0.0, 0.0, 0.0, 0.0, 1.0 ] ],
  "lights" : {
    "directionalLights" : [ {
      "direction" : [ 1.0, -1.0, -1.0 ],
      "color" : "#EBEBE4"
    }, {
      "direction" : [ -1.0, 0.0, 0.0 ],
      "color" : "#E4E4EB"
    }, {
      "direction" : [ 0.0, 0.0, -1.0 ],
      "color" : "#1E1E1E"
    } ],
    "backgroundColor" : "#AFC8DC",
    "ambientColor" : "#292929"
  },
  "camera" : {
    "position" : {
      "x" : -615.08844,
      "y" : -61.84899,
      "z" : 39.96135
    },
    "width" : 278.7658,
    "lookDirectionRV" : {
      "x" : 0.99291176,
      "y" : 0.09984027,
      "z" : -0.064507954,
      "zero" : false
    },
    "upDirectionRV" : {
      "x" : -0.11704697,
      "y" : 0.9158202,
      "z" : -0.38415498,
      "zero" : false
    },
    "fieldOfView" : 0.44262898,
    "lookAtPointRV" : {
      "x" : 0.0,
      "y" : 0.0,
      "z" : 0.0,
      "zero" : true
    },
    "perspective" : true,
    "viewDistance" : 619.47943,
    "nearClipDistance" : 1.5486987,
    "upDirection" : {
      "x" : -0.11704697,
      "y" : 0.9158202,
      "z" : -0.38415498
    },
    "lookDirection" : {
      "x" : 0.99291176,
      "y" : 0.09984027,
      "z" : -0.064507954
    },
    "lookAtPoint" : {
      "x" : 0.0,
      "y" : 0.0,
      "z" : 0.0
    },
    "farClipDistance" : 1238.9584,
    "stereo" : false
  },
  "embedding" : [ 1.0, 0.0, 0.0, 0.0, 0.0, 1.0, 0.0, 0.0, 0.0, 0.0, 1.0, 0.0, 0.0, 0.0, 0.0, 1.0 ],
  "shapes" : [ {
    "id" : "6ae01b7b-67ef-4372-b092-2a209f5126e4",
    "orbit" : "yellow",
    "orbitC" : "[[0,0,1],[2,-1,1]]",
    "length" : "[0,1,1]",
    "name" : "y2",
    "vertices" : [ {
      "x" : 0.809017,
      "y" : 0.0,
      "z" : -0.690983
    }, {
      "x" : 1.0,
      "y" : 0.309017,
      "z" : -0.19098301
    }, {
      "x" : 4.736068,
      "y" : 0.309017,
      "z" : -1.618034
    }, {
      "x" : 4.545085,
      "y" : 0.0,
      "z" : -2.118034
    }, {
      "x" : 10.09017,
      "y" : 0.309017,
      "z" : -4.045085
    }, {
      "x" : 1.0,
      "y" : -0.309017,
      "z" : -0.19098301
    }, {
      "x" : 4.736068,
      "y" : -0.309017,
      "z" : -1.618034
    }, {
      "x" : 6.354102,
      "y" : 0.309017,
      "z" : -2.618034
    }, {
      "x" : 6.545085,
      "y" : 0.0,
      "z" : -2.118034
    }, {
      "x" : 11.09017,
      "y" : 0.0,
      "z" : -4.236068
    }, {
      "x" : 6.354102,
      "y" : -0.309017,
      "z" : -2.618034
    }, {
      "x" : 10.281153,
      "y" : 0.0,
      "z" : -3.545085
    }, {
      "x" : 10.09017,
      "y" : -0.309017,
      "z" : -4.045085
    } ],
    "faces" : [ {
      "vertices" : [ 2, 6, 8 ]
    }, {
      "vertices" : [ 4, 12, 10, 7 ]
    }, {
      "vertices" : [ 2, 8, 7 ]
    }, {
      "vertices" : [ 3, 10, 6 ]
    }, {
      "vertices" : [ 3, 7, 10 ]
    }, {
      "vertices" : [ 0, 1, 2, 3 ]
    }, {
      "vertices" : [ 6, 10, 8 ]
    }, {
      "vertices" : [ 8, 10, 12, 11 ]
    }, {
      "vertices" : [ 2, 7, 3 ]
    }, {
      "vertices" : [ 0, 3, 6, 5 ]
    }, {
      "vertices" : [ 1, 5, 6, 2 ]
    }, {
      "vertices" : [ 4, 7, 8, 11 ]
    } ]
  }, {
    "id" : "f1071060-6549-46e9-82fe-77e536e1e25e",
    "orbit" : "yellow",
    "orbitC" : "[[0,0,1],[2,-1,1]]",
    "length" : "[1,0,1]",
    "name" : "y1",
    "vertices" : [ {
      "x" : 0.809017,
      "y" : 0.0,
      "z" : -0.690983
    }, {
      "x" : 1.0,
      "y" : 0.309017,
      "z" : -0.19098301
    }, {
      "x" : 2.618034,
      "y" : 0.309017,
      "z" : -0.809017
    }, {
      "x" : 2.427051,
      "y" : 0.0,
      "z" : -1.309017
    }, {
      "x" : 5.854102,
      "y" : 0.309017,
      "z" : -2.427051
    }, {
      "x" : 1.0,
      "y" : -0.309017,
      "z" : -0.19098301
    }, {
      "x" : 2.618034,
      "y" : -0.309017,
      "z" : -0.809017
    }, {
      "x" : 4.236068,
      "y" : 0.309017,
      "z" : -1.809017
    }, {
      "x" : 4.427051,
      "y" : 0.0,
      "z" : -1.309017
    }, {
      "x" : 6.854102,
      "y" : 0.0,
      "z" : -2.618034
    }, {
      "x" : 4.236068,
      "y" : -0.309017,
      "z" : -1.809017
    }, {
      "x" : 6.045085,
      "y" : 0.0,
      "z" : -1.927051
    }, {
      "x" : 5.854102,
      "y" : -0.309017,
      "z" : -2.427051
    } ],
    "faces" : [ {
      "vertices" : [ 2, 6, 8 ]
    }, {
      "vertices" : [ 4, 12, 10, 7 ]
    }, {
      "vertices" : [ 2, 8, 7 ]
    }, {
      "vertices" : [ 3, 10, 6 ]
    }, {
      "vertices" : [ 3, 7, 10 ]
    }, {
      "vertices" : [ 0, 1, 2, 3 ]
    }, {
      "vertices" : [ 6, 10, 8 ]
    }, {
      "vertices" : [ 8, 10, 12, 11 ]
    }, {
      "vertices" : [ 2, 7, 3 ]
    }, {
      "vertices" : [ 0, 3, 6, 5 ]
    }, {
      "vertices" : [ 1, 5, 6, 2 ]
    }, {
      "vertices" : [ 4, 7, 8, 11 ]
    } ]
  }, {
    "id" : "878c1297-0411-4811-9131-6a41477172fe",
    "name" : "ball",
    "vertices" : [ {
      "x" : 0.309017,
      "y" : -0.809017,
      "z" : 0.618034
    }, {
      "x" : 0.809017,
      "y" : -0.618034,
      "z" : 0.309017
    }, {
      "x" : 0.618034,
      "y" : -0.309017,
      "z" : 0.809017
    }, {
      "x" : 1.0,
      "y" : 0.309017,
      "z" : 0.19098301
    }, {
      "x" : 0.809017,
      "y" : 0.618034,
      "z" : 0.309017
    }, {
      "x" : 0.618034,
      "y" : 0.309017,
      "z" : 0.809017
    }, {
      "x" : 0.809017,
      "y" : 0.0,
      "z" : 0.690983
    }, {
      "x" : 0.19098301,
      "y" : -1.0,
      "z" : 0.309017
    }, {
      "x" : -0.19098301,
      "y" : -1.0,
      "z" : 0.309017
    }, {
      "x" : -0.19098301,
      "y" : -1.0,
      "z" : -0.309017
    }, {
      "x" : 0.19098301,
      "y" : -1.0,
      "z" : -0.309017
    }, {
      "x" : 1.0,
      "y" : -0.309017,
      "z" : -0.19098301
    }, {
      "x" : 0.809017,
      "y" : -0.618034,
      "z" : -0.309017
    }, {
      "x" : 0.618034,
      "y" : -0.309017,
      "z" : -0.809017
    }, {
      "x" : 0.809017,
      "y" : 0.0,
      "z" : -0.690983
    }, {
      "x" : 0.0,
      "y" : 0.690983,
      "z" : -0.809017
    }, {
      "x" : 0.309017,
      "y" : 0.809017,
      "z" : -0.618034
    }, {
      "x" : 0.618034,
      "y" : 0.309017,
      "z" : -0.809017
    }, {
      "x" : 0.309017,
      "y" : 0.19098301,
      "z" : -1.0
    }, {
      "x" : 1.0,
      "y" : 0.309017,
      "z" : -0.19098301
    }, {
      "x" : -0.309017,
      "y" : -0.809017,
      "z" : 0.618034
    }, {
      "x" : 0.0,
      "y" : -0.690983,
      "z" : 0.809017
    }, {
      "x" : 0.809017,
      "y" : 0.618034,
      "z" : -0.309017
    }, {
      "x" : 0.690983,
      "y" : 0.809017,
      "z" : 0.0
    }, {
      "x" : -0.690983,
      "y" : 0.809017,
      "z" : 0.0
    }, {
      "x" : -0.809017,
      "y" : 0.618034,
      "z" : 0.309017
    }, {
      "x" : -0.309017,
      "y" : 0.809017,
      "z" : 0.618034
    }, {
      "x" : -0.19098301,
      "y" : 1.0,
      "z" : 0.309017
    }, {
      "x" : 0.309017,
      "y" : -0.19098301,
      "z" : -1.0
    }, {
      "x" : 0.19098301,
      "y" : 1.0,
      "z" : 0.309017
    }, {
      "x" : 0.309017,
      "y" : 0.809017,
      "z" : 0.618034
    }, {
      "x" : -0.809017,
      "y" : -0.618034,
      "z" : 0.309017
    }, {
      "x" : -0.690983,
      "y" : -0.809017,
      "z" : 0.0
    }, {
      "x" : 0.0,
      "y" : 0.690983,
      "z" : 0.809017
    }, {
      "x" : 0.309017,
      "y" : -0.809017,
      "z" : -0.618034
    }, {
      "x" : 0.0,
      "y" : -0.690983,
      "z" : -0.809017
    }, {
      "x" : -1.0,
      "y" : 0.309017,
      "z" : 0.19098301
    }, {
      "x" : -0.809017,
      "y" : 0.0,
      "z" : 0.690983
    }, {
      "x" : -0.618034,
      "y" : 0.309017,
      "z" : 0.809017
    }, {
      "x" : 1.0,
      "y" : -0.309017,
      "z" : 0.19098301
    }, {
      "x" : -0.309017,
      "y" : -0.809017,
      "z" : -0.618034
    }, {
      "x" : -1.0,
      "y" : 0.309017,
      "z" : -0.19098301
    }, {
      "x" : -1.0,
      "y" : -0.309017,
      "z" : -0.19098301
    }, {
      "x" : -1.0,
      "y" : -0.309017,
      "z" : 0.19098301
    }, {
      "x" : 0.19098301,
      "y" : 1.0,
      "z" : -0.309017
    }, {
      "x" : -0.809017,
      "y" : 0.618034,
      "z" : -0.309017
    }, {
      "x" : -0.19098301,
      "y" : 1.0,
      "z" : -0.309017
    }, {
      "x" : -0.309017,
      "y" : 0.809017,
      "z" : -0.618034
    }, {
      "x" : -0.618034,
      "y" : -0.309017,
      "z" : 0.809017
    }, {
      "x" : 0.309017,
      "y" : 0.19098301,
      "z" : 1.0
    }, {
      "x" : -0.309017,
      "y" : 0.19098301,
      "z" : -1.0
    }, {
      "x" : -0.309017,
      "y" : 0.19098301,
      "z" : 1.0
    }, {
      "x" : -0.309017,
      "y" : -0.19098301,
      "z" : 1.0
    }, {
      "x" : 0.309017,
      "y" : -0.19098301,
      "z" : 1.0
    }, {
      "x" : 0.690983,
      "y" : -0.809017,
      "z" : 0.0
    }, {
      "x" : -0.809017,
      "y" : 0.0,
      "z" : -0.690983
    }, {
      "x" : -0.618034,
      "y" : -0.309017,
      "z" : -0.809017
    }, {
      "x" : -0.309017,
      "y" : -0.19098301,
      "z" : -1.0
    }, {
      "x" : -0.618034,
      "y" : 0.309017,
      "z" : -0.809017
    }, {
      "x" : -0.809017,
      "y" : -0.618034,
      "z" : -0.309017
    } ],
    "faces" : [ {
      "vertices" : [ 9, 40, 35, 34, 10 ]
    }, {
      "vertices" : [ 0, 1, 2 ]
    }, {
      "vertices" : [ 33, 51, 49 ]
    }, {
      "vertices" : [ 25, 36, 37, 38 ]
    }, {
      "vertices" : [ 41, 55, 42 ]
    }, {
      "vertices" : [ 9, 32, 59, 40 ]
    }, {
      "vertices" : [ 20, 21, 52, 48 ]
    }, {
      "vertices" : [ 26, 33, 30, 29, 27 ]
    }, {
      "vertices" : [ 3, 4, 5, 6 ]
    }, {
      "vertices" : [ 27, 29, 44, 46 ]
    }, {
      "vertices" : [ 50, 57, 56, 55, 58 ]
    }, {
      "vertices" : [ 26, 38, 51, 33 ]
    }, {
      "vertices" : [ 45, 47, 58 ]
    }, {
      "vertices" : [ 18, 28, 57, 50 ]
    }, {
      "vertices" : [ 40, 59, 56 ]
    }, {
      "vertices" : [ 31, 48, 37, 43 ]
    }, {
      "vertices" : [ 7, 8, 9, 10 ]
    }, {
      "vertices" : [ 36, 41, 42, 43 ]
    }, {
      "vertices" : [ 24, 46, 47, 45 ]
    }, {
      "vertices" : [ 4, 30, 5 ]
    }, {
      "vertices" : [ 15, 47, 46, 44, 16 ]
    }, {
      "vertices" : [ 15, 50, 58, 47 ]
    }, {
      "vertices" : [ 24, 45, 41, 36, 25 ]
    }, {
      "vertices" : [ 11, 14, 19 ]
    }, {
      "vertices" : [ 3, 6, 39 ]
    }, {
      "vertices" : [ 1, 39, 6, 2 ]
    }, {
      "vertices" : [ 8, 32, 9 ]
    }, {
      "vertices" : [ 11, 12, 13, 14 ]
    }, {
      "vertices" : [ 16, 22, 17 ]
    }, {
      "vertices" : [ 0, 21, 20, 8, 7 ]
    }, {
      "vertices" : [ 12, 34, 13 ]
    }, {
      "vertices" : [ 35, 40, 56, 57 ]
    }, {
      "vertices" : [ 0, 7, 54, 1 ]
    }, {
      "vertices" : [ 15, 16, 17, 18 ]
    }, {
      "vertices" : [ 3, 19, 22, 23, 4 ]
    }, {
      "vertices" : [ 7, 10, 54 ]
    }, {
      "vertices" : [ 41, 45, 58, 55 ]
    }, {
      "vertices" : [ 3, 39, 11, 19 ]
    }, {
      "vertices" : [ 14, 17, 22, 19 ]
    }, {
      "vertices" : [ 0, 2, 53, 21 ]
    }, {
      "vertices" : [ 49, 51, 52, 53 ]
    }, {
      "vertices" : [ 31, 43, 42, 59, 32 ]
    }, {
      "vertices" : [ 15, 18, 50 ]
    }, {
      "vertices" : [ 42, 55, 56, 59 ]
    }, {
      "vertices" : [ 4, 23, 29, 30 ]
    }, {
      "vertices" : [ 25, 38, 26 ]
    }, {
      "vertices" : [ 13, 28, 18, 17, 14 ]
    }, {
      "vertices" : [ 8, 20, 31, 32 ]
    }, {
      "vertices" : [ 23, 44, 29 ]
    }, {
      "vertices" : [ 24, 27, 46 ]
    }, {
      "vertices" : [ 37, 48, 52, 51, 38 ]
    }, {
      "vertices" : [ 20, 48, 31 ]
    }, {
      "vertices" : [ 24, 25, 26, 27 ]
    }, {
      "vertices" : [ 16, 44, 23, 22 ]
    }, {
      "vertices" : [ 13, 34, 35, 28 ]
    }, {
      "vertices" : [ 10, 34, 12, 54 ]
    }, {
      "vertices" : [ 2, 6, 5, 49, 53 ]
    }, {
      "vertices" : [ 36, 43, 37 ]
    }, {
      "vertices" : [ 5, 30, 33, 49 ]
    }, {
      "vertices" : [ 1, 54, 12, 11, 39 ]
    }, {
      "vertices" : [ 28, 35, 57 ]
    }, {
      "vertices" : [ 21, 53, 52 ]
    } ]
  }, {
    "id" : "4ff1f3e5-e2cd-4f71-8f11-dcf98a5bc9cb",
    "orbit" : "yellow",
    "orbitC" : "[[0,0,1],[2,-1,1]]",
    "length" : "[-1,1,1]",
    "name" : "y0",
    "vertices" : [ {
      "x" : 0.809017,
      "y" : 0.0,
      "z" : -0.690983
    }, {
      "x" : 1.0,
      "y" : 0.309017,
      "z" : -0.19098301
    }, {
      "x" : 1.309017,
      "y" : 0.309017,
      "z" : -0.309017
    }, {
      "x" : 1.118034,
      "y" : 0.0,
      "z" : -0.809017
    }, {
      "x" : 3.236068,
      "y" : 0.309017,
      "z" : -1.427051
    }, {
      "x" : 1.0,
      "y" : -0.309017,
      "z" : -0.19098301
    }, {
      "x" : 1.309017,
      "y" : -0.309017,
      "z" : -0.309017
    }, {
      "x" : 2.927051,
      "y" : 0.309017,
      "z" : -1.309017
    }, {
      "x" : 3.118034,
      "y" : 0.0,
      "z" : -0.809017
    }, {
      "x" : 4.236068,
      "y" : 0.0,
      "z" : -1.618034
    }, {
      "x" : 2.927051,
      "y" : -0.309017,
      "z" : -1.309017
    }, {
      "x" : 3.427051,
      "y" : 0.0,
      "z" : -0.927051
    }, {
      "x" : 3.236068,
      "y" : -0.309017,
      "z" : -1.427051
    } ],
    "faces" : [ {
      "vertices" : [ 2, 6, 8 ]
    }, {
      "vertices" : [ 4, 12, 10, 7 ]
    }, {
      "vertices" : [ 2, 8, 7 ]
    }, {
      "vertices" : [ 3, 10, 6 ]
    }, {
      "vertices" : [ 3, 7, 10 ]
    }, {
      "vertices" : [ 0, 1, 2, 3 ]
    }, {
      "vertices" : [ 6, 10, 8 ]
    }, {
      "vertices" : [ 8, 10, 12, 11 ]
    }, {
      "vertices" : [ 2, 7, 3 ]
    }, {
      "vertices" : [ 0, 3, 6, 5 ]
    }, {
      "vertices" : [ 1, 5, 6, 2 ]
    }, {
      "vertices" : [ 4, 7, 8, 11 ]
    } ]
  }, {
    "id" : "b9ef4780-840c-4c0d-8512-f0a30386a300",
    "orbit" : "yellow",
    "orbitC" : "[[0,0,1],[2,-1,1]]",
    "length" : "[1,1,1]",
    "name" : "y3",
    "vertices" : [ {
      "x" : 0.809017,
      "y" : 0.0,
      "z" : -0.690983
    }, {
      "x" : 1.0,
      "y" : 0.309017,
      "z" : -0.19098301
    }, {
      "x" : 8.163119,
      "y" : 0.309017,
      "z" : -2.927051
    }, {
      "x" : 7.972136,
      "y" : 0.0,
      "z" : -3.427051
    }, {
      "x" : 16.944271,
      "y" : 0.309017,
      "z" : -6.663119
    }, {
      "x" : 1.0,
      "y" : -0.309017,
      "z" : -0.19098301
    }, {
      "x" : 8.163119,
      "y" : -0.309017,
      "z" : -2.927051
    }, {
      "x" : 9.781153,
      "y" : 0.309017,
      "z" : -3.927051
    }, {
      "x" : 9.972136,
      "y" : 0.0,
      "z" : -3.427051
    }, {
      "x" : 17.944271,
      "y" : 0.0,
      "z" : -6.854102
    }, {
      "x" : 9.781153,
      "y" : -0.309017,
      "z" : -3.927051
    }, {
      "x" : 17.135256,
      "y" : 0.0,
      "z" : -6.163119
    }, {
      "x" : 16.944271,
      "y" : -0.309017,
      "z" : -6.663119
    } ],
    "faces" : [ {
      "vertices" : [ 2, 6, 8 ]
    }, {
      "vertices" : [ 4, 12, 10, 7 ]
    }, {
      "vertices" : [ 2, 8, 7 ]
    }, {
      "vertices" : [ 3, 10, 6 ]
    }, {
      "vertices" : [ 3, 7, 10 ]
    }, {
      "vertices" : [ 0, 1, 2, 3 ]
    }, {
      "vertices" : [ 6, 10, 8 ]
    }, {
      "vertices" : [ 8, 10, 12, 11 ]
    }, {
      "vertices" : [ 2, 7, 3 ]
    }, {
      "vertices" : [ 0, 3, 6, 5 ]
    }, {
      "vertices" : [ 1, 5, 6, 2 ]
    }, {
      "vertices" : [ 4, 7, 8, 11 ]
    } ]
  }, {
    "id" : "6997ca99-5313-40d0-a680-6af3b0de579f",
    "orbit" : "yellow",
    "orbitC" : "[[0,0,1],[2,-1,1]]",
    "length" : "[2,-1,1]",
    "name" : " :2 -phi",
    "vertices" : [ {
      "x" : 1.0,
      "y" : 0.309017,
      "z" : -0.19098301
    }, {
      "x" : 1.0,
      "y" : -0.309017,
      "z" : -0.19098301
    }, {
      "x" : 0.809017,
      "y" : 0.0,
      "z" : -0.690983
    }, {
      "x" : 1.809017,
      "y" : 0.0,
      "z" : -0.309017
    }, {
      "x" : 1.618034,
      "y" : 0.309017,
      "z" : -0.809017
    }, {
      "x" : 1.618034,
      "y" : -0.309017,
      "z" : -0.809017
    }, {
      "x" : 2.618034,
      "y" : 0.0,
      "z" : -1.0
    } ],
    "faces" : [ {
      "vertices" : [ 0, 1, 3 ]
    }, {
      "vertices" : [ 0, 4, 2 ]
    }, {
      "vertices" : [ 0, 3, 4 ]
    }, {
      "vertices" : [ 1, 2, 5 ]
    }, {
      "vertices" : [ 1, 5, 3 ]
    }, {
      "vertices" : [ 2, 4, 5 ]
    } ]
  }, {
    "id" : "f47eebe8-963b-440e-b9c4-48a14da78bdc",
    "orbit" : "yellow",
    "orbitC" : "[[0,0,1],[2,-1,1]]",
    "length" : "[1,2,1]",
    "name" : " :1 +2*phi",
    "vertices" : [ {
      "x" : 0.809017,
      "y" : 0.0,
      "z" : -0.690983
    }, {
      "x" : 1.0,
      "y" : 0.309017,
      "z" : -0.19098301
    }, {
      "x" : 13.708204,
      "y" : 0.309017,
      "z" : -5.045085
    }, {
      "x" : 13.5172205,
      "y" : 0.0,
      "z" : -5.545085
    }, {
      "x" : 28.034441,
      "y" : 0.309017,
      "z" : -10.899187
    }, {
      "x" : 1.0,
      "y" : -0.309017,
      "z" : -0.19098301
    }, {
      "x" : 13.708204,
      "y" : -0.309017,
      "z" : -5.045085
    }, {
      "x" : 15.326238,
      "y" : 0.309017,
      "z" : -6.045085
    }, {
      "x" : 15.5172205,
      "y" : 0.0,
      "z" : -5.545085
    }, {
      "x" : 29.034441,
      "y" : 0.0,
      "z" : -11.09017
    }, {
      "x" : 15.326238,
      "y" : -0.309017,
      "z" : -6.045085
    }, {
      "x" : 28.225426,
      "y" : 0.0,
      "z" : -10.399187
    }, {
      "x" : 28.034441,
      "y" : -0.309017,
      "z" : -10.899187
    } ],
    "faces" : [ {
      "vertices" : [ 2, 6, 8 ]
    }, {
      "vertices" : [ 4, 12, 10, 7 ]
    }, {
      "vertices" : [ 2, 8, 7 ]
    }, {
      "vertices" : [ 3, 10, 6 ]
    }, {
      "vertices" : [ 3, 7, 10 ]
    }, {
      "vertices" : [ 0, 1, 2, 3 ]
    }, {
      "vertices" : [ 6, 10, 8 ]
    }, {
      "vertices" : [ 8, 10, 12, 11 ]
    }, {
      "vertices" : [ 2, 7, 3 ]
    }, {
      "vertices" : [ 0, 3, 6, 5 ]
    }, {
      "vertices" : [ 1, 5, 6, 2 ]
    }, {
      "vertices" : [ 4, 7, 8, 11 ]
    } ]
  } ],
  "instances" : [ {
    "shape" : "6ae01b7b-67ef-4372-b092-2a209f5126e4",
    "color" : "#FFB31A",
    "position" : {
      "x" : 24.798374,
      "y" : -29.034441,
      "z" : 35.888542
    },
    "orientation" : 21
  }, {
    "shape" : "f1071060-6549-46e9-82fe-77e536e1e25e",
    "color" : "#FFB31A",
    "position" : {
      "x" : 6.854102,
      "y" : -11.09017,
      "z" : 17.944271
    },
    "orientation" : 3
  }, {
    "shape" : "878c1297-0411-4811-9131-6a41477172fe",
    "color" : "#F2F2F2",
    "position" : {
      "x" : -22.18034,
      "y" : 53.832817,
      "z" : -2.618034
    }
  }, {
    "shape" : "f1071060-6549-46e9-82fe-77e536e1e25e",
    "color" : "#FFB31A",
    "position" : {
      "x" : -24.798374,
      "y" : -22.18034,
      "z" : 26.416409
    },
    "orientation" : 8
  }, {
    "shape" : "4ff1f3e5-e2cd-4f71-8f11-dcf98a5bc9cb",
    "color" : "#FFB31A",
    "position" : {
      "x" : 22.18034,
      "y" : 8.472136,
      "z" : 13.708204
    },
    "orientation" : 3
  }, {
    "shape" : "878c1297-0411-4811-9131-6a41477172fe",
    "color" : "#F2F2F2",
    "position" : {
      "x" : -46.978714,
      "y" : -11.09017,
      "z" : -46.978714
    }
  }, {
    "shape" : "6ae01b7b-67ef-4372-b092-2a209f5126e4",
    "color" : "#FFB31A",
    "position" : {
      "x" : -35.888542,
      "y" : 46.978714,
      "z" : 6.854102
    },
    "orientation" : 3
  }, {
    "shape" : "b9ef4780-840c-4c0d-8512-f0a30386a300",
    "color" : "#FFB31A",
    "position" : {
      "x" : 17.944271,
      "y" : -46.978714,
      "z" : -58.068882
    },
    "orientation" : 9
  }, {
    "shape" : "6ae01b7b-67ef-4372-b092-2a209f5126e4",
    "color" : "#FFB31A",
    "position" : {
      "x" : -11.09017,
      "y" : -29.034441,
      "z" : 22.18034
    },
    "orientation" : 17
  }, {
    "shape" : "878c1297-0411-4811-9131-6a41477172fe",
    "color" : "#F2F2F2",
    "position" : {
      "x" : -46.978714,
      "y" : 29.034441,
      "z" : -35.888542
    }
  }, {
    "shape" : "878c1297-0411-4811-9131-6a41477172fe",
    "color" : "#F2F2F2",
    "position" : {
      "x" : -35.888542,
      "y" : 46.978714,
      "z" : -29.034441
    }
  }, {
    "shape" : "6ae01b7b-67ef-4372-b092-2a209f5126e4",
    "color" : "#FFB31A",
    "position" : {
      "x" : -6.854102,
      "y" : -17.944271,
      "z" : 0.0
    },
    "orientation" : 3
  }, {
    "shape" : "f1071060-6549-46e9-82fe-77e536e1e25e",
    "color" : "#FFB31A",
    "position" : {
      "x" : 22.18034,
      "y" : -35.888542,
      "z" : 22.18034
    },
    "orientation" : 8
  }, {
    "shape" : "6ae01b7b-67ef-4372-b092-2a209f5126e4",
    "color" : "#FFB31A",
    "position" : {
      "x" : -17.944271,
      "y" : 11.09017,
      "z" : -35.888542
    },
    "orientation" : 0
  }, {
    "shape" : "f1071060-6549-46e9-82fe-77e536e1e25e",
    "color" : "#FFB31A",
    "position" : {
      "x" : -22.18034,
      "y" : 15.326238,
      "z" : 4.236068
    },
    "orientation" : 24
  }, {
    "shape" : "f1071060-6549-46e9-82fe-77e536e1e25e",
    "color" : "#FFB31A",
    "position" : {
      "x" : 11.09017,
      "y" : 17.944271,
      "z" : -6.854102
    },
    "orientation" : 8
  }, {
    "shape" : "6ae01b7b-67ef-4372-b092-2a209f5126e4",
    "color" : "#FFB31A",
    "position" : {
      "x" : -29.034441,
      "y" : 17.944271,
      "z" : 0.0
    },
    "orientation" : 7
  }, {
    "shape" : "6ae01b7b-67ef-4372-b092-2a209f5126e4",
    "color" : "#FFB31A",
    "position" : {
      "x" : -17.944271,
      "y" : 29.034441,
      "z" : -24.798374
    },
    "orientation" : 9
  }, {
    "shape" : "6ae01b7b-67ef-4372-b092-2a209f5126e4",
    "color" : "#FFB31A",
    "position" : {
      "x" : 0.0,
      "y" : -17.944271,
      "z" : -11.09017
    },
    "orientation" : 8
  }, {
    "shape" : "4ff1f3e5-e2cd-4f71-8f11-dcf98a5bc9cb",
    "color" : "#FFB31A",
    "position" : {
      "x" : 35.888542,
      "y" : 13.708204,
      "z" : 0.0
    },
    "orientation" : 17
  }, {
    "shape" : "6ae01b7b-67ef-4372-b092-2a209f5126e4",
    "color" : "#FFB31A",
    "position" : {
      "x" : 29.034441,
      "y" : -22.18034,
      "z" : -24.798374
    },
    "orientation" : 5
  }, {
    "shape" : "878c1297-0411-4811-9131-6a41477172fe",
    "color" : "#F2F2F2",
    "position" : {
      "x" : 2.618034,
      "y" : 22.18034,
      "z" : -4.236068
    }
  }, {
    "shape" : "6ae01b7b-67ef-4372-b092-2a209f5126e4",
    "color" : "#FFB31A",
    "position" : {
      "x" : -17.944271,
      "y" : 53.832817,
      "z" : 40.12461
    },
    "orientation" : 17
  }, {
    "shape" : "f1071060-6549-46e9-82fe-77e536e1e25e",
    "color" : "#FFB31A",
    "position" : {
      "x" : 4.236068,
      "y" : -17.944271,
      "z" : 53.832817
    },
    "orientation" : 0
  }, {
    "shape" : "878c1297-0411-4811-9131-6a41477172fe",
    "color" : "#F2F2F2",
    "position" : {
      "x" : 11.09017,
      "y" : -24.798374,
      "z" : -2.618034
    }
  }, {
    "shape" : "6ae01b7b-67ef-4372-b092-2a209f5126e4",
    "color" : "#FFB31A",
    "position" : {
      "x" : -11.09017,
      "y" : 0.0,
      "z" : 4.236068
    },
    "orientation" : 0
  }, {
    "shape" : "f1071060-6549-46e9-82fe-77e536e1e25e",
    "color" : "#FFB31A",
    "position" : {
      "x" : -11.09017,
      "y" : -17.944271,
      "z" : 6.854102
    },
    "orientation" : 0
  }, {
    "shape" : "878c1297-0411-4811-9131-6a41477172fe",
    "color" : "#F2F2F2",
    "position" : {
      "x" : 4.236068,
      "y" : 0.0,
      "z" : -29.034441
    }
  }, {
    "shape" : "6ae01b7b-67ef-4372-b092-2a209f5126e4",
    "color" : "#FFB31A",
    "position" : {
      "x" : -11.09017,
      "y" : 11.09017,
      "z" : -46.978714
    },
    "orientation" : 21
  }, {
    "shape" : "b9ef4780-840c-4c0d-8512-f0a30386a300",
    "color" : "#FFB31A",
    "position" : {
      "x" : -46.978714,
      "y" : 11.09017,
      "z" : 46.978714
    },
    "orientation" : 0
  }, {
    "shape" : "f1071060-6549-46e9-82fe-77e536e1e25e",
    "color" : "#FFB31A",
    "position" : {
      "x" : 53.832817,
      "y" : -29.034441,
      "z" : -11.09017
    },
    "orientation" : 9
  }, {
    "shape" : "6ae01b7b-67ef-4372-b092-2a209f5126e4",
    "color" : "#FFB31A",
    "position" : {
      "x" : 11.09017,
      "y" : -64.92299,
      "z" : 0.0
    },
    "orientation" : 3
  }, {
    "shape" : "f1071060-6549-46e9-82fe-77e536e1e25e",
    "color" : "#FFB31A",
    "position" : {
      "x" : -11.09017,
      "y" : -17.944271,
      "z" : -51.214783
    },
    "orientation" : 5
  }, {
    "shape" : "6ae01b7b-67ef-4372-b092-2a209f5126e4",
    "color" : "#FFB31A",
    "position" : {
      "x" : 6.854102,
      "y" : -11.09017,
      "z" : 40.12461
    },
    "orientation" : 0
  }, {
    "shape" : "6ae01b7b-67ef-4372-b092-2a209f5126e4",
    "color" : "#FFB31A",
    "position" : {
      "x" : 6.854102,
      "y" : -11.09017,
      "z" : -17.944271
    },
    "orientation" : 6
  }, {
    "shape" : "6ae01b7b-67ef-4372-b092-2a209f5126e4",
    "color" : "#FFB31A",
    "position" : {
      "x" : 17.944271,
      "y" : -11.09017,
      "z" : 35.888542
    },
    "orientation" : 21
  }, {
    "shape" : "878c1297-0411-4811-9131-6a41477172fe",
    "color" : "#F2F2F2",
    "position" : {
      "x" : 0.0,
      "y" : -58.068882,
      "z" : -22.18034
    }
  }, {
    "shape" : "6ae01b7b-67ef-4372-b092-2a209f5126e4",
    "color" : "#FFB31A",
    "position" : {
      "x" : 11.09017,
      "y" : 11.09017,
      "z" : -11.09017
    },
    "orientation" : 3
  }, {
    "shape" : "f1071060-6549-46e9-82fe-77e536e1e25e",
    "color" : "#FFB31A",
    "position" : {
      "x" : 6.854102,
      "y" : -29.034441,
      "z" : -6.854102
    },
    "orientation" : 7
  }, {
    "shape" : "6ae01b7b-67ef-4372-b092-2a209f5126e4",
    "color" : "#FFB31A",
    "position" : {
      "x" : -6.854102,
      "y" : -58.068882,
      "z" : -24.798374
    },
    "orientation" : 5
  }, {
    "shape" : "f1071060-6549-46e9-82fe-77e536e1e25e",
    "color" : "#FFB31A",
    "position" : {
      "x" : 6.854102,
      "y" : 26.416409,
      "z" : 13.708204
    },
    "orientation" : 5
  }, {
    "shape" : "878c1297-0411-4811-9131-6a41477172fe",
    "color" : "#F2F2F2",
    "position" : {
      "x" : 22.18034,
      "y" : -17.944271,
      "z" : 46.978714
    }
  }, {
    "shape" : "f1071060-6549-46e9-82fe-77e536e1e25e",
    "color" : "#FFB31A",
    "position" : {
      "x" : -40.12461,
      "y" : -2.618034,
      "z" : -13.708204
    },
    "orientation" : 7
  }, {
    "shape" : "f1071060-6549-46e9-82fe-77e536e1e25e",
    "color" : "#FFB31A",
    "position" : {
      "x" : -40.12461,
      "y" : -4.236068,
      "z" : -17.944271
    },
    "orientation" : 3
  }, {
    "shape" : "f1071060-6549-46e9-82fe-77e536e1e25e",
    "color" : "#FFB31A",
    "position" : {
      "x" : 22.18034,
      "y" : -4.236068,
      "z" : -2.618034
    },
    "orientation" : 8
  }, {
    "shape" : "f1071060-6549-46e9-82fe-77e536e1e25e",
    "color" : "#FFB31A",
    "position" : {
      "x" : 11.09017,
      "y" : 4.236068,
      "z" : -6.854102
    },
    "orientation" : 6
  }, {
    "shape" : "f1071060-6549-46e9-82fe-77e536e1e25e",
    "color" : "#FFB31A",
    "position" : {
      "x" : 0.0,
      "y" : -35.888542,
      "z" : -22.18034
    },
    "orientation" : 0
  }, {
    "shape" : "f1071060-6549-46e9-82fe-77e536e1e25e",
    "color" : "#FFB31A",
    "position" : {
      "x" : -4.236068,
      "y" : 17.944271,
      "z" : -4.236068
    },
    "orientation" : 9
  }, {
    "shape" : "6ae01b7b-67ef-4372-b092-2a209f5126e4",
    "color" : "#FFB31A",
    "position" : {
      "x" : 6.854102,
      "y" : 11.09017,
      "z" : -4.236068
    },
    "orientation" : 8
  }, {
    "shape" : "b9ef4780-840c-4c0d-8512-f0a30386a300",
    "color" : "#FFB31A",
    "position" : {
      "x" : -29.034441,
      "y" : 64.92299,
      "z" : -29.034441
    },
    "orientation" : 21
  }, {
    "shape" : "6ae01b7b-67ef-4372-b092-2a209f5126e4",
    "color" : "#FFB31A",
    "position" : {
      "x" : 6.854102,
      "y" : -11.09017,
      "z" : 17.944271
    },
    "orientation" : 6
  }, {
    "shape" : "f1071060-6549-46e9-82fe-77e536e1e25e",
    "color" : "#FFB31A",
    "position" : {
      "x" : -6.854102,
      "y" : 46.978714,
      "z" : 17.944271
    },
    "orientation" : 21
  }, {
    "shape" : "4ff1f3e5-e2cd-4f71-8f11-dcf98a5bc9cb",
    "color" : "#FFB31A",
    "position" : {
      "x" : 2.618034,
      "y" : 22.18034,
      "z" : -53.832817
    },
    "orientation" : 21
  }, {
    "shape" : "6ae01b7b-67ef-4372-b092-2a209f5126e4",
    "color" : "#FFB31A",
    "position" : {
      "x" : 40.12461,
      "y" : -6.854102,
      "z" : -46.978714
    },
    "orientation" : 9
  }, {
    "shape" : "4ff1f3e5-e2cd-4f71-8f11-dcf98a5bc9cb",
    "color" : "#FFB31A",
    "position" : {
      "x" : -2.618034,
      "y" : 2.618034,
      "z" : -11.09017
    },
    "orientation" : 24
  }, {
    "shape" : "b9ef4780-840c-4c0d-8512-f0a30386a300",
    "color" : "#FFB31A",
    "position" : {
      "x" : 46.978714,
      "y" : 17.944271,
      "z" : 6.854102
    },
    "orientation" : 0
  }, {
    "shape" : "6ae01b7b-67ef-4372-b092-2a209f5126e4",
    "color" : "#FFB31A",
    "position" : {
      "x" : -17.944271,
      "y" : 11.09017,
      "z" : 58.068882
    },
    "orientation" : 0
  }, {
    "shape" : "6ae01b7b-67ef-4372-b092-2a209f5126e4",
    "color" : "#FFB31A",
    "position" : {
      "x" : 11.09017,
      "y" : 29.034441,
      "z" : -13.708204
    },
    "orientation" : 9
  }, {
    "shape" : "6ae01b7b-67ef-4372-b092-2a209f5126e4",
    "color" : "#FFB31A",
    "position" : {
      "x" : -40.12461,
      "y" : 46.978714,
      "z" : 0.0
    },
    "orientation" : 21
  }, {
    "shape" : "878c1297-0411-4811-9131-6a41477172fe",
    "color" : "#F2F2F2",
    "position" : {
      "x" : -33.27051,
      "y" : -29.034441,
      "z" : 35.888542
    }
  }, {
    "shape" : "f1071060-6549-46e9-82fe-77e536e1e25e",
    "color" : "#FFB31A",
    "position" : {
      "x" : 6.854102,
      "y" : 0.0,
      "z" : 33.27051
    },
    "orientation" : 24
  }, {
    "shape" : "4ff1f3e5-e2cd-4f71-8f11-dcf98a5bc9cb",
    "color" : "#FFB31A",
    "position" : {
      "x" : -20.562305,
      "y" : -6.854102,
      "z" : 6.854102
    },
    "orientation" : 3
  }, {
    "shape" : "878c1297-0411-4811-9131-6a41477172fe",
    "color" : "#F2F2F2",
    "position" : {
      "x" : 4.236068,
      "y" : 4.236068,
      "z" : -9.472136
    }
  }, {
    "shape" : "878c1297-0411-4811-9131-6a41477172fe",
    "color" : "#F2F2F2",
    "position" : {
      "x" : 17.944271,
      "y" : 58.068882,
      "z" : -29.034441
    }
  }, {
    "shape" : "f1071060-6549-46e9-82fe-77e536e1e25e",
    "color" : "#FFB31A",
    "position" : {
      "x" : -24.798374,
      "y" : 29.034441,
      "z" : -35.888542
    },
    "orientation" : 8
  }, {
    "shape" : "f1071060-6549-46e9-82fe-77e536e1e25e",
    "color" : "#FFB31A",
    "position" : {
      "x" : -42.742645,
      "y" : -11.09017,
      "z" : 17.944271
    },
    "orientation" : 6
  }, {
    "shape" : "878c1297-0411-4811-9131-6a41477172fe",
    "color" : "#F2F2F2",
    "position" : {
      "x" : 6.854102,
      "y" : 15.326238,
      "z" : -15.326238
    }
  }, {
    "shape" : "6ae01b7b-67ef-4372-b092-2a209f5126e4",
    "color" : "#FFB31A",
    "position" : {
      "x" : 58.068882,
      "y" : 11.09017,
      "z" : -6.854102
    },
    "orientation" : 9
  }, {
    "shape" : "6ae01b7b-67ef-4372-b092-2a209f5126e4",
    "color" : "#FFB31A",
    "position" : {
      "x" : -17.944271,
      "y" : 17.944271,
      "z" : -17.944271
    },
    "orientation" : 0
  }, {
