{
  "polygons" : "true",
  "field" : "golden",
  "symmetry" : "icosahedral",
  "orientations" : [ [ 1.0, 0.0, 0.0, 0.0, 0.0, 1.0, 0.0, 0.0, 0.0, 0.0, 1.0, 0.0, 0.0, 0.0, 0.0, 1.0 ], [ 0.0, 0.0, 1.0, 0.0, 1.0, 0.0, 0.0, 0.0, 0.0, 1.0, 0.0, 0.0, 0.0, 0.0, 0.0, 1.0 ], [ 0.0, 1.0, 0.0, 0.0, 0.0, 0.0, 1.0, 0.0, 1.0, 0.0, 0.0, 0.0, 0.0, 0.0, 0.0, 1.0 ], [ 0.809017, 0.309017, 0.5, 0.0, 0.309017, 0.5, -0.809017, 0.0, -0.5, 0.809017, 0.309017, 0.0, 0.0, 0.0, 0.0, 1.0 ], [ -0.5, 0.809017, 0.309017, 0.0, 0.809017, 0.309017, 0.5, 0.0, 0.309017, 0.5, -0.809017, 0.0, 0.0, 0.0, 0.0, 1.0 ], [ 0.309017, 0.5, -0.809017, 0.0, -0.5, 0.809017, 0.309017, 0.0, 0.809017, 0.309017, 0.5, 0.0, 0.0, 0.0, 0.0, 1.0 ], [ 0.5, 0.809017, 0.309017, 0.0, 0.809017, -0.309017, -0.5, 0.0, -0.309017, 0.5, -0.809017, 0.0, 0.0, 0.0, 0.0, 1.0 ], [ -0.309017, 0.5, -0.809017, 0.0, 0.5, 0.809017, 0.309017, 0.0, 0.809017, -0.309017, -0.5, 0.0, 0.0, 0.0, 0.0, 1.0 ], [ 0.809017, -0.309017, -0.5, 0.0, -0.309017, 0.5, -0.809017, 0.0, 0.5, 0.809017, 0.309017, 0.0, 0.0, 0.0, 0.0, 1.0 ], [ 0.5, 0.809017, -0.309017, 0.0, 0.809017, -0.309017, 0.5, 0.0, 0.309017, -0.5, -0.809017, 0.0, 0.0, 0.0, 0.0, 1.0 ], [ 0.309017, -0.5, -0.809017, 0.0, 0.5, 0.809017, -0.309017, 0.0, 0.809017, -0.309017, 0.5, 0.0, 0.0, 0.0, 0.0, 1.0 ], [ 0.809017, -0.309017, 0.5, 0.0, 0.309017, -0.5, -0.809017, 0.0, 0.5, 0.809017, -0.309017, 0.0, 0.0, 0.0, 0.0, 1.0 ], [ 0.809017, 0.309017, -0.5, 0.0, 0.309017, 0.5, 0.809017, 0.0, 0.5, -0.809017, 0.309017, 0.0, 0.0, 0.0, 0.0, 1.0 ], [ 0.5, -0.809017, 0.309017, 0.0, 0.809017, 0.309017, -0.5, 0.0, 0.309017, 0.5, 0.809017, 0.0, 0.0, 0.0, 0.0, 1.0 ], [ 0.309017, 0.5, 0.809017, 0.0, 0.5, -0.809017, 0.309017, 0.0, 0.809017, 0.309017, -0.5, 0.0, 0.0, 0.0, 0.0, 1.0 ], [ 1.0, 0.0, 0.0, 0.0, 0.0, -1.0, 0.0, 0.0, 0.0, 0.0, -1.0, 0.0, 0.0, 0.0, 0.0, 1.0 ], [ 0.0, 0.0, 1.0, 0.0, -1.0, 0.0, 0.0, 0.0, 0.0, -1.0, 0.0, 0.0, 0.0, 0.0, 0.0, 1.0 ], [ 0.0, 1.0, 0.0, 0.0, 0.0, 0.0, -1.0, 0.0, -1.0, 0.0, 0.0, 0.0, 0.0, 0.0, 0.0, 1.0 ], [ 0.809017, 0.309017, 0.5, 0.0, -0.309017, -0.5, 0.809017, 0.0, 0.5, -0.809017, -0.309017, 0.0, 0.0, 0.0, 0.0, 1.0 ], [ -0.5, 0.809017, 0.309017, 0.0, -0.809017, -0.309017, -0.5, 0.0, -0.309017, -0.5, 0.809017, 0.0, 0.0, 0.0, 0.0, 1.0 ], [ 0.309017, 0.5, -0.809017, 0.0, 0.5, -0.809017, -0.309017, 0.0, -0.809017, -0.309017, -0.5, 0.0, 0.0, 0.0, 0.0, 1.0 ], [ 0.5, 0.809017, 0.309017, 0.0, -0.809017, 0.309017, 0.5, 0.0, 0.309017, -0.5, 0.809017, 0.0, 0.0, 0.0, 0.0, 1.0 ], [ -0.309017, 0.5, -0.809017, 0.0, -0.5, -0.809017, -0.309017, 0.0, -0.809017, 0.309017, 0.5, 0.0, 0.0, 0.0, 0.0, 1.0 ], [ 0.809017, -0.309017, -0.5, 0.0, 0.309017, -0.5, 0.809017, 0.0, -0.5, -0.809017, -0.309017, 0.0, 0.0, 0.0, 0.0, 1.0 ], [ 0.5, 0.809017, -0.309017, 0.0, -0.809017, 0.309017, -0.5, 0.0, -0.309017, 0.5, 0.809017, 0.0, 0.0, 0.0, 0.0, 1.0 ], [ 0.309017, -0.5, -0.809017, 0.0, -0.5, -0.809017, 0.309017, 0.0, -0.809017, 0.309017, -0.5, 0.0, 0.0, 0.0, 0.0, 1.0 ], [ 0.809017, -0.309017, 0.5, 0.0, -0.309017, 0.5, 0.809017, 0.0, -0.5, -0.809017, 0.309017, 0.0, 0.0, 0.0, 0.0, 1.0 ], [ 0.809017, 0.309017, -0.5, 0.0, -0.309017, -0.5, -0.809017, 0.0, -0.5, 0.809017, -0.309017, 0.0, 0.0, 0.0, 0.0, 1.0 ], [ 0.5, -0.809017, 0.309017, 0.0, -0.809017, -0.309017, 0.5, 0.0, -0.309017, -0.5, -0.809017, 0.0, 0.0, 0.0, 0.0, 1.0 ], [ 0.309017, 0.5, 0.809017, 0.0, -0.5, 0.809017, -0.309017, 0.0, -0.809017, -0.309017, 0.5, 0.0, 0.0, 0.0, 0.0, 1.0 ], [ -1.0, 0.0, 0.0, 0.0, 0.0, -1.0, 0.0, 0.0, 0.0, 0.0, 1.0, 0.0, 0.0, 0.0, 0.0, 1.0 ], [ 0.0, 0.0, -1.0, 0.0, -1.0, 0.0, 0.0, 0.0, 0.0, 1.0, 0.0, 0.0, 0.0, 0.0, 0.0, 1.0 ], [ 0.0, -1.0, 0.0, 0.0, 0.0, 0.0, -1.0, 0.0, 1.0, 0.0, 0.0, 0.0, 0.0, 0.0, 0.0, 1.0 ], [ -0.809017, -0.309017, -0.5, 0.0, -0.309017, -0.5, 0.809017, 0.0, -0.5, 0.809017, 0.309017, 0.0, 0.0, 0.0, 0.0, 1.0 ], [ 0.5, -0.809017, -0.309017, 0.0, -0.809017, -0.309017, -0.5, 0.0, 0.309017, 0.5, -0.809017, 0.0, 0.0, 0.0, 0.0, 1.0 ], [ -0.309017, -0.5, 0.809017, 0.0, 0.5, -0.809017, -0.309017, 0.0, 0.809017, 0.309017, 0.5, 0.0, 0.0, 0.0, 0.0, 1.0 ], [ -0.5, -0.809017, -0.309017, 0.0, -0.809017, 0.309017, 0.5, 0.0, -0.309017, 0.5, -0.809017, 0.0, 0.0, 0.0, 0.0, 1.0 ], [ 0.309017, -0.5, 0.809017, 0.0, -0.5, -0.809017, -0.309017, 0.0, 0.809017, -0.309017, -0.5, 0.0, 0.0, 0.0, 0.0, 1.0 ], [ -0.809017, 0.309017, 0.5, 0.0, 0.309017, -0.5, 0.809017, 0.0, 0.5, 0.809017, 0.309017, 0.0, 0.0, 0.0, 0.0, 1.0 ], [ -0.5, -0.809017, 0.309017, 0.0, -0.809017, 0.309017, -0.5, 0.0, 0.309017, -0.5, -0.809017, 0.0, 0.0, 0.0, 0.0, 1.0 ], [ -0.309017, 0.5, 0.809017, 0.0, -0.5, -0.809017, 0.309017, 0.0, 0.809017, -0.309017, 0.5, 0.0, 0.0, 0.0, 0.0, 1.0 ], [ -0.809017, 0.309017, -0.5, 0.0, -0.309017, 0.5, 0.809017, 0.0, 0.5, 0.809017, -0.309017, 0.0, 0.0, 0.0, 0.0, 1.0 ], [ -0.809017, -0.309017, 0.5, 0.0, -0.309017, -0.5, -0.809017, 0.0, 0.5, -0.809017, 0.309017, 0.0, 0.0, 0.0, 0.0, 1.0 ], [ -0.5, 0.809017, -0.309017, 0.0, -0.809017, -0.309017, 0.5, 0.0, 0.309017, 0.5, 0.809017, 0.0, 0.0, 0.0, 0.0, 1.0 ], [ -0.309017, -0.5, -0.809017, 0.0, -0.5, 0.809017, -0.309017, 0.0, 0.809017, 0.309017, -0.5, 0.0, 0.0, 0.0, 0.0, 1.0 ], [ -1.0, 0.0, 0.0, 0.0, 0.0, 1.0, 0.0, 0.0, 0.0, 0.0, -1.0, 0.0, 0.0, 0.0, 0.0, 1.0 ], [ 0.0, 0.0, -1.0, 0.0, 1.0, 0.0, 0.0, 0.0, 0.0, -1.0, 0.0, 0.0, 0.0, 0.0, 0.0, 1.0 ], [ 0.0, -1.0, 0.0, 0.0, 0.0, 0.0, 1.0, 0.0, -1.0, 0.0, 0.0, 0.0, 0.0, 0.0, 0.0, 1.0 ], [ -0.809017, -0.309017, -0.5, 0.0, 0.309017, 0.5, -0.809017, 0.0, 0.5, -0.809017, -0.309017, 0.0, 0.0, 0.0, 0.0, 1.0 ], [ 0.5, -0.809017, -0.309017, 0.0, 0.809017, 0.309017, 0.5, 0.0, -0.309017, -0.5, 0.809017, 0.0, 0.0, 0.0, 0.0, 1.0 ], [ -0.309017, -0.5, 0.809017, 0.0, -0.5, 0.809017, 0.309017, 0.0, -0.809017, -0.309017, -0.5, 0.0, 0.0, 0.0, 0.0, 1.0 ], [ -0.5, -0.809017, -0.309017, 0.0, 0.809017, -0.309017, -0.5, 0.0, 0.309017, -0.5, 0.809017, 0.0, 0.0, 0.0, 0.0, 1.0 ], [ 0.309017, -0.5, 0.809017, 0.0, 0.5, 0.809017, 0.309017, 0.0, -0.809017, 0.309017, 0.5, 0.0, 0.0, 0.0, 0.0, 1.0 ], [ -0.809017, 0.309017, 0.5, 0.0, -0.309017, 0.5, -0.809017, 0.0, -0.5, -0.809017, -0.309017, 0.0, 0.0, 0.0, 0.0, 1.0 ], [ -0.5, -0.809017, 0.309017, 0.0, 0.809017, -0.309017, 0.5, 0.0, -0.309017, 0.5, 0.809017, 0.0, 0.0, 0.0, 0.0, 1.0 ], [ -0.309017, 0.5, 0.809017, 0.0, 0.5, 0.809017, -0.309017, 0.0, -0.809017, 0.309017, -0.5, 0.0, 0.0, 0.0, 0.0, 1.0 ], [ -0.809017, 0.309017, -0.5, 0.0, 0.309017, -0.5, -0.809017, 0.0, -0.5, -0.809017, 0.309017, 0.0, 0.0, 0.0, 0.0, 1.0 ], [ -0.809017, -0.309017, 0.5, 0.0, 0.309017, 0.5, 0.809017, 0.0, -0.5, 0.809017, -0.309017, 0.0, 0.0, 0.0, 0.0, 1.0 ], [ -0.5, 0.809017, -0.309017, 0.0, 0.809017, 0.309017, -0.5, 0.0, -0.309017, -0.5, -0.809017, 0.0, 0.0, 0.0, 0.0, 1.0 ], [ -0.309017, -0.5, -0.809017, 0.0, 0.5, -0.809017, 0.309017, 0.0, -0.809017, -0.309017, 0.5, 0.0, 0.0, 0.0, 0.0, 1.0 ] ],
  "lights" : {
    "directionalLights" : [ {
      "direction" : [ 1.0, -1.0, -1.0 ],
      "color" : "#EBEBE4"
    }, {
      "direction" : [ -1.0, 0.0, 0.0 ],
      "color" : "#E4E4EB"
    }, {
      "direction" : [ 0.0, 0.0, -1.0 ],
      "color" : "#1E1E1E"
    } ],
    "backgroundColor" : "#AFC8DC",
    "ambientColor" : "#292929"
  },
  "camera" : {
    "width" : 773.0717,
    "position" : {
      "x" : -462.66095,
      "y" : 524.40857,
      "z" : 1569.1521
    },
    "lookDirectionRV" : {
      "x" : 0.26931193,
      "y" : -0.30525482,
      "z" : -0.91339326,
      "zero" : false
    },
    "perspective" : true,
    "fieldOfView" : 0.44262892,
    "viewDistance" : 1717.937,
    "lookAtPointRV" : {
      "x" : 0.0,
      "y" : 0.0,
      "z" : 0.0,
      "zero" : true
    },
    "upDirectionRV" : {
      "x" : -0.30345672,
      "y" : 0.8732225,
      "z" : -0.38130355,
      "zero" : false
    },
    "nearClipDistance" : 4.2948422,
    "upDirection" : {
      "x" : -0.30345672,
      "y" : 0.8732225,
      "z" : -0.38130355
    },
    "lookAtPoint" : {
      "x" : 0.0,
      "y" : 0.0,
      "z" : 0.0
    },
    "lookDirection" : {
      "x" : 0.26931193,
      "y" : -0.30525482,
      "z" : -0.91339326
    },
    "stereo" : false,
    "farClipDistance" : 3435.8745
  },
  "embedding" : [ 1.0, 0.0, 0.0, 0.0, 0.0, 1.0, 0.0, 0.0, 0.0, 0.0, 1.0, 0.0, 0.0, 0.0, 0.0, 1.0 ],
  "shapes" : [ {
    "id" : "8a953d11-efca-45c6-86e8-ebd9d8632a46",
    "orbit" : "green",
    "orbitC" : "[[2,-1,1],[5,-3,1]]",
    "length" : "[0,1,1]",
    "name" : "g2",
    "vertices" : [ {
      "x" : 17.635256,
      "y" : 6.736068,
      "z" : -2.572949
    }, {
      "x" : 17.253288,
      "y" : 6.2811527,
      "z" : -2.381966
    }, {
      "x" : 17.09017,
      "y" : 6.545085,
      "z" : -2.809017
    }, {
      "x" : 17.017221,
      "y" : 6.809017,
      "z" : -2.618034
    }, {
      "x" : 0.85410196,
      "y" : 0.309017,
      "z" : 0.19098301
    }, {
      "x" : 0.690983,
      "y" : 0.572949,
      "z" : -0.23606798
    }, {
      "x" : 0.309017,
      "y" : 0.11803399,
      "z" : -0.045084972
    }, {
      "x" : 0.76393205,
      "y" : 0.309017,
      "z" : -0.42705098
    }, {
      "x" : 0.927051,
      "y" : 0.045084972,
      "z" : 0.0
    }, {
      "x" : 17.18034,
      "y" : 6.545085,
      "z" : -2.190983
    }, {
      "x" : 17.944271,
      "y" : 6.854102,
      "z" : -2.618034
    } ],
    "faces" : [ {
      "vertices" : [ 2, 7, 5, 3 ]
    }, {
      "vertices" : [ 1, 8, 7, 2 ]
    }, {
      "vertices" : [ 4, 6, 8 ]
    }, {
      "vertices" : [ 5, 7, 6 ]
    }, {
      "vertices" : [ 0, 1, 2 ]
    }, {
      "vertices" : [ 0, 2, 3 ]
    }, {
      "vertices" : [ 6, 7, 8 ]
    }, {
      "vertices" : [ 3, 5, 4, 9 ]
    }, {
      "vertices" : [ 1, 9, 4, 8 ]
    }, {
      "vertices" : [ 0, 9, 1 ]
    }, {
      "vertices" : [ 0, 3, 9 ]
    }, {
      "vertices" : [ 4, 5, 6 ]
    } ]
  }, {
    "id" : "7d0cb342-2562-4fc1-ae18-aa346101e89b",
    "vertices" : [ {
      "x" : 0.0,
      "y" : 0.0,
      "z" : 0.0
    }, {
      "x" : -4.236068,
      "y" : 11.09017,
      "z" : 0.0
    }, {
      "x" : -8.472136,
      "y" : 26.416409,
      "z" : 11.09017
    }, {
      "x" : -8.472136,
      "y" : 30.652475,
      "z" : 22.18034
    }, {
      "x" : -4.236068,
      "y" : 23.798374,
      "z" : 33.27051
    }, {
      "x" : 0.0,
      "y" : 12.708204,
      "z" : 33.27051
    }, {
      "x" : 4.236068,
      "y" : -2.618034,
      "z" : 22.18034
    }, {
      "x" : 4.236068,
      "y" : -6.854102,
      "z" : 11.09017
    } ],
    "faces" : [ {
      "vertices" : [ 0, 1, 2, 3, 4, 5, 6, 7 ]
    }, {
      "vertices" : [ 0, 7, 6, 5, 4, 3, 2, 1 ]
    } ]
  }, {
    "id" : "acad6db3-7dda-4c91-bf30-7516d33832c5",
    "name" : "ball",
    "vertices" : [ {
      "x" : -0.309017,
      "y" : -0.19098301,
      "z" : 0.0
    }, {
      "x" : -0.309017,
      "y" : 0.19098301,
      "z" : 0.0
    }, {
      "x" : -0.19098301,
      "y" : 0.0,
      "z" : -0.309017
    }, {
      "x" : -0.19098301,
      "y" : 0.0,
      "z" : 0.309017
    }, {
      "x" : 0.0,
      "y" : -0.309017,
      "z" : -0.19098301
    }, {
      "x" : 0.0,
      "y" : -0.309017,
      "z" : 0.19098301
    }, {
      "x" : 0.0,
      "y" : 0.309017,
      "z" : -0.19098301
    }, {
      "x" : 0.0,
      "y" : 0.309017,
      "z" : 0.19098301
    }, {
      "x" : 0.19098301,
      "y" : 0.0,
      "z" : -0.309017
    }, {
      "x" : 0.19098301,
      "y" : 0.0,
      "z" : 0.309017
    }, {
      "x" : 0.309017,
      "y" : -0.19098301,
      "z" : 0.0
    }, {
      "x" : 0.309017,
      "y" : 0.19098301,
      "z" : 0.0
    } ],
    "faces" : [ {
      "vertices" : [ 0, 1, 2 ]
    }, {
      "vertices" : [ 0, 3, 1 ]
    }, {
      "vertices" : [ 0, 2, 4 ]
    }, {
      "vertices" : [ 0, 5, 3 ]
    }, {
      "vertices" : [ 0, 4, 5 ]
    }, {
      "vertices" : [ 1, 6, 2 ]
    }, {
      "vertices" : [ 1, 3, 7 ]
    }, {
      "vertices" : [ 1, 7, 6 ]
    }, {
      "vertices" : [ 2, 8, 4 ]
    }, {
      "vertices" : [ 2, 6, 8 ]
    }, {
      "vertices" : [ 3, 5, 9 ]
    }, {
      "vertices" : [ 3, 9, 7 ]
    }, {
      "vertices" : [ 4, 10, 5 ]
    }, {
      "vertices" : [ 4, 8, 10 ]
    }, {
      "vertices" : [ 5, 10, 9 ]
    }, {
      "vertices" : [ 6, 7, 11 ]
    }, {
      "vertices" : [ 6, 11, 8 ]
    }, {
      "vertices" : [ 7, 9, 11 ]
    }, {
      "vertices" : [ 8, 11, 10 ]
    }, {
      "vertices" : [ 9, 10, 11 ]
    } ]
  }, {
    "id" : "4622b099-b710-43f1-b39b-0557a5dccf12",
    "orbit" : "yellow",
    "orbitC" : "[[0,0,1],[2,-1,1]]",
    "length" : "[0,1,1]",
    "name" : "y2",
    "vertices" : [ {
      "x" : 11.09017,
      "y" : 0.0,
      "z" : -4.236068
    }, {
      "x" : 10.781153,
      "y" : 0.0,
      "z" : -4.118034
    }, {
      "x" : 10.376644,
      "y" : -0.1545085,
      "z" : -3.677051
    }, {
      "x" : 10.185661,
      "y" : -0.1545085,
      "z" : -4.177051
    }, {
      "x" : 0.9045085,
      "y" : -0.1545085,
      "z" : -0.059016995
    }, {
      "x" : 0.809017,
      "y" : 0.309017,
      "z" : -0.309017
    }, {
      "x" : 0.309017,
      "y" : 0.0,
      "z" : -0.11803399
    }, {
      "x" : 10.281153,
      "y" : 0.309017,
      "z" : -3.927051
    }, {
      "x" : 0.7135255,
      "y" : -0.1545085,
      "z" : -0.559017
    } ],
    "faces" : [ {
      "vertices" : [ 2, 4, 8, 3 ]
    }, {
      "vertices" : [ 2, 7, 5, 4 ]
    }, {
      "vertices" : [ 4, 6, 8 ]
    }, {
      "vertices" : [ 5, 8, 6 ]
    }, {
      "vertices" : [ 1, 2, 3 ]
    }, {
      "vertices" : [ 3, 8, 5, 7 ]
    }, {
      "vertices" : [ 1, 7, 2 ]
    }, {
      "vertices" : [ 1, 3, 7 ]
    }, {
      "vertices" : [ 4, 5, 6 ]
    } ]
  }, {
    "id" : "fc5a2e0c-c467-427e-a1ac-0478c599a828",
    "orbit" : "blue",
    "orbitC" : "[[0,0,1],[0,0,1]]",
    "length" : "[0,1,1]",
    "name" : "b2",
    "vertices" : [ {
      "x" : 1.0,
      "y" : 0.309017,
      "z" : 0.19098301
    }, {
      "x" : 1.0,
      "y" : -0.309017,
      "z" : 0.19098301
    }, {
      "x" : 12.708204,
      "y" : -0.309017,
      "z" : 0.19098301
    }, {
      "x" : 12.708204,
      "y" : 0.309017,
      "z" : 0.19098301
    }, {
      "x" : 12.708204,
      "y" : -0.309017,
      "z" : -0.19098301
    }, {
      "x" : 12.708204,
      "y" : 0.309017,
      "z" : -0.19098301
    }, {
      "x" : 13.326238,
      "y" : 0.0,
      "z" : 0.0
    }, {
      "x" : 0.38196602,
      "y" : 0.0,
      "z" : 0.0
    }, {
      "x" : 1.0,
      "y" : 0.309017,
      "z" : -0.19098301
    }, {
      "x" : 1.0,
      "y" : -0.309017,
      "z" : -0.19098301
    }, {
      "x" : 13.708204,
      "y" : 0.0,
      "z" : 0.0
    } ],
    "faces" : [ {
      "vertices" : [ 1, 9, 4, 2 ]
    }, {
      "vertices" : [ 0, 3, 5, 8 ]
    }, {
      "vertices" : [ 1, 7, 9 ]
    }, {
      "vertices" : [ 0, 1, 2, 3 ]
    }, {
      "vertices" : [ 7, 8, 9 ]
    }, {
      "vertices" : [ 0, 7, 1 ]
    }, {
      "vertices" : [ 4, 9, 8, 5 ]
    }, {
      "vertices" : [ 2, 6, 3 ]
    }, {
      "vertices" : [ 2, 4, 6 ]
    }, {
      "vertices" : [ 3, 6, 5 ]
    }, {
      "vertices" : [ 4, 5, 6 ]
    }, {
      "vertices" : [ 0, 8, 7 ]
    } ]
  }, {
    "id" : "9be57080-a680-4529-853b-04c235ef5f56",
    "vertices" : [ {
      "x" : 0.0,
      "y" : 0.0,
      "z" : 0.0
    }, {
      "x" : 0.0,
      "y" : 13.708204,
      "z" : 0.0
    }, {
      "x" : 0.0,
      "y" : 13.708204,
      "z" : 13.708204
    }, {
      "x" : 0.0,
      "y" : 0.0,
      "z" : 13.708204
    } ],
    "faces" : [ {
      "vertices" : [ 0, 1, 2, 3 ]
    }, {
      "vertices" : [ 0, 3, 2, 1 ]
    } ]
  }, {
    "id" : "1726cf7c-8194-4fe3-a0e5-eea1d205d30c",
    "vertices" : [ {
      "x" : 0.0,
      "y" : 0.0,
      "z" : 0.0
    }, {
      "x" : 4.236068,
      "y" : -15.326238,
      "z" : 11.09017
    }, {
      "x" : -2.618034,
      "y" : -17.944271,
      "z" : -6.854102
    } ],
    "faces" : [ {
      "vertices" : [ 0, 1, 2 ]
    }, {
      "vertices" : [ 0, 2, 1 ]
    } ]
  }, {
    "id" : "785d1147-91c6-4f86-a503-ffeb0348202a",
    "vertices" : [ {
      "x" : 0.0,
      "y" : 0.0,
      "z" : 0.0
    }, {
      "x" : -2.618034,
      "y" : 17.944271,
      "z" : -6.854102
    }, {
      "x" : 4.236068,
      "y" : 15.326238,
      "z" : 11.09017
    } ],
    "faces" : [ {
      "vertices" : [ 0, 1, 2 ]
    }, {
      "vertices" : [ 0, 2, 1 ]
    } ]
  }, {
    "id" : "afd1e9ee-3e0a-4d32-b10f-fff0fc765d88",
    "vertices" : [ {
      "x" : 0.0,
      "y" : 0.0,
      "z" : 0.0
    }, {
      "x" : 4.236068,
      "y" : -11.09017,
      "z" : 0.0
    }, {
      "x" : 8.472136,
      "y" : -26.416409,
      "z" : -11.09017
    }, {
      "x" : 8.472136,
      "y" : -30.652475,
      "z" : -22.18034
    }, {
      "x" : 4.236068,
      "y" : -23.798374,
      "z" : -33.27051
    }, {
      "x" : 0.0,
      "y" : -12.708204,
      "z" : -33.27051
    }, {
      "x" : -4.236068,
      "y" : 2.618034,
      "z" : -22.18034
    }, {
      "x" : -4.236068,
      "y" : 6.854102,
      "z" : -11.09017
    } ],
    "faces" : [ {
      "vertices" : [ 0, 1, 2, 3, 4, 5, 6, 7 ]
    }, {
      "vertices" : [ 0, 7, 6, 5, 4, 3, 2, 1 ]
    } ]
  }, {
    "id" : "55a46fa0-582d-44bc-ad71-6b70efc99a44",
    "vertices" : [ {
      "x" : 0.0,
      "y" : 0.0,
      "z" : 0.0
    }, {
      "x" : -4.236068,
      "y" : -15.326238,
      "z" : -11.09017
    }, {
      "x" : -6.854102,
      "y" : 2.618034,
      "z" : -17.944271
    } ],
    "faces" : [ {
      "vertices" : [ 0, 1, 2 ]
    }, {
      "vertices" : [ 0, 2, 1 ]
    } ]
  }, {
    "id" : "a7a9da30-9ecf-432e-b765-2e82e961a8ba",
    "vertices" : [ {
      "x" : 0.0,
      "y" : 0.0,
      "z" : 0.0
    }, {
      "x" : 0.0,
      "y" : 0.0,
      "z" : 13.708204
    }, {
      "x" : 0.0,
      "y" : -13.708204,
      "z" : 13.708204
    }, {
      "x" : 0.0,
      "y" : -13.708204,
      "z" : 0.0
    } ],
    "faces" : [ {
      "vertices" : [ 0, 1, 2, 3 ]
    }, {
      "vertices" : [ 0, 3, 2, 1 ]
    } ]
  }, {
    "id" : "28aaae88-8042-49c9-b4cd-19e884613ce1",
    "vertices" : [ {
      "x" : 0.0,
      "y" : 0.0,
      "z" : 0.0
    }, {
      "x" : 2.618034,
      "y" : 17.944271,
      "z" : 6.854102
    }, {
      "x" : 6.854102,
      "y" : 2.618034,
      "z" : 17.944271
    } ],
    "faces" : [ {
      "vertices" : [ 0, 1, 2 ]
    }, {
      "vertices" : [ 0, 2, 1 ]
    } ]
  }, {
    "id" : "061b822d-c92e-44a7-90bb-ab86642ce835",
    "vertices" : [ {
      "x" : 0.0,
      "y" : 0.0,
      "z" : 0.0
    }, {
      "x" : 0.0,
      "y" : -13.708204,
      "z" : 0.0
    }, {
      "x" : 0.0,
      "y" : -13.708204,
      "z" : -13.708204
    }, {
      "x" : 0.0,
      "y" : 0.0,
      "z" : -13.708204
    } ],
    "faces" : [ {
      "vertices" : [ 0, 1, 2, 3 ]
    }, {
      "vertices" : [ 0, 3, 2, 1 ]
    } ]
  }, {
    "id" : "8538dd82-7f42-4f35-91d7-7437b27b86e0",
    "vertices" : [ {
      "x" : 0.0,
      "y" : 0.0,
      "z" : 0.0
    }, {
      "x" : -4.236068,
      "y" : 6.854102,
      "z" : -11.09017
    }, {
      "x" : -8.472136,
      "y" : 17.944271,
      "z" : -11.09017
    }, {
      "x" : -12.708204,
      "y" : 33.27051,
      "z" : 0.0
    }, {
      "x" : -12.708204,
      "y" : 37.506577,
      "z" : 11.09017
    }, {
      "x" : -8.472136,
      "y" : 30.652475,
      "z" : 22.18034
    }, {
      "x" : -4.236068,
      "y" : 19.562305,
      "z" : 22.18034
    }, {
      "x" : 0.0,
      "y" : 4.236068,
      "z" : 11.09017
    } ],
    "faces" : [ {
      "vertices" : [ 0, 1, 2, 3, 4, 5, 6, 7 ]
    }, {
      "vertices" : [ 0, 7, 6, 5, 4, 3, 2, 1 ]
    } ]
  }, {
    "id" : "d2e54c92-9f3e-4462-9dc9-3257fed83049",
    "vertices" : [ {
      "x" : 0.0,
      "y" : 0.0,
      "z" : 0.0
    }, {
      "x" : -4.236068,
      "y" : 15.326238,
      "z" : 11.09017
    }, {
      "x" : -4.236068,
      "y" : 19.562305,
      "z" : 22.18034
    }, {
      "x" : 0.0,
      "y" : 12.708204,
      "z" : 33.27051
    }, {
      "x" : 4.236068,
      "y" : 1.618034,
      "z" : 33.27051
    }, {
      "x" : 8.472136,
      "y" : -13.708204,
      "z" : 22.18034
    }, {
      "x" : 8.472136,
      "y" : -17.944271,
      "z" : 11.09017
    }, {
      "x" : 4.236068,
      "y" : -11.09017,
      "z" : 0.0
    } ],
    "faces" : [ {
      "vertices" : [ 0, 1, 2, 3, 4, 5, 6, 7 ]
    }, {
      "vertices" : [ 0, 7, 6, 5, 4, 3, 2, 1 ]
    } ]
  }, {
    "id" : "870cea91-ef1d-4676-bf1f-e452a19c74c1",
    "vertices" : [ {
      "x" : 0.0,
      "y" : 0.0,
      "z" : 0.0
    }, {
      "x" : -6.854102,
      "y" : -2.618034,
      "z" : -17.944271
    }, {
      "x" : -4.236068,
      "y" : 15.326238,
      "z" : -11.09017
    } ],
    "faces" : [ {
      "vertices" : [ 0, 1, 2 ]
    }, {
      "vertices" : [ 0, 2, 1 ]
    } ]
  }, {
    "id" : "907a58a0-be28-4398-aa71-b8f679a3ef5d",
    "vertices" : [ {
      "x" : 0.0,
      "y" : 0.0,
      "z" : 0.0
    }, {
      "x" : 0.0,
      "y" : -4.236068,
      "z" : -11.09017
    }, {
      "x" : -4.236068,
      "y" : 2.618034,
      "z" : -22.18034
    }, {
      "x" : -8.472136,
      "y" : 13.708204,
      "z" : -22.18034
    }, {
      "x" : -12.708204,
      "y" : 29.034441,
      "z" : -11.09017
    }, {
      "x" : -12.708204,
      "y" : 33.27051,
      "z" : 0.0
    }, {
      "x" : -8.472136,
      "y" : 26.416409,
      "z" : 11.09017
    }, {
      "x" : -4.236068,
      "y" : 15.326238,
      "z" : 11.09017
    } ],
    "faces" : [ {
      "vertices" : [ 0, 1, 2, 3, 4, 5, 6, 7 ]
    }, {
      "vertices" : [ 0, 7, 6, 5, 4, 3, 2, 1 ]
    } ]
  }, {
    "id" : "e7536b3d-80dd-408d-9696-a3bfcfef076b",
    "vertices" : [ {
      "x" : 0.0,
      "y" : 0.0,
      "z" : 0.0
    }, {
      "x" : 0.0,
      "y" : 4.236068,
      "z" : 11.09017
    }, {
      "x" : 4.236068,
      "y" : -2.618034,
      "z" : 22.18034
    }, {
      "x" : 8.472136,
      "y" : -13.708204,
      "z" : 22.18034
    }, {
      "x" : 12.708204,
      "y" : -29.034441,
      "z" : 11.09017
    }, {
      "x" : 12.708204,
      "y" : -33.27051,
      "z" : 0.0
    }, {
      "x" : 8.472136,
      "y" : -26.416409,
      "z" : -11.09017
    }, {
      "x" : 4.236068,
      "y" : -15.326238,
      "z" : -11.09017
    } ],
    "faces" : [ {
      "vertices" : [ 0, 1, 2, 3, 4, 5, 6, 7 ]
    }, {
      "vertices" : [ 0, 7, 6, 5, 4, 3, 2, 1 ]
    } ]
  }, {
    "id" : "ff68d042-6828-4630-8771-e98e399cab6a",
    "vertices" : [ {
      "x" : 0.0,
      "y" : 0.0,
      "z" : 0.0
    }, {
      "x" : 6.854102,
      "y" : -2.618034,
      "z" : 17.944271
    }, {
      "x" : 2.618034,
      "y" : -17.944271,
      "z" : 6.854102
    } ],
    "faces" : [ {
      "vertices" : [ 0, 1, 2 ]
    }, {
      "vertices" : [ 0, 2, 1 ]
    } ]
  }, {
    "id" : "d6aae037-f19f-411f-b755-028efeaa5a6f",
    "vertices" : [ {
      "x" : 0.0,
      "y" : 0.0,
      "z" : 0.0
    }, {
      "x" : 0.0,
      "y" : 0.0,
      "z" : -13.708204
    }, {
      "x" : 0.0,
      "y" : 13.708204,
      "z" : -13.708204
    }, {
      "x" : 0.0,
      "y" : 13.708204,
      "z" : 0.0
    } ],
    "faces" : [ {
      "vertices" : [ 0, 1, 2, 3 ]
    }, {
      "vertices" : [ 0, 3, 2, 1 ]
    } ]
  }, {
    "id" : "45efaf05-aaf0-4582-a727-34ed374e3166",
    "vertices" : [ {
      "x" : 0.0,
      "y" : 0.0,
      "z" : 0.0
    }, {
      "x" : 4.236068,
      "y" : -15.326238,
      "z" : -11.09017
    }, {
      "x" : 4.236068,
      "y" : -19.562305,
      "z" : -22.18034
    }, {
      "x" : 0.0,
      "y" : -12.708204,
      "z" : -33.27051
    }, {
      "x" : -4.236068,
      "y" : -1.618034,
      "z" : -33.27051
    }, {
      "x" : -8.472136,
      "y" : 13.708204,
      "z" : -22.18034
    }, {
      "x" : -8.472136,
      "y" : 17.944271,
      "z" : -11.09017
    }, {
      "x" : -4.236068,
      "y" : 11.09017,
      "z" : 0.0
    } ],
    "faces" : [ {
      "vertices" : [ 0, 1, 2, 3, 4, 5, 6, 7 ]
    }, {
      "vertices" : [ 0, 7, 6, 5, 4, 3, 2, 1 ]
    } ]
  }, {
    "id" : "b61a895c-58dc-4ee6-9e0f-ffab8e3ddc6c",
    "vertices" : [ {
      "x" : 0.0,
      "y" : 0.0,
      "z" : 0.0
    }, {
      "x" : 4.236068,
      "y" : -6.854102,
      "z" : 11.09017
    }, {
      "x" : 8.472136,
      "y" : -17.944271,
      "z" : 11.09017
    }, {
      "x" : 12.708204,
      "y" : -33.27051,
      "z" : 0.0
    }, {
      "x" : 12.708204,
      "y" : -37.506577,
      "z" : -11.09017
    }, {
      "x" : 8.472136,
      "y" : -30.652475,
      "z" : -22.18034
    }, {
      "x" : 4.236068,
      "y" : -19.562305,
      "z" : -22.18034
    }, {
      "x" : 0.0,
      "y" : -4.236068,
      "z" : -11.09017
    } ],
    "faces" : [ {
      "vertices" : [ 0, 1, 2, 3, 4, 5, 6, 7 ]
    }, {
      "vertices" : [ 0, 7, 6, 5, 4, 3, 2, 1 ]
    } ]
  } ],
  "instances" : [ {
    "shape" : "8a953d11-efca-45c6-86e8-ebd9d8632a46",
    "color" : "#008D36",
    "position" : {
      "x" : -27.416409,
      "y" : -54.832817,
      "z" : -54.832817
    },
    "orientation" : 23
  }, {
    "shape" : "7d0cb342-2562-4fc1-ae18-aa346101e89b",
    "color" : "#FF99FF",
    "position" : {
      "x" : 75.39512,
      "y" : 116.51973,
      "z" : 75.39512
    },
    "orientation" : 37
  }, {
    "shape" : "acad6db3-7dda-4c91-bf30-7516d33832c5",
    "color" : "#F2F2F2",
    "position" : {
      "x" : -95.95743,
      "y" : -95.95743,
      "z" : 54.832817
    }
  }, {
    "shape" : "4622b099-b710-43f1-b39b-0557a5dccf12",
    "color" : "#F0A000",
    "position" : {
      "x" : 198.76895,
      "y" : 34.27051,
      "z" : 47.978714
    },
    "orientation" : 39
  }, {
    "shape" : "8a953d11-efca-45c6-86e8-ebd9d8632a46",
    "color" : "#008D36",
    "position" : {
      "x" : 27.416409,
      "y" : 178.20665,
      "z" : 68.54102
    },
    "orientation" : 53
  }, {
    "shape" : "acad6db3-7dda-4c91-bf30-7516d33832c5",
    "color" : "#F2F2F2",
    "position" : {
      "x" : 89.103325,
      "y" : 34.27051,
      "z" : 157.64435
    }
  }, {
    "shape" : "fc5a2e0c-c467-427e-a1ac-0478c599a828",
    "color" : "#007695",
    "position" : {
      "x" : 34.27051,
      "y" : 157.64435,
      "z" : 75.39512
    },
    "orientation" : 1
  }, {
    "shape" : "9be57080-a680-4529-853b-04c235ef5f56",
    "color" : "#33FFFF",
    "position" : {
      "x" : -157.64435,
      "y" : -47.978714,
      "z" : 89.103325
    },
    "orientation" : 45
  }, {
    "shape" : "1726cf7c-8194-4fe3-a0e5-eea1d205d30c",
    "color" : "#FF99FF",
    "position" : {
      "x" : 54.832817,
      "y" : -13.708204,
      "z" : -150.79024
    },
    "orientation" : 39
  }, {
    "shape" : "785d1147-91c6-4f86-a503-ffeb0348202a",
    "color" : "#FF99FF",
    "position" : {
      "x" : -150.79024,
      "y" : -27.416409,
      "z" : 95.95743
    },
    "orientation" : 5
  }, {
    "shape" : "afd1e9ee-3e0a-4d32-b10f-fff0fc765d88",
    "color" : "#FF99FF",
    "position" : {
      "x" : 34.27051,
      "y" : 34.27051,
      "z" : -34.27051
    },
    "orientation" : 53
  }, {
    "shape" : "55a46fa0-582d-44bc-ad71-6b70efc99a44",
    "color" : "#CCFF00",
    "position" : {
      "x" : 109.665634,
      "y" : 54.832817,
      "z" : -137.08205
    },
    "orientation" : 3
  }, {
    "shape" : "4622b099-b710-43f1-b39b-0557a5dccf12",
    "color" : "#F0A000",
    "position" : {
      "x" : 6.854102,
      "y" : 116.51973,
      "z" : 157.64435
    },
    "orientation" : 24
  }, {
    "shape" : "a7a9da30-9ecf-432e-b765-2e82e961a8ba",
    "color" : "#33FFFF",
    "position" : {
      "x" : 34.27051,
      "y" : -75.39512,
      "z" : 171.35255
    },
    "orientation" : 45
  }, {
    "shape" : "4622b099-b710-43f1-b39b-0557a5dccf12",
    "color" : "#F0A000",
    "position" : {
      "x" : -130.22794,
      "y" : -6.854102,
      "z" : -6.854102
    },
    "orientation" : 19
  }, {
    "shape" : "8a953d11-efca-45c6-86e8-ebd9d8632a46",
    "color" : "#008D36",
    "position" : {
      "x" : 150.79024,
      "y" : 27.416409,
      "z" : 68.54102
    },
    "orientation" : 36
  }, {
    "shape" : "fc5a2e0c-c467-427e-a1ac-0478c599a828",
    "color" : "#008EC2",
    "position" : {
      "x" : 89.103325,
      "y" : -47.978714,
      "z" : 89.103325
    },
    "orientation" : 47
  }, {
    "shape" : "fc5a2e0c-c467-427e-a1ac-0478c599a828",
    "color" : "#008EC2",
    "position" : {
      "x" : 75.39512,
      "y" : 116.51973,
      "z" : -6.854102
    },
    "orientation" : 0
  }, {
    "shape" : "acad6db3-7dda-4c91-bf30-7516d33832c5",
    "color" : "#F2F2F2",
    "position" : {
      "x" : -150.79024,
      "y" : -109.665634,
      "z" : 68.54102
    }
  }, {
    "shape" : "acad6db3-7dda-4c91-bf30-7516d33832c5",
    "color" : "#F2F2F2",
    "position" : {
      "x" : -13.708204,
      "y" : -95.95743,
      "z" : 137.08205
    }
  }, {
    "shape" : "4622b099-b710-43f1-b39b-0557a5dccf12",
    "color" : "#F0A000",
    "position" : {
      "x" : -198.76895,
      "y" : -34.27051,
      "z" : -34.27051
    },
    "orientation" : 9
  }, {
    "shape" : "acad6db3-7dda-4c91-bf30-7516d33832c5",
    "color" : "#F2F2F2",
    "position" : {
      "x" : -27.416409,
      "y" : 178.20665,
      "z" : -13.708204
    }
  }, {
    "shape" : "28aaae88-8042-49c9-b4cd-19e884613ce1",
    "color" : "#CCFF00",
    "position" : {
      "x" : -27.416409,
      "y" : -109.665634,
      "z" : -137.08205
    },
    "orientation" : 9
  }, {
    "shape" : "4622b099-b710-43f1-b39b-0557a5dccf12",
    "color" : "#F0A000",
    "position" : {
      "x" : 171.35255,
      "y" : -75.39512,
      "z" : 34.27051
    },
    "orientation" : 3
  }, {
    "shape" : "4622b099-b710-43f1-b39b-0557a5dccf12",
    "color" : "#F0A000",
    "position" : {
      "x" : -6.854102,
      "y" : -157.64435,
      "z" : 116.51973
    },
    "orientation" : 54
  }, {
    "shape" : "acad6db3-7dda-4c91-bf30-7516d33832c5",
    "color" : "#F2F2F2",
    "position" : {
      "x" : -95.95743,
      "y" : -68.54102,
      "z" : -109.665634
    }
  }, {
    "shape" : "fc5a2e0c-c467-427e-a1ac-0478c599a828",
    "color" : "#008EC2",
    "position" : {
      "x" : 130.22794,
      "y" : -116.51973,
      "z" : 47.978714
    },
    "orientation" : 16
  }, {
    "shape" : "acad6db3-7dda-4c91-bf30-7516d33832c5",
    "color" : "#F2F2F2",
    "position" : {
      "x" : 116.51973,
      "y" : -157.64435,
      "z" : 6.854102
    }
  }, {
    "shape" : "fc5a2e0c-c467-427e-a1ac-0478c599a828",
    "color" : "#008EC2",
    "position" : {
      "x" : -47.978714,
      "y" : 75.39512,
      "z" : -171.35255
    },
    "orientation" : 0
  }, {
    "shape" : "afd1e9ee-3e0a-4d32-b10f-fff0fc765d88",
    "color" : "#FF99FF",
    "position" : {
      "x" : 116.51973,
      "y" : -157.64435,
      "z" : -6.854102
    },
    "orientation" : 38
  }, {
    "shape" : "061b822d-c92e-44a7-90bb-ab86642ce835",
    "color" : "#FF99FF",
    "position" : {
      "x" : -34.27051,
      "y" : -47.978714,
      "z" : -34.27051
    },
    "orientation" : 1
  }, {
    "shape" : "acad6db3-7dda-4c91-bf30-7516d33832c5",
    "color" : "#F2F2F2",
    "position" : {
      "x" : 95.95743,
      "y" : -27.416409,
      "z" : -150.79024
    }
  }, {
    "shape" : "fc5a2e0c-c467-427e-a1ac-0478c599a828",
    "color" : "#008EC2",
    "position" : {
      "x" : 47.978714,
      "y" : 89.103325,
      "z" : -171.35255
    },
    "orientation" : 2
  }, {
    "shape" : "fc5a2e0c-c467-427e-a1ac-0478c599a828",
    "color" : "#008EC2",
    "position" : {
      "x" : -116.51973,
      "y" : 75.39512,
      "z" : 75.39512
    },
    "orientation" : 45
  }, {
    "shape" : "1726cf7c-8194-4fe3-a0e5-eea1d205d30c",
    "color" : "#FF99FF",
    "position" : {
      "x" : -27.416409,
      "y" : -178.20665,
      "z" : -68.54102
    },
    "orientation" : 39
  }, {
    "shape" : "acad6db3-7dda-4c91-bf30-7516d33832c5",
    "color" : "#F2F2F2",
    "position" : {
      "x" : 75.39512,
      "y" : -47.978714,
      "z" : 75.39512
    }
  }, {
    "shape" : "8a953d11-efca-45c6-86e8-ebd9d8632a46",
    "color" : "#00993F",
    "position" : {
      "x" : 150.79024,
      "y" : 68.54102,
      "z" : 27.416409
    },
    "orientation" : 22
  }, {
    "shape" : "a7a9da30-9ecf-432e-b765-2e82e961a8ba",
    "color" : "#FF99FF",
    "position" : {
      "x" : -6.854102,
      "y" : -89.103325,
      "z" : 130.22794
    },
    "orientation" : 47
  }, {
    "shape" : "afd1e9ee-3e0a-4d32-b10f-fff0fc765d88",
    "color" : "#FF99FF",
    "position" : {
      "x" : -171.35255,
      "y" : -47.978714,
      "z" : 6.854102
    },
    "orientation" : 53
  }, {
    "shape" : "fc5a2e0c-c467-427e-a1ac-0478c599a828",
    "color" : "#008EC2",
    "position" : {
      "x" : 89.103325,
      "y" : 47.978714,
      "z" : -6.854102
    },
    "orientation" : 2
  }, {
    "shape" : "8a953d11-efca-45c6-86e8-ebd9d8632a46",
    "color" : "#00993F",
    "position" : {
      "x" : -137.08205,
      "y" : 68.54102,
      "z" : 68.54102
    },
    "orientation" : 22
  }, {
    "shape" : "8a953d11-efca-45c6-86e8-ebd9d8632a46",
    "color" : "#008D36",
    "position" : {
      "x" : 13.708204,
      "y" : -109.665634,
      "z" : 13.708204
    },
    "orientation" : 7
  }, {
    "shape" : "1726cf7c-8194-4fe3-a0e5-eea1d205d30c",
    "color" : "#CCFF00",
    "position" : {
      "x" : -27.416409,
      "y" : 27.416409,
      "z" : 54.832817
    },
    "orientation" : 39
  }, {
    "shape" : "fc5a2e0c-c467-427e-a1ac-0478c599a828",
    "color" : "#008EC2",
    "position" : {
      "x" : 157.64435,
      "y" : 6.854102,
      "z" : 34.27051
    },
    "orientation" : 0
  }, {
    "shape" : "fc5a2e0c-c467-427e-a1ac-0478c599a828",
    "color" : "#008EC2",
    "position" : {
      "x" : -75.39512,
      "y" : 171.35255,
      "z" : -34.27051
    },
    "orientation" : 16
  }, {
    "shape" : "8a953d11-efca-45c6-86e8-ebd9d8632a46",
    "color" : "#008D36",
    "position" : {
      "x" : 54.832817,
      "y" : -13.708204,
      "z" : -150.79024
    },
    "orientation" : 8
  }, {
    "shape" : "8a953d11-efca-45c6-86e8-ebd9d8632a46",
    "color" : "#00993F",
    "position" : {
      "x" : 54.832817,
      "y" : 13.708204,
      "z" : -95.95743
    },
    "orientation" : 23
  }, {
    "shape" : "fc5a2e0c-c467-427e-a1ac-0478c599a828",
    "color" : "#007695",
    "position" : {
      "x" : 75.39512,
      "y" : 34.27051,
      "z" : -75.39512
    },
    "orientation" : 47
  }, {
    "shape" : "fc5a2e0c-c467-427e-a1ac-0478c599a828",
    "color" : "#008EC2",
    "position" : {
      "x" : 6.854102,
      "y" : 34.27051,
      "z" : 171.35255
    },
    "orientation" : 47
  }, {
    "shape" : "4622b099-b710-43f1-b39b-0557a5dccf12",
    "color" : "#F0A000",
    "position" : {
      "x" : -89.103325,
      "y" : 89.103325,
      "z" : -116.51973
    },
    "orientation" : 4
  }, {
    "shape" : "8538dd82-7f42-4f35-91d7-7437b27b86e0",
    "color" : "#FF99FF",
    "position" : {
      "x" : -130.22794,
      "y" : 89.103325,
      "z" : 75.39512
    },
    "orientation" : 7
  }, {
    "shape" : "fc5a2e0c-c467-427e-a1ac-0478c599a828",
    "color" : "#008EC2",
    "position" : {
      "x" : -34.27051,
      "y" : -6.854102,
      "z" : -6.854102
    },
    "orientation" : 45
  }, {
    "shape" : "d2e54c92-9f3e-4462-9dc9-3257fed83049",
    "color" : "#FF99FF",
    "position" : {
      "x" : -95.95743,
      "y" : 68.54102,
      "z" : -54.832817
    },
    "orientation" : 51
  }, {
    "shape" : "4622b099-b710-43f1-b39b-0557a5dccf12",
    "color" : "#F0A000",
    "position" : {
      "x" : 6.854102,
      "y" : 47.978714,
      "z" : 171.35255
    },
    "orientation" : 9
  }, {
    "shape" : "9be57080-a680-4529-853b-04c235ef5f56",
    "color" : "#FF99FF",
    "position" : {
      "x" : -157.64435,
      "y" : -130.22794,
      "z" : 6.854102
    },
    "orientation" : 45
  }, {
    "shape" : "4622b099-b710-43f1-b39b-0557a5dccf12",
    "color" : "#F0A000",
    "position" : {
      "x" : -116.51973,
      "y" : 89.103325,
      "z" : 6.854102
    },
    "orientation" : 9
  }, {
    "shape" : "870cea91-ef1d-4676-bf1f-e452a19c74c1",
    "color" : "#CCFF00",
    "position" : {
      "x" : -54.832817,
      "y" : -54.832817,
      "z" : -137.08205
    },
    "orientation" : 54
  }, {
    "shape" : "acad6db3-7dda-4c91-bf30-7516d33832c5",
    "color" : "#F2F2F2",
    "position" : {
      "x" : -95.95743,
      "y" : 109.665634,
      "z" : 13.708204
    }
  }, {
    "shape" : "4622b099-b710-43f1-b39b-0557a5dccf12",
    "color" : "#F0A000",
    "position" : {
      "x" : 171.35255,
      "y" : -89.103325,
      "z" : 34.27051
    },
    "orientation" : 24
  }, {
    "shape" : "fc5a2e0c-c467-427e-a1ac-0478c599a828",
    "color" : "#008EC2",
    "position" : {
      "x" : -75.39512,
      "y" : -75.39512,
      "z" : -47.978714
    },
    "orientation" : 2
  }, {
    "shape" : "fc5a2e0c-c467-427e-a1ac-0478c599a828",
    "color" : "#008EC2",
    "position" : {
      "x" : -34.27051,
      "y" : 6.854102,
      "z" : -157.64435
    },
    "orientation" : 45
  }, {
    "shape" : "a7a9da30-9ecf-432e-b765-2e82e961a8ba",
    "color" : "#FF99FF",
    "position" : {
      "x" : 116.51973,
      "y" : -157.64435,
      "z" : -6.854102
    },
    "orientation" : 16
  }, {
    "shape" : "acad6db3-7dda-4c91-bf30-7516d33832c5",
    "color" : "#F2F2F2",
    "position" : {
      "x" : 13.708204,
      "y" : 191.91486,
      "z" : 13.708204
    }
  }, {
    "shape" : "afd1e9ee-3e0a-4d32-b10f-fff0fc765d88",
    "color" : "#FF99FF",
    "position" : {
      "x" : 75.39512,
      "y" : 34.27051,
      "z" : 89.103325
    },
    "orientation" : 53
  }, {
    "shape" : "55a46fa0-582d-44bc-ad71-6b70efc99a44",
    "color" : "#CCFF00",
    "position" : {
      "x" : 27.416409,
      "y" : 178.20665,
      "z" : -13.708204
    },
    "orientation" : 3
  }, {
    "shape" : "4622b099-b710-43f1-b39b-0557a5dccf12",
    "color" : "#F0A000",
    "position" : {
      "x" : -157.64435,
      "y" : -89.103325,
      "z" : 34.27051
    },
    "orientation" : 24
  }, {
    "shape" : "acad6db3-7dda-4c91-bf30-7516d33832c5",
    "color" : "#F2F2F2",
    "position" : {
      "x" : 68.54102,
      "y" : -109.665634,
      "z" : 13.708204
    }
  }, {
    "shape" : "1726cf7c-8194-4fe3-a0e5-eea1d205d30c",
    "color" : "#CCFF00",
    "position" : {
      "x" : -109.665634,
      "y" : -137.08205,
      "z" : 54.832817
    },
    "orientation" : 39
  }, {
    "shape" : "907a58a0-be28-4398-aa71-b8f679a3ef5d",
    "color" : "#FF99FF",
    "position" : {
      "x" : 68.54102,
      "y" : 13.708204,
      "z" : 27.416409
    },
    "orientation" : 36
  }, {
